0.0000 0.0000 -0.8173
0.0182 -0.0174 -0.8140
0.0363 -0.0348 -0.8107
0.0545 -0.0522 -0.8075
0.0727 -0.0696 -0.8044
0.0909 -0.0869 -0.8013
0.1091 -0.1042 -0.7984
0.1273 -0.1216 -0.7955
0.1455 -0.1389 -0.7927
0.1637 -0.1561 -0.7900
0.1819 -0.1734 -0.7874
0.2002 -0.1907 -0.7849
0.2184 -0.2079 -0.7824
0.2367 -0.2252 -0.7801
0.2549 -0.2424 -0.7778
0.2731 -0.2596 -0.7756
0.2914 -0.2768 -0.7735
0.3096 -0.2940 -0.7714
0.3279 -0.3112 -0.7695
0.3461 -0.3284 -0.7676
0.3644 -0.3456 -0.7658
0.3827 -0.3627 -0.7641
0.4009 -0.3799 -0.7625
0.4192 -0.3971 -0.7610
0.4374 -0.4142 -0.7595
0.4557 -0.4314 -0.7582
0.4739 -0.4485 -0.7569
0.4922 -0.4656 -0.7557
0.5104 -0.4828 -0.7546
0.5286 -0.4999 -0.7536
0.5469 -0.5170 -0.7526
0.5651 -0.5342 -0.7518
0.5833 -0.5513 -0.7510
0.6015 -0.5684 -0.7503
0.6198 -0.5856 -0.7497
0.6380 -0.6027 -0.7491
0.6562 -0.6198 -0.7487
0.6744 -0.6370 -0.7483
0.6925 -0.6541 -0.7481
0.7107 -0.6712 -0.7479
0.7289 -0.6884 -0.7478
0.7470 -0.7055 -0.7478
0.7652 -0.7227 -0.7478
0.7833 -0.7399 -0.7480
0.8015 -0.7570 -0.7482
0.8196 -0.7742 -0.7486
0.8377 -0.7914 -0.7490
0.8558 -0.8086 -0.7495
0.8738 -0.8258 -0.7500
0.8919 -0.8430 -0.7507
0.9100 -0.8602 -0.7515
0.9280 -0.8774 -0.7523
0.9460 -0.8947 -0.7533
0.9640 -0.9119 -0.7543
0.9820 -0.9292 -0.7554
1.0000 -0.9465 -0.7566
1.0180 -0.9638 -0.7579
1.0359 -0.9811 -0.7592
1.0538 -0.9984 -0.7606
1.0717 -1.0157 -0.7620
1.0896 -1.0331 -0.7634
1.1075 -1.0504 -0.7649
1.1253 -1.0678 -0.7664
1.1432 -1.0852 -0.7678
1.1610 -1.1026 -0.7694
1.1788 -1.1200 -0.7709
1.1965 -1.1375 -0.7725
1.2143 -1.1550 -0.7741
1.2320 -1.1725 -0.7757
1.2497 -1.1900 -0.7773
1.2674 -1.2075 -0.7790
1.2850 -1.2251 -0.7807
1.3027 -1.2426 -0.7824
1.3203 -1.2602 -0.7841
1.3378 -1.2779 -0.7858
1.3554 -1.2955 -0.7876
1.3729 -1.3132 -0.7894
1.3904 -1.3309 -0.7912
1.4079 -1.3486 -0.7930
1.4254 -1.3664 -0.7949
1.4428 -1.3842 -0.7967
1.4602 -1.4020 -0.7986
1.4775 -1.4198 -0.8005
1.4948 -1.4377 -0.8025
1.5122 -1.4556 -0.8044
1.5294 -1.4735 -0.8064
1.5467 -1.4914 -0.8084
1.5639 -1.5094 -0.8104
1.5810 -1.5274 -0.8124
1.5982 -1.5455 -0.8144
1.6153 -1.5636 -0.8165
1.6324 -1.5817 -0.8185
1.6494 -1.5998 -0.8206
1.6664 -1.6180 -0.8227
1.6834 -1.6362 -0.8249
1.7003 -1.6545 -0.8270
1.7172 -1.6728 -0.8291
1.7341 -1.6911 -0.8313
1.7509 -1.7095 -0.8335
1.7677 -1.7279 -0.8357
1.7845 -1.7463 -0.8379
1.8012 -1.7648 -0.8401
1.8179 -1.7833 -0.8423
1.8345 -1.8019 -0.8445
1.8511 -1.8205 -0.8468
1.8677 -1.8391 -0.8491
1.8842 -1.8578 -0.8513
1.9007 -1.8765 -0.8536
1.9171 -1.8953 -0.8559
1.9335 -1.9141 -0.8582
1.9499 -1.9330 -0.8605
1.9662 -1.9519 -0.8628
1.9825 -1.9708 -0.8652
1.9987 -1.9898 -0.8675
2.0149 -2.0089 -0.8699
2.0310 -2.0279 -0.8723
2.0471 -2.0471 -0.8748
2.0631 -2.0663 -0.8773
2.0791 -2.0855 -0.8799
2.0951 -2.1048 -0.8825
2.1110 -2.1241 -0.8851
2.1268 -2.1435 -0.8878
2.1426 -2.1629 -0.8905
2.1584 -2.1824 -0.8932
2.1741 -2.2020 -0.8960
2.1898 -2.2216 -0.8989
2.2054 -2.2412 -0.9018
2.2209 -2.2609 -0.9047
2.2364 -2.2807 -0.9077
2.2519 -2.3005 -0.9107
2.2673 -2.3203 -0.9137
2.2826 -2.3402 -0.9168
2.2979 -2.3602 -0.9200
2.3132 -2.3803 -0.9232
2.3284 -2.4004 -0.9264
2.3435 -2.4205 -0.9297
2.3586 -2.4407 -0.9330
2.3736 -2.4610 -0.9364
2.3886 -2.4813 -0.9399
2.4035 -2.5017 -0.9433
2.4183 -2.5222 -0.9469
2.4331 -2.5427 -0.9504
2.4479 -2.5633 -0.9541
2.4626 -2.5839 -0.9577
2.4772 -2.6046 -0.9615
2.4918 -2.6254 -0.9652
2.5063 -2.6462 -0.9691
2.5207 -2.6671 -0.9729
2.5351 -2.6881 -0.9769
2.5494 -2.7091 -0.9809
2.5637 -2.7302 -0.9849
2.5779 -2.7514 -0.9890
2.5920 -2.7726 -0.9932
2.6061 -2.7939 -0.9974
2.6201 -2.8153 -1.0016
2.6340 -2.8367 -1.0060
2.6478 -2.8582 -1.0104
2.6616 -2.8798 -1.0148
2.6752 -2.9014 -1.0193
2.6888 -2.9231 -1.0239
2.7023 -2.9448 -1.0285
2.7157 -2.9667 -1.0332
2.7291 -2.9885 -1.0379
2.7423 -3.0104 -1.0427
2.7554 -3.0324 -1.0476
2.7684 -3.0545 -1.0525
2.7813 -3.0766 -1.0575
2.7942 -3.0988 -1.0626
2.8069 -3.1210 -1.0677
2.8195 -3.1433 -1.0729
2.8319 -3.1656 -1.0782
2.8443 -3.1880 -1.0835
2.8565 -3.2104 -1.0889
2.8687 -3.2329 -1.0944
2.8807 -3.2555 -1.0999
2.8925 -3.2781 -1.1055
2.9043 -3.3007 -1.1112
2.9159 -3.3235 -1.1170
2.9274 -3.3462 -1.1228
2.9387 -3.3690 -1.1287
2.9499 -3.3919 -1.1347
2.9610 -3.4148 -1.1407
2.9719 -3.4378 -1.1468
2.9826 -3.4608 -1.1531
2.9932 -3.4839 -1.1593
3.0037 -3.5070 -1.1657
3.0140 -3.5302 -1.1721
3.0241 -3.5534 -1.1787
3.0341 -3.5766 -1.1853
3.0439 -3.5999 -1.1919
3.0536 -3.6233 -1.1987
3.0631 -3.6467 -1.2056
3.0724 -3.6701 -1.2125
3.0815 -3.6936 -1.2195
3.0905 -3.7171 -1.2266
3.0993 -3.7407 -1.2338
3.1079 -3.7643 -1.2410
3.1163 -3.7880 -1.2484
3.1245 -3.8116 -1.2558
3.1325 -3.8354 -1.2633
3.1404 -3.8592 -1.2710
3.1480 -3.8830 -1.2786
3.1555 -3.9068 -1.2864
3.1628 -3.9307 -1.2943
3.1698 -3.9546 -1.3023
3.1766 -3.9786 -1.3103
3.1833 -4.0026 -1.3184
3.1897 -4.0266 -1.3267
3.1959 -4.0507 -1.3350
3.2019 -4.0748 -1.3434
3.2077 -4.0990 -1.3519
3.2132 -4.1231 -1.3604
3.2186 -4.1474 -1.3691
3.2237 -4.1716 -1.3779
3.2286 -4.1959 -1.3867
3.2332 -4.2202 -1.3956
3.2376 -4.2445 -1.4046
3.2418 -4.2689 -1.4137
3.2457 -4.2933 -1.4229
3.2494 -4.3177 -1.4322
3.2529 -4.3422 -1.4416
3.2561 -4.3667 -1.4510
3.2590 -4.3912 -1.4605
3.2617 -4.4157 -1.4701
3.2641 -4.4403 -1.4798
3.2663 -4.4649 -1.4896
3.2683 -4.4895 -1.4994
3.2700 -4.5142 -1.5090
3.2715 -4.5388 -1.5185
3.2727 -4.5635 -1.5279
3.2737 -4.5882 -1.5372
3.2745 -4.6130 -1.5464
3.2750 -4.6377 -1.5554
3.2753 -4.6625 -1.5643
3.2754 -4.6873 -1.5731
3.2753 -4.7121 -1.5818
3.2750 -4.7369 -1.5904
3.2744 -4.7617 -1.5988
3.2736 -4.7866 -1.6071
3.2727 -4.8114 -1.6153
3.2715 -4.8363 -1.6233
3.2701 -4.8612 -1.6312
3.2686 -4.8861 -1.6390
3.2668 -4.9110 -1.6467
3.2648 -4.9359 -1.6542
3.2627 -4.9608 -1.6617
3.2604 -4.9857 -1.6690
3.2579 -5.0107 -1.6761
3.2552 -5.0356 -1.6832
3.2523 -5.0606 -1.6901
3.2493 -5.0855 -1.6969
3.2461 -5.1104 -1.7036
3.2427 -5.1354 -1.7101
3.2391 -5.1603 -1.7166
3.2354 -5.1853 -1.7229
3.2316 -5.2102 -1.7291
3.2276 -5.2352 -1.7351
3.2234 -5.2601 -1.7411
3.2191 -5.2850 -1.7469
3.2146 -5.3100 -1.7526
3.2100 -5.3349 -1.7582
3.2053 -5.3598 -1.7637
3.2004 -5.3847 -1.7691
3.1954 -5.4096 -1.7743
3.1902 -5.4345 -1.7795
3.1850 -5.4594 -1.7845
3.1796 -5.4843 -1.7894
3.1740 -5.5091 -1.7942
3.1684 -5.5340 -1.7989
3.1627 -5.5588 -1.8034
3.1568 -5.5836 -1.8079
3.1508 -5.6084 -1.8122
3.1447 -5.6332 -1.8165
3.1385 -5.6579 -1.8206
3.1323 -5.6827 -1.8246
3.1259 -5.7074 -1.8285
3.1194 -5.7321 -1.8324
3.1128 -5.7568 -1.8361
3.1062 -5.7814 -1.8397
3.0994 -5.8061 -1.8432
3.0926 -5.8307 -1.8466
3.0857 -5.8553 -1.8498
3.0787 -5.8798 -1.8530
3.0716 -5.9043 -1.8562
3.0645 -5.9288 -1.8593
3.0573 -5.9533 -1.8623
3.0500 -5.9778 -1.8654
3.0427 -6.0022 -1.8684
3.0353 -6.0266 -1.8713
3.0278 -6.0509 -1.8743
3.0203 -6.0753 -1.8772
3.0127 -6.0996 -1.8801
3.0050 -6.1238 -1.8830
2.9973 -6.1481 -1.8858
2.9895 -6.1723 -1.8886
2.9816 -6.1965 -1.8914
2.9737 -6.2207 -1.8942
2.9657 -6.2448 -1.8969
2.9577 -6.2689 -1.8996
2.9495 -6.2930 -1.9023
2.9414 -6.3170 -1.9050
2.9331 -6.3411 -1.9076
2.9248 -6.3651 -1.9102
2.9164 -6.3890 -1.9128
2.9080 -6.4130 -1.9154
2.8995 -6.4369 -1.9179
2.8910 -6.4607 -1.9204
2.8824 -6.4846 -1.9229
2.8737 -6.5084 -1.9254
2.8650 -6.5322 -1.9278
2.8562 -6.5560 -1.9302
2.8474 -6.5797 -1.9326
2.8385 -6.6034 -1.9350
2.8295 -6.6271 -1.9373
2.8205 -6.6508 -1.9397
2.8115 -6.6744 -1.9420
2.8024 -6.6980 -1.9442
2.7932 -6.7216 -1.9465
2.7840 -6.7451 -1.9487
2.7747 -6.7686 -1.9509
2.7654 -6.7921 -1.9531
2.7560 -6.8156 -1.9553
2.7466 -6.8390 -1.9574
2.7371 -6.8624 -1.9596
2.7275 -6.8858 -1.9617
2.7179 -6.9091 -1.9638
2.7083 -6.9324 -1.9658
2.6986 -6.9557 -1.9679
2.6889 -6.9790 -1.9699
2.6791 -7.0022 -1.9719
2.6693 -7.0254 -1.9739
2.6594 -7.0486 -1.9758
2.6495 -7.0717 -1.9778
2.6395 -7.0948 -1.9797
2.6295 -7.1179 -1.9816
2.6194 -7.1410 -1.9835
2.6093 -7.1640 -1.9853
2.5991 -7.1870 -1.9872
2.5889 -7.2100 -1.9890
2.5787 -7.2330 -1.9908
2.5684 -7.2559 -1.9926
2.5581 -7.2788 -1.9944
2.5477 -7.3016 -1.9962
2.5373 -7.3245 -1.9980
2.5268 -7.3473 -1.9998
2.5163 -7.3701 -2.0015
2.5058 -7.3928 -2.0033
2.4952 -7.4155 -2.0050
2.4846 -7.4382 -2.0068
2.4739 -7.4609 -2.0085
2.4632 -7.4835 -2.0103
2.4525 -7.5061 -2.0120
2.4417 -7.5287 -2.0137
2.4309 -7.5513 -2.0155
2.4200 -7.5738 -2.0172
2.4092 -7.5963 -2.0189
2.3982 -7.6187 -2.0206
2.3873 -7.6412 -2.0223
2.3763 -7.6636 -2.0239
2.3653 -7.6860 -2.0256
2.3542 -7.7083 -2.0273
2.3431 -7.7306 -2.0289
2.3320 -7.7529 -2.0306
2.3208 -7.7752 -2.0322
2.3096 -7.7975 -2.0339
2.2984 -7.8197 -2.0355
2.2871 -7.8418 -2.0371
2.2758 -7.8640 -2.0388
2.2645 -7.8861 -2.0404
2.2532 -7.9082 -2.0420
2.2418 -7.9303 -2.0436
2.2304 -7.9523 -2.0452
2.2190 -7.9744 -2.0468
2.2075 -7.9963 -2.0483
2.1960 -8.0183 -2.0499
2.1845 -8.0402 -2.0515
2.1729 -8.0621 -2.0530
2.1614 -8.0840 -2.0545
2.1498 -8.1058 -2.0561
2.1382 -8.1277 -2.0576
2.1265 -8.1494 -2.0591
2.1148 -8.1712 -2.0606
2.1031 -8.1929 -2.0622
2.0914 -8.2146 -2.0637
2.0797 -8.2363 -2.0651
2.0679 -8.2579 -2.0666
2.0561 -8.2796 -2.0681
2.0443 -8.3012 -2.0696
2.0325 -8.3227 -2.0710
2.0206 -8.3442 -2.0725
2.0088 -8.3657 -2.0739
1.9969 -8.3872 -2.0754
1.9850 -8.4087 -2.0768
1.9731 -8.4301 -2.0782
1.9611 -8.4515 -2.0796
1.9492 -8.4728 -2.0810
1.9372 -8.4942 -2.0824
1.9252 -8.5155 -2.0838
1.9132 -8.5368 -2.0852
1.9011 -8.5580 -2.0865
1.8891 -8.5792 -2.0879
1.8770 -8.6004 -2.0893
1.8650 -8.6216 -2.0906
1.8529 -8.6427 -2.0919
1.8408 -8.6638 -2.0933
1.8286 -8.6849 -2.0946
1.8165 -8.7059 -2.0959
1.8044 -8.7270 -2.0972
1.7922 -8.7480 -2.0985
1.7800 -8.7689 -2.0998
1.7678 -8.7899 -2.1010
1.7556 -8.8108 -2.1023
1.7434 -8.8317 -2.1036
1.7311 -8.8525 -2.1048
1.7189 -8.8734 -2.1061
1.7066 -8.8942 -2.1073
1.6943 -8.9150 -2.1085
1.6820 -8.9357 -2.1097
1.6697 -8.9564 -2.1109
1.6574 -8.9772 -2.1121
1.6451 -8.9978 -2.1133
1.6327 -9.0185 -2.1145
1.6203 -9.0391 -2.1157
1.6080 -9.0597 -2.1169
1.5956 -9.0803 -2.1180
1.5832 -9.1008 -2.1192
1.5707 -9.1213 -2.1203
1.5583 -9.1418 -2.1214
1.5458 -9.1623 -2.1225
1.5334 -9.1828 -2.1236
1.5209 -9.2032 -2.1247
1.5084 -9.2236 -2.1258
1.4959 -9.2440 -2.1269
1.4834 -9.2643 -2.1280
1.4708 -9.2846 -2.1291
1.4583 -9.3049 -2.1301
1.4457 -9.3252 -2.1312
1.4331 -9.3455 -2.1322
1.4206 -9.3657 -2.1332
1.4080 -9.3859 -2.1342
1.3953 -9.4061 -2.1353
1.3827 -9.4262 -2.1363
1.3701 -9.4464 -2.1372
1.3574 -9.4665 -2.1382
1.3447 -9.4866 -2.1392
1.3321 -9.5066 -2.1402
1.3194 -9.5267 -2.1411
1.3067 -9.5467 -2.1421
1.2939 -9.5667 -2.1430
1.2812 -9.5866 -2.1439
1.2685 -9.6066 -2.1448
1.2557 -9.6265 -2.1458
1.2429 -9.6464 -2.1467
1.2301 -9.6663 -2.1476
1.2174 -9.6862 -2.1485
1.2045 -9.7060 -2.1494
1.1917 -9.7258 -2.1503
1.1789 -9.7456 -2.1511
1.1660 -9.7654 -2.1520
1.1532 -9.7851 -2.1529
1.1403 -9.8049 -2.1538
1.1274 -9.8246 -2.1547
1.1145 -9.8443 -2.1555
1.1016 -9.8639 -2.1564
1.0887 -9.8836 -2.1573
1.0758 -9.9032 -2.1581
1.0628 -9.9228 -2.1590
1.0499 -9.9424 -2.1598
1.0369 -9.9620 -2.1607
1.0239 -9.9815 -2.1615
1.0110 -10.0010 -2.1624
0.9980 -10.0205 -2.1632
0.9849 -10.0400 -2.1640
0.9719 -10.0595 -2.1649
0.9589 -10.0789 -2.1657
0.9458 -10.0984 -2.1665
0.9328 -10.1178 -2.1673
0.9197 -10.1371 -2.1682
0.9066 -10.1565 -2.1690
0.8935 -10.1759 -2.1698
0.8804 -10.1952 -2.1706
0.8673 -10.2145 -2.1714
0.8542 -10.2338 -2.1722
0.8411 -10.2531 -2.1730
0.8279 -10.2723 -2.1738
0.8148 -10.2916 -2.1745
0.8016 -10.3108 -2.1753
0.7884 -10.3300 -2.1761
0.7752 -10.3491 -2.1769
0.7620 -10.3683 -2.1776
0.7488 -10.3875 -2.1784
0.7356 -10.4066 -2.1792
0.7223 -10.4257 -2.1799
0.7091 -10.4448 -2.1807
0.6959 -10.4639 -2.1814
0.6826 -10.4829 -2.1822
0.6693 -10.5020 -2.1829
0.6560 -10.5210 -2.1836
0.6427 -10.5400 -2.1844
0.6294 -10.5590 -2.1851
0.6161 -10.5779 -2.1858
0.6028 -10.5969 -2.1866
0.5895 -10.6158 -2.1873
0.5761 -10.6348 -2.1880
0.5628 -10.6537 -2.1887
0.5494 -10.6726 -2.1894
0.5360 -10.6914 -2.1901
0.5226 -10.7103 -2.1908
0.5092 -10.7291 -2.1915
0.4958 -10.7480 -2.1922
0.4824 -10.7668 -2.1928
0.4690 -10.7856 -2.1935
0.4556 -10.8044 -2.1942
0.4421 -10.8231 -2.1949
0.4287 -10.8419 -2.1955
0.4152 -10.8606 -2.1962
0.4017 -10.8793 -2.1969
0.3883 -10.8980 -2.1975
0.3748 -10.9167 -2.1982
0.3613 -10.9354 -2.1988
0.3478 -10.9541 -2.1994
0.3342 -10.9727 -2.2001
0.3207 -10.9914 -2.2007
0.3072 -11.0100 -2.2013
0.2936 -11.0286 -2.2020
0.2801 -11.0472 -2.2026
0.2665 -11.0658 -2.2032
0.2530 -11.0843 -2.2038
0.2394 -11.1029 -2.2044
0.2258 -11.1214 -2.2050
0.2122 -11.1400 -2.2056
0.1986 -11.1585 -2.2062
0.1850 -11.1770 -2.2068
0.1714 -11.1955 -2.2074
0.1577 -11.2139 -2.2080
0.1441 -11.2324 -2.2085
0.1305 -11.2508 -2.2091
0.1168 -11.2693 -2.2097
0.1032 -11.2877 -2.2102
0.0895 -11.3061 -2.2108
0.0758 -11.3245 -2.2113
0.0621 -11.3429 -2.2119
0.0484 -11.3613 -2.2124
0.0347 -11.3797 -2.2130
0.0210 -11.3980 -2.2135
0.0073 -11.4164 -2.2140
-0.0064 -11.4347 -2.2146
-0.0201 -11.4530 -2.2151
-0.0339 -11.4713 -2.2156
-0.0476 -11.4896 -2.2161
-0.0614 -11.5079 -2.2166
-0.0752 -11.5262 -2.2171
-0.0889 -11.5445 -2.2176
-0.1027 -11.5627 -2.2181
-0.1165 -11.5810 -2.2186
-0.1303 -11.5992 -2.2191
-0.1441 -11.6174 -2.2196
-0.1579 -11.6356 -2.2201
-0.1717 -11.6538 -2.2205
-0.1855 -11.6720 -2.2210
-0.1993 -11.6902 -2.2215
-0.2132 -11.7084 -2.2219
-0.2270 -11.7266 -2.2224
-0.2408 -11.7447 -2.2228
-0.2547 -11.7629 -2.2233
-0.2686 -11.7810 -2.2237
-0.2824 -11.7991 -2.2241
-0.2963 -11.8173 -2.2246
-0.3102 -11.8354 -2.2250
-0.3241 -11.8535 -2.2254
-0.3380 -11.8716 -2.2258
-0.3519 -11.8897 -2.2262
-0.3658 -11.9078 -2.2267
-0.3797 -11.9258 -2.2271
-0.3936 -11.9439 -2.2275
-0.4075 -11.9619 -2.2279
-0.4214 -11.9800 -2.2282
-0.4354 -11.9980 -2.2286
-0.4493 -12.0161 -2.2290
-0.4633 -12.0341 -2.2294
-0.4772 -12.0521 -2.2297
-0.4912 -12.0701 -2.2301
-0.5052 -12.0881 -2.2305
-0.5191 -12.1061 -2.2308
-0.5331 -12.1241 -2.2312
-0.5471 -12.1421 -2.2315
-0.5611 -12.1601 -2.2319
-0.5751 -12.1780 -2.2322
-0.5891 -12.1960 -2.2325
-0.6031 -12.2140 -2.2329
-0.6171 -12.2319 -2.2332
-0.6311 -12.2499 -2.2335
-0.6451 -12.2678 -2.2338
-0.6591 -12.2857 -2.2341
-0.6732 -12.3037 -2.2344
-0.6872 -12.3216 -2.2347
-0.7013 -12.3395 -2.2350
-0.7153 -12.3574 -2.2353
-0.7294 -12.3753 -2.2356
-0.7434 -12.3932 -2.2359
-0.7575 -12.4111 -2.2362
-0.7715 -12.4290 -2.2364
-0.7856 -12.4469 -2.2367
-0.7997 -12.4648 -2.2370
-0.8138 -12.4827 -2.2372
-0.8278 -12.5005 -2.2375
-0.8419 -12.5184 -2.2377
-0.8560 -12.5363 -2.2380
-0.8701 -12.5541 -2.2382
-0.8842 -12.5720 -2.2384
-0.8983 -12.5898 -2.2387
-0.9125 -12.6077 -2.2389
-0.9266 -12.6255 -2.2391
-0.9407 -12.6434 -2.2393
-0.9548 -12.6612 -2.2395
-0.9689 -12.6791 -2.2397
-0.9831 -12.6969 -2.2399
-0.9972 -12.7147 -2.2401
-1.0113 -12.7325 -2.2403
-1.0255 -12.7504 -2.2405
-1.0396 -12.7682 -2.2407
-1.0538 -12.7860 -2.2409
-1.0679 -12.8038 -2.2410
-1.0821 -12.8216 -2.2412
-1.0963 -12.8395 -2.2414
-1.1104 -12.8573 -2.2415
-1.1246 -12.8751 -2.2417
-1.1388 -12.8929 -2.2418
-1.1529 -12.9107 -2.2420
-1.1671 -12.9285 -2.2421
-1.1813 -12.9463 -2.2422
-1.1955 -12.9641 -2.2424
-1.2097 -12.9819 -2.2425
-1.2239 -12.9997 -2.2426
-1.2381 -13.0175 -2.2427
-1.2523 -13.0353 -2.2428
-1.2665 -13.0531 -2.2429
-1.2807 -13.0709 -2.2430
-1.2949 -13.0887 -2.2431
-1.3091 -13.1065 -2.2432
-1.3233 -13.1243 -2.2433
-1.3375 -13.1421 -2.2434
-1.3517 -13.1599 -2.2435
-1.3660 -13.1777 -2.2435
-1.3802 -13.1954 -2.2436
-1.3944 -13.2132 -2.2436
-1.4086 -13.2310 -2.2437
-1.4229 -13.2488 -2.2438
-1.4371 -13.2666 -2.2438
-1.4513 -13.2844 -2.2438
-1.4656 -13.3022 -2.2439
-1.4798 -13.3200 -2.2439
-1.4940 -13.3378 -2.2439
-1.5083 -13.3556 -2.2440
-1.5225 -13.3734 -2.2440
-1.5368 -13.3912 -2.2440
-1.5510 -13.4090 -2.2440
-1.5653 -13.4268 -2.2440
-1.5795 -13.4447 -2.2440
-1.5938 -13.4625 -2.2440
-1.6081 -13.4803 -2.2440
-1.6223 -13.4981 -2.2440
-1.6366 -13.5159 -2.2440
-1.6508 -13.5337 -2.2439
-1.6651 -13.5516 -2.2439
-1.6794 -13.5694 -2.2439
-1.6936 -13.5872 -2.2438
-1.7079 -13.6050 -2.2438
-1.7222 -13.6229 -2.2437
-1.7364 -13.6407 -2.2437
-1.7507 -13.6585 -2.2436
-1.7650 -13.6764 -2.2436
-1.7792 -13.6942 -2.2435
-1.7935 -13.7121 -2.2434
-1.8078 -13.7299 -2.2433
-1.8221 -13.7478 -2.2433
-1.8363 -13.7657 -2.2432
-1.8506 -13.7835 -2.2431
-1.8649 -13.8014 -2.2430
-1.8792 -13.8193 -2.2429
-1.8935 -13.8372 -2.2428
-1.9077 -13.8550 -2.2427
-1.9220 -13.8729 -2.2426
-1.9363 -13.8908 -2.2424
-1.9506 -13.9087 -2.2423
-1.9649 -13.9266 -2.2422
-1.9791 -13.9445 -2.2420
-1.9934 -13.9624 -2.2419
-2.0077 -13.9804 -2.2418
-2.0220 -13.9983 -2.2416
-2.0363 -14.0162 -2.2415
-2.0506 -14.0341 -2.2413
-2.0648 -14.0521 -2.2411
-2.0791 -14.0700 -2.2410
-2.0934 -14.0880 -2.2408
-2.1077 -14.1059 -2.2406
-2.1220 -14.1239 -2.2405
-2.1363 -14.1419 -2.2403
-2.1505 -14.1599 -2.2401
-2.1648 -14.1778 -2.2399
-2.1791 -14.1958 -2.2397
-2.1934 -14.2138 -2.2395
-2.2077 -14.2318 -2.2393
-2.2220 -14.2499 -2.2391
-2.2362 -14.2679 -2.2388
-2.2505 -14.2859 -2.2386
-2.2648 -14.3039 -2.2384
-2.2791 -14.3220 -2.2382
-2.2933 -14.3400 -2.2379
-2.3076 -14.3581 -2.2377
-2.3219 -14.3762 -2.2374
-2.3362 -14.3942 -2.2372
-2.3504 -14.4123 -2.2369
-2.3647 -14.4304 -2.2367
-2.3790 -14.4485 -2.2364
-2.3933 -14.4666 -2.2361
-2.4075 -14.4847 -2.2359
-2.4218 -14.5028 -2.2356
-2.4361 -14.5210 -2.2353
-2.4503 -14.5391 -2.2350
-2.4646 -14.5573 -2.2347
-2.4788 -14.5754 -2.2344
-2.4931 -14.5936 -2.2341
-2.5074 -14.6118 -2.2338
-2.5216 -14.6300 -2.2335
-2.5359 -14.6482 -2.2332
-2.5501 -14.6664 -2.2329
-2.5644 -14.6846 -2.2326
-2.5786 -14.7028 -2.2322
-2.5929 -14.7211 -2.2319
-2.6071 -14.7393 -2.2316
-2.6214 -14.7576 -2.2312
-2.6356 -14.7758 -2.2309
-2.6498 -14.7941 -2.2305
-2.6641 -14.8124 -2.2302
-2.6783 -14.8307 -2.2298
-2.6925 -14.8490 -2.2295
-2.7068 -14.8674 -2.2291
-2.7210 -14.8857 -2.2287
-2.7352 -14.9040 -2.2284
-2.7494 -14.9224 -2.2280
-2.7637 -14.9408 -2.2276
-2.7779 -14.9591 -2.2272
-2.7921 -14.9775 -2.2268
-2.8063 -14.9959 -2.2264
-2.8205 -15.0144 -2.2260
-2.8347 -15.0328 -2.2256
-2.8489 -15.0512 -2.2252
-2.8631 -15.0697 -2.2248
-2.8773 -15.0881 -2.2244
-2.8915 -15.1066 -2.2239
-2.9057 -15.1251 -2.2235
-2.9199 -15.1436 -2.2231
-2.9341 -15.1621 -2.2226
-2.9483 -15.1807 -2.2222
-2.9625 -15.1992 -2.2218
-2.9766 -15.2178 -2.2213
-2.9908 -15.2363 -2.2208
-3.0050 -15.2549 -2.2204
-3.0191 -15.2735 -2.2199
-3.0333 -15.2921 -2.2195
-3.0475 -15.3107 -2.2190
-3.0616 -15.3294 -2.2185
-3.0758 -15.3480 -2.2180
-3.0899 -15.3667 -2.2176
-3.1040 -15.3854 -2.2171
-3.1182 -15.4041 -2.2166
-3.1323 -15.4228 -2.2161
-3.1465 -15.4415 -2.2156
-3.1606 -15.4603 -2.2151
-3.1747 -15.4790 -2.2146
-3.1888 -15.4978 -2.2140
-3.2029 -15.5166 -2.2135
-3.2171 -15.5354 -2.2130
-3.2312 -15.5542 -2.2125
-3.2453 -15.5730 -2.2120
-3.2594 -15.5919 -2.2114
-3.2735 -15.6107 -2.2109
-3.2875 -15.6296 -2.2103
-3.3016 -15.6485 -2.2098
-3.3157 -15.6674 -2.2092
-3.3298 -15.6863 -2.2087
-3.3438 -15.7053 -2.2081
-3.3579 -15.7242 -2.2076
-3.3720 -15.7432 -2.2070
-3.3860 -15.7622 -2.2064
-3.4001 -15.7812 -2.2059
-3.4141 -15.8002 -2.2053
-3.4282 -15.8193 -2.2047
-3.4422 -15.8384 -2.2041
-3.4562 -15.8574 -2.2035
-3.4703 -15.8765 -2.2029
-3.4843 -15.8956 -2.2023
-3.4983 -15.9148 -2.2017
-3.5123 -15.9339 -2.2011
-3.5263 -15.9531 -2.2005
-3.5403 -15.9723 -2.1999
-3.5543 -15.9915 -2.1993
-3.5683 -16.0107 -2.1987
-3.5823 -16.0299 -2.1980
-3.5962 -16.0492 -2.1974
-3.6102 -16.0685 -2.1968
-3.6242 -16.0878 -2.1961
-3.6381 -16.1071 -2.1955
-3.6521 -16.1264 -2.1949
-3.6660 -16.1458 -2.1942
-3.6800 -16.1651 -2.1936
-3.6939 -16.1845 -2.1929
-3.7079 -16.2039 -2.1922
-3.7218 -16.2234 -2.1916
-3.7357 -16.2428 -2.1909
-3.7496 -16.2623 -2.1902
-3.7635 -16.2818 -2.1896
-3.7774 -16.3013 -2.1889
-3.7913 -16.3208 -2.1882
-3.8052 -16.3404 -2.1875
-3.8191 -16.3599 -2.1868
-3.8329 -16.3795 -2.1861
-3.8468 -16.3991 -2.1854
-3.8607 -16.4187 -2.1847
-3.8745 -16.4384 -2.1840
-3.8884 -16.4581 -2.1833
-3.9022 -16.4778 -2.1826
-3.9160 -16.4975 -2.1819
-3.9299 -16.5172 -2.1812
-3.9437 -16.5370 -2.1805
-3.9575 -16.5568 -2.1797
-3.9713 -16.5766 -2.1790
-3.9851 -16.5964 -2.1783
-3.9989 -16.6162 -2.1776
-4.0127 -16.6361 -2.1768
-4.0264 -16.6560 -2.1761
-4.0402 -16.6759 -2.1753
-4.0540 -16.6958 -2.1746
-4.0677 -16.7158 -2.1738
-4.0815 -16.7357 -2.1731
-4.0952 -16.7557 -2.1723
-4.1089 -16.7758 -2.1715
-4.1227 -16.7958 -2.1708
-4.1364 -16.8159 -2.1700
-4.1501 -16.8360 -2.1692
-4.1638 -16.8561 -2.1685
-4.1775 -16.8762 -2.1677
-4.1911 -16.8964 -2.1669
-4.2048 -16.9166 -2.1661
-4.2185 -16.9368 -2.1653
-4.2322 -16.9570 -2.1645
-4.2458 -16.9773 -2.1637
-4.2594 -16.9976 -2.1629
-4.2731 -17.0179 -2.1621
-4.2867 -17.0382 -2.1613
-4.3003 -17.0585 -2.1605
-4.3139 -17.0789 -2.1597
-4.3275 -17.0993 -2.1589
-4.3411 -17.1198 -2.1581
-4.3547 -17.1402 -2.1572
-4.3683 -17.1607 -2.1564
-4.3819 -17.1812 -2.1556
-4.3954 -17.2017 -2.1547
-4.4090 -17.2223 -2.1539
-4.4225 -17.2429 -2.1531
-4.4360 -17.2635 -2.1522
-4.4496 -17.2841 -2.1514
-4.4631 -17.3047 -2.1505
-4.4766 -17.3254 -2.1497
-4.4901 -17.3461 -2.1488
-4.5036 -17.3669 -2.1480
-4.5171 -17.3876 -2.1471
-4.5305 -17.4084 -2.1463
-4.5440 -17.4292 -2.1454
-4.5574 -17.4501 -2.1445
-4.5709 -17.4709 -2.1437
-4.5843 -17.4918 -2.1428
-4.5977 -17.5128 -2.1419
-4.6111 -17.5337 -2.1410
-4.6245 -17.5547 -2.1401
-4.6379 -17.5757 -2.1393
-4.6513 -17.5967 -2.1384
-4.6647 -17.6178 -2.1375
-4.6781 -17.6389 -2.1366
-4.6914 -17.6600 -2.1357
-4.7048 -17.6811 -2.1348
-4.7181 -17.7023 -2.1339
-4.7314 -17.7235 -2.1330
-4.7447 -17.7447 -2.1321
-4.7580 -17.7660 -2.1312
-4.7713 -17.7872 -2.1302
-4.7846 -17.8086 -2.1293
-4.7979 -17.8299 -2.1284
-4.8111 -17.8513 -2.1275
-4.8244 -17.8727 -2.1266
-4.8376 -17.8941 -2.1256
-4.8509 -17.9155 -2.1247
-4.8641 -17.9370 -2.1238
-4.8773 -17.9585 -2.1228
-4.8905 -17.9801 -2.1219
-4.9037 -18.0017 -2.1210
-4.9169 -18.0233 -2.1200
-4.9300 -18.0449 -2.1191
-4.9432 -18.0666 -2.1181
-4.9563 -18.0883 -2.1172
-4.9695 -18.1100 -2.1162
-4.9826 -18.1317 -2.1153
-4.9957 -18.1535 -2.1143
-5.0088 -18.1753 -2.1133
-5.0219 -18.1972 -2.1124
-5.0350 -18.2191 -2.1114
-5.0481 -18.2410 -2.1104
-5.0611 -18.2629 -2.1094
-5.0742 -18.2849 -2.1085
-5.0872 -18.3069 -2.1075
-5.1002 -18.3289 -2.1065
-5.1132 -18.3510 -2.1055
-5.1262 -18.3731 -2.1045
-5.1392 -18.3952 -2.1035
-5.1522 -18.4174 -2.1025
-5.1651 -18.4396 -2.1015
-5.1781 -18.4618 -2.1005
-5.1910 -18.4841 -2.0994
-5.2040 -18.5063 -2.0984
-5.2169 -18.5287 -2.0974
-5.2298 -18.5510 -2.0964
-5.2427 -18.5734 -2.0953
-5.2556 -18.5958 -2.0943
-5.2684 -18.6183 -2.0933
-5.2813 -18.6408 -2.0922
-5.2941 -18.6633 -2.0912
-5.3070 -18.6858 -2.0901
-5.3198 -18.7084 -2.0891
-5.3326 -18.7310 -2.0880
-5.3454 -18.7537 -2.0869
-5.3582 -18.7764 -2.0859
-5.3709 -18.7991 -2.0848
-5.3837 -18.8219 -2.0837
-5.3964 -18.8447 -2.0827
-5.4092 -18.8675 -2.0816
-5.4219 -18.8903 -2.0805
-5.4346 -18.9132 -2.0794
-5.4473 -18.9362 -2.0783
-5.4600 -18.9591 -2.0773
-5.4726 -18.9821 -2.0762
-5.4853 -19.0051 -2.0751
-5.4979 -19.0282 -2.0740
-5.5106 -19.0513 -2.0729
-5.5232 -19.0745 -2.0718
-5.5358 -19.0976 -2.0707
-5.5484 -19.1208 -2.0695
-5.5609 -19.1441 -2.0684
-5.5735 -19.1674 -2.0673
-5.5860 -19.1907 -2.0662
-5.5986 -19.2140 -2.0651
-5.6111 -19.2374 -2.0639
-5.6236 -19.2608 -2.0628
-5.6361 -19.2843 -2.0617
-5.6486 -19.3078 -2.0605
-5.6610 -19.3313 -2.0594
-5.6735 -19.3549 -2.0583
-5.6859 -19.3785 -2.0571
-5.6983 -19.4022 -2.0560
-5.7108 -19.4258 -2.0548
-5.7232 -19.4496 -2.0537
-5.7355 -19.4733 -2.0525
-5.7479 -19.4971 -2.0514
-5.7603 -19.5209 -2.0502
-5.7726 -19.5448 -2.0491
-5.7849 -19.5687 -2.0479
-5.7972 -19.5927 -2.0467
-5.8095 -19.6166 -2.0456
-5.8218 -19.6407 -2.0444
-5.8341 -19.6647 -2.0432
-5.8463 -19.6888 -2.0420
-5.8586 -19.7129 -2.0409
-5.8708 -19.7371 -2.0397
-5.8830 -19.7613 -2.0385
-5.8952 -19.7856 -2.0373
-5.9074 -19.8099 -2.0361
-5.9195 -19.8342 -2.0349
-5.9317 -19.8586 -2.0337
-5.9438 -19.8830 -2.0325
-5.9559 -19.9074 -2.0313
-5.9680 -19.9319 -2.0301
-5.9801 -19.9564 -2.0289
-5.9922 -19.9810 -2.0277
-6.0042 -20.0056 -2.0265
-6.0163 -20.0303 -2.0253
-6.0283 -20.0550 -2.0241
-6.0403 -20.0797 -2.0229
-6.0523 -20.1044 -2.0217
-6.0643 -20.1293 -2.0205
-6.0763 -20.1541 -2.0192
-6.0882 -20.1790 -2.0180
-6.1001 -20.2039 -2.0168
-6.1121 -20.2289 -2.0156
-6.1240 -20.2539 -2.0143
-6.1359 -20.2790 -2.0131
-6.1477 -20.3040 -2.0119
-6.1596 -20.3292 -2.0107
-6.1714 -20.3544 -2.0094
-6.1832 -20.3796 -2.0082
-6.1950 -20.4048 -2.0070
-6.2068 -20.4301 -2.0057
-6.2186 -20.4555 -2.0045
-6.2304 -20.4809 -2.0032
-6.2421 -20.5063 -2.0020
-6.2538 -20.5318 -2.0007
-6.2655 -20.5573 -1.9995
-6.2772 -20.5828 -1.9982
-6.2889 -20.6084 -1.9970
-6.3006 -20.6341 -1.9957
-6.3122 -20.6598 -1.9945
-6.3238 -20.6855 -1.9932
-6.3354 -20.7113 -1.9920
-6.3470 -20.7371 -1.9907
-6.3586 -20.7629 -1.9895
-6.3702 -20.7888 -1.9882
-6.3817 -20.8148 -1.9869
-6.3932 -20.8408 -1.9857
-6.4047 -20.8668 -1.9844
-6.4162 -20.8929 -1.9831
-6.4277 -20.9190 -1.9819
-6.4392 -20.9452 -1.9806
-6.4506 -20.9714 -1.9793
-6.4620 -20.9976 -1.9781
-6.4734 -21.0239 -1.9768
-6.4848 -21.0503 -1.9755
-6.4962 -21.0766 -1.9742
-6.5075 -21.1031 -1.9730
-6.5189 -21.1296 -1.9717
-6.5302 -21.1561 -1.9704
-6.5415 -21.1826 -1.9691
-6.5528 -21.2093 -1.9679
-6.5640 -21.2359 -1.9666
-6.5753 -21.2626 -1.9653
-6.5865 -21.2894 -1.9640
-6.5977 -21.3162 -1.9627
-6.6089 -21.3430 -1.9614
-6.6201 -21.3699 -1.9602
-6.6312 -21.3968 -1.9589
-6.6423 -21.4238 -1.9576
-6.6535 -21.4508 -1.9563
-6.6646 -21.4779 -1.9550
-6.6757 -21.5050 -1.9537
-6.6867 -21.5322 -1.9524
-6.6978 -21.5594 -1.9511
-6.7088 -21.5867 -1.9498
-6.7198 -21.6140 -1.9485
-6.7308 -21.6413 -1.9473
-6.7418 -21.6687 -1.9460
-6.7527 -21.6962 -1.9447
-6.7636 -21.7237 -1.9434
-6.7746 -21.7512 -1.9421
-6.7855 -21.7788 -1.9408
-6.7963 -21.8065 -1.9395
-6.8072 -21.8341 -1.9382
-6.8180 -21.8619 -1.9369
-6.8288 -21.8897 -1.9356
-6.8396 -21.9175 -1.9343
-6.8504 -21.9454 -1.9330
-6.8612 -21.9733 -1.9317
-6.8719 -22.0013 -1.9304
-6.8827 -22.0293 -1.9291
-6.8934 -22.0574 -1.9278
-6.9040 -22.0855 -1.9265
-6.9147 -22.1137 -1.9252
-6.9254 -22.1419 -1.9239
-6.9360 -22.1702 -1.9226
-6.9466 -22.1985 -1.9213
-6.9572 -22.2269 -1.9200
-6.9677 -22.2553 -1.9187
-6.9783 -22.2838 -1.9174
-6.9888 -22.3123 -1.9161
-6.9993 -22.3409 -1.9148
-7.0098 -22.3695 -1.9135
-7.0203 -22.3982 -1.9122
-7.0307 -22.4269 -1.9108
-7.0412 -22.4557 -1.9095
-7.0516 -22.4845 -1.9082
-7.0620 -22.5134 -1.9069
-7.0723 -22.5423 -1.9056
-7.0827 -22.5713 -1.9043
-7.0930 -22.6003 -1.9030
-7.1033 -22.6294 -1.9017
-7.1136 -22.6586 -1.9004
-7.1239 -22.6878 -1.8991
-7.1341 -22.7170 -1.8978
-7.1443 -22.7463 -1.8965
-7.1545 -22.7756 -1.8952
-7.1647 -22.8050 -1.8939
-7.1749 -22.8345 -1.8926
-7.1850 -22.8640 -1.8913
-7.1951 -22.8935 -1.8900
-7.2052 -22.9231 -1.8887
-7.2153 -22.9528 -1.8874
-7.2254 -22.9825 -1.8861
-7.2354 -23.0122 -1.8848
-7.2454 -23.0420 -1.8835
-7.2554 -23.0719 -1.8822
-7.2654 -23.1018 -1.8809
-7.2753 -23.1318 -1.8796
-7.2853 -23.1618 -1.8783
-7.2952 -23.1919 -1.8770
-7.3051 -23.2220 -1.8757
-7.3149 -23.2522 -1.8744
-7.3248 -23.2825 -1.8731
-7.3346 -23.3128 -1.8718
-7.3444 -23.3431 -1.8705
-7.3542 -23.3735 -1.8692
-7.3639 -23.4040 -1.8679
-7.3737 -23.4345 -1.8666
-7.3834 -23.4651 -1.8653
-7.3931 -23.4957 -1.8640
-7.4027 -23.5264 -1.8627
-7.4124 -23.5571 -1.8614
-7.4220 -23.5879 -1.8601
-7.4316 -23.6187 -1.8588
-7.4412 -23.6496 -1.8576
-7.4507 -23.6806 -1.8563
-7.4603 -23.7116 -1.8550
-7.4698 -23.7427 -1.8537
-7.4793 -23.7738 -1.8524
-7.4888 -23.8050 -1.8511
-7.4982 -23.8362 -1.8498
-7.5076 -23.8675 -1.8485
-7.5170 -23.8988 -1.8472
-7.5264 -23.9302 -1.8460
-7.5358 -23.9617 -1.8447
-7.5451 -23.9932 -1.8434
-7.5544 -24.0248 -1.8421
-7.5637 -24.0564 -1.8410
-7.5730 -24.0881 -1.8401
-7.5822 -24.1198 -1.8395
-7.5914 -24.1516 -1.8392
-7.6006 -24.1835 -1.8391
-7.6098 -24.2154 -1.8393
-7.6189 -24.2474 -1.8398
-7.6281 -24.2794 -1.8405
-7.6372 -24.3115 -1.8416
-7.6462 -24.3436 -1.8429
-7.6553 -24.3758 -1.8444
-7.6643 -24.4081 -1.8463
-7.6734 -24.4404 -1.8484
-7.6824 -24.4727 -1.8509
-7.6914 -24.5050 -1.8536
-7.7004 -24.5372 -1.8566
-7.7095 -24.5695 -1.8599
-7.7185 -24.6017 -1.8635
-7.7276 -24.6338 -1.8675
-7.7368 -24.6658 -1.8717
-7.7460 -24.6978 -1.8763
-7.7552 -24.7296 -1.8813
-7.7645 -24.7613 -1.8865
-7.7738 -24.7928 -1.8922
-7.7833 -24.8242 -1.8982
-7.7928 -24.8553 -1.9046
-7.8024 -24.8863 -1.9115
-7.8121 -24.9170 -1.9187
-7.8219 -24.9476 -1.9263
-7.8318 -24.9778 -1.9345
-7.8418 -25.0078 -1.9430
-7.8519 -25.0375 -1.9521
-7.8622 -25.0669 -1.9616
-7.8726 -25.0960 -1.9717
-7.8831 -25.1248 -1.9824
-7.8938 -25.1532 -1.9936
-7.9047 -25.1812 -2.0054
-7.9157 -25.2088 -2.0178
-7.9269 -25.2361 -2.0309
-7.9383 -25.2629 -2.0446
-7.9498 -25.2893 -2.0591
-7.9616 -25.3152 -2.0743
-7.9735 -25.3407 -2.0902
-7.9857 -25.3656 -2.1070
-7.9980 -25.3901 -2.1246
-8.0106 -25.4141 -2.1431
-8.0234 -25.4375 -2.1625
-8.0365 -25.4603 -2.1829
-8.0498 -25.4826 -2.2043
-8.0634 -25.5043 -2.2266
-8.0772 -25.5254 -2.2500
-8.0912 -25.5459 -2.2745
-8.1056 -25.5658 -2.3001
-8.1202 -25.5850 -2.3268
-8.1351 -25.6035 -2.3547
-8.1503 -25.6213 -2.3838
-8.1658 -25.6385 -2.4140
-8.1816 -25.6549 -2.4450
-8.1977 -25.6705 -2.4766
-8.2141 -25.6855 -2.5087
-8.2309 -25.6996 -2.5411
-8.2480 -25.7130 -2.5740
-8.2654 -25.7255 -2.6072
-8.2832 -25.7373 -2.6406
-8.3014 -25.7482 -2.6743
-8.3199 -25.7582 -2.7081
-8.3387 -25.7674 -2.7420
-8.3580 -25.7757 -2.7759
-8.3776 -25.7831 -2.8097
-8.3977 -25.7895 -2.8434
-8.4181 -25.7950 -2.8770
-8.4389 -25.7996 -2.9101
-8.4602 -25.8032 -2.9427
-8.4818 -25.8058 -2.9748
-8.5039 -25.8074 -3.0066
-8.5264 -25.8080 -3.0381
-8.5494 -25.8076 -3.0693
-8.5728 -25.8061 -3.1004
-8.5967 -25.8035 -3.1315
-8.6210 -25.7998 -3.1625
-8.6458 -25.7951 -3.1936
-8.6709 -25.7894 -3.2249
-8.6963 -25.7830 -3.2564
-8.7219 -25.7759 -3.2882
-8.7476 -25.7683 -3.3203
-8.7732 -25.7605 -3.3496
-8.7987 -25.7524 -3.3726
-8.8240 -25.7444 -3.3895
-8.8490 -25.7366 -3.4003
-8.8735 -25.7291 -3.4048
-8.8975 -25.7220 -3.4029
-8.9209 -25.7156 -3.3941
-8.9436 -25.7100 -3.3778
-8.9655 -25.7053 -3.3531
-8.9864 -25.7017 -3.3190
-9.0064 -25.6994 -3.2740
-9.0252 -25.6984 -3.2165
-9.0431 -25.6988 -3.1446
-9.0598 -25.7005 -3.0565
-9.0756 -25.7035 -2.9577
-9.0903 -25.7077 -2.8550
-9.1040 -25.7131 -2.7501
-9.1168 -25.7198 -2.6444
-9.1285 -25.7276 -2.5397
-9.1393 -25.7366 -2.4375
-9.1491 -25.7467 -2.3391
-9.1580 -25.7578 -2.2455
-9.1660 -25.7701 -2.1572
-9.1731 -25.7834 -2.0744
-9.1792 -25.7977 -1.9971
-9.1845 -25.8129 -1.9251
-9.1889 -25.8292 -1.8581
-9.1925 -25.8464 -1.7956
-9.1952 -25.8644 -1.7380
-9.1971 -25.8834 -1.6854
-9.1982 -25.9032 -1.6375
-9.1984 -25.9238 -1.5939
-9.1979 -25.9452 -1.5540
-9.1966 -25.9674 -1.5175
-9.1946 -25.9904 -1.4840
-9.1918 -26.0140 -1.4532
-9.1882 -26.0384 -1.4248
-9.1840 -26.0634 -1.3985
-9.1790 -26.0890 -1.3741
-9.1734 -26.1153 -1.3515
-9.1670 -26.1421 -1.3303
-9.1601 -26.1695 -1.3104
-9.1524 -26.1975 -1.2918
-9.1441 -26.2259 -1.2743
-9.1352 -26.2548 -1.2577
-9.1257 -26.2841 -1.2421
-9.1156 -26.3139 -1.2272
-9.1048 -26.3441 -1.2130
-9.0936 -26.3746 -1.1995
-9.0817 -26.4055 -1.1865
-9.0693 -26.4366 -1.1741
-9.0564 -26.4681 -1.1622
-9.0430 -26.4998 -1.1507
-9.0291 -26.5318 -1.1395
-9.0147 -26.5640 -1.1287
-8.9998 -26.5963 -1.1182
-8.9844 -26.6288 -1.1080
-8.9686 -26.6614 -1.0980
-8.9524 -26.6942 -1.0883
-8.9357 -26.7270 -1.0787
-8.9186 -26.7598 -1.0693
-8.9012 -26.7927 -1.0600
-8.8833 -26.8255 -1.0508
-8.8651 -26.8583 -1.0418
-8.8465 -26.8911 -1.0328
-8.8276 -26.9238 -1.0238
-8.8084 -26.9563 -1.0149
-8.7888 -26.9887 -1.0060
-8.7690 -27.0210 -0.9971
-8.7489 -27.0530 -0.9882
-8.7284 -27.0848 -0.9792
-8.7078 -27.1164 -0.9702
-8.6869 -27.1477 -0.9610
-8.6657 -27.1786 -0.9518
-8.6444 -27.2093 -0.9424
-8.6228 -27.2396 -0.9329
-8.6010 -27.2695 -0.9232
-8.5791 -27.2990 -0.9133
-8.5570 -27.3281 -0.9032
-8.5348 -27.3567 -0.8928
-8.5124 -27.3848 -0.8821
-8.4899 -27.4123 -0.8711
-8.4672 -27.4394 -0.8598
-8.4445 -27.4659 -0.8481
-8.4216 -27.4919 -0.8361
-8.3987 -27.5174 -0.8240
-8.3756 -27.5423 -0.8116
-8.3524 -27.5668 -0.7991
-8.3292 -27.5907 -0.7864
-8.3058 -27.6141 -0.7735
-8.2823 -27.6370 -0.7604
-8.2587 -27.6594 -0.7471
-8.2350 -27.6813 -0.7337
-8.2112 -27.7026 -0.7202
-8.1873 -27.7235 -0.7064
-8.1634 -27.7439 -0.6925
-8.1393 -27.7638 -0.6784
-8.1151 -27.7832 -0.6642
-8.0909 -27.8022 -0.6498
-8.0665 -27.8206 -0.6353
-8.0421 -27.8386 -0.6206
-8.0176 -27.8560 -0.6058
-7.9930 -27.8730 -0.5909
-7.9683 -27.8896 -0.5758
-7.9436 -27.9057 -0.5607
-7.9187 -27.9213 -0.5454
-7.8938 -27.9364 -0.5300
-7.8688 -27.9511 -0.5146
-7.8437 -27.9653 -0.4990
-7.8186 -27.9791 -0.4834
-7.7934 -27.9924 -0.4677
-7.7681 -28.0052 -0.4520
-7.7428 -28.0177 -0.4362
-7.7174 -28.0296 -0.4204
-7.6919 -28.0412 -0.4045
-7.6663 -28.0523 -0.3886
-7.6407 -28.0629 -0.3727
-7.6151 -28.0732 -0.3568
-7.5893 -28.0830 -0.3409
-7.5636 -28.0924 -0.3251
-7.5377 -28.1013 -0.3093
-7.5118 -28.1099 -0.2935
-7.4859 -28.1180 -0.2777
-7.4599 -28.1257 -0.2620
-7.4339 -28.1330 -0.2464
-7.4078 -28.1399 -0.2309
-7.3816 -28.1464 -0.2154
-7.3555 -28.1524 -0.2001
-7.3292 -28.1581 -0.1848
-7.3030 -28.1634 -0.1697
-7.2767 -28.1683 -0.1547
-7.2503 -28.1728 -0.1398
-7.2239 -28.1769 -0.1250
-7.1975 -28.1806 -0.1104
-7.1711 -28.1840 -0.0960
-7.1446 -28.1870 -0.0816
-7.1181 -28.1896 -0.0675
-7.0916 -28.1918 -0.0535
-7.0650 -28.1936 -0.0397
-7.0384 -28.1951 -0.0261
-7.0118 -28.1962 -0.0126
-6.9851 -28.1970 0.0008
-6.9585 -28.1974 0.0139
-6.9318 -28.1974 0.0270
-6.9051 -28.1971 0.0399
-6.8784 -28.1964 0.0526
-6.8517 -28.1954 0.0652
-6.8249 -28.1940 0.0776
-6.7982 -28.1923 0.0899
-6.7714 -28.1903 0.1020
-6.7446 -28.1879 0.1140
-6.7179 -28.1852 0.1259
-6.6911 -28.1822 0.1375
-6.6643 -28.1788 0.1491
-6.6375 -28.1751 0.1605
-6.6107 -28.1711 0.1717
-6.5839 -28.1668 0.1828
-6.5572 -28.1622 0.1938
-6.5304 -28.1572 0.2046
-6.5036 -28.1519 0.2153
-6.4768 -28.1464 0.2258
-6.4501 -28.1405 0.2362
-6.4233 -28.1343 0.2464
-6.3966 -28.1278 0.2566
-6.3699 -28.1211 0.2666
-6.3432 -28.1140 0.2764
-6.3165 -28.1066 0.2861
-6.2898 -28.0990 0.2958
-6.2631 -28.0911 0.3052
-6.2365 -28.0829 0.3146
-6.2099 -28.0744 0.3238
-6.1833 -28.0656 0.3329
-6.1568 -28.0566 0.3419
-6.1302 -28.0473 0.3508
-6.1037 -28.0378 0.3596
-6.0773 -28.0279 0.3683
-6.0508 -28.0178 0.3768
-6.0244 -28.0075 0.3852
-5.9981 -27.9969 0.3936
-5.9717 -27.9860 0.4018
-5.9454 -27.9749 0.4100
-5.9192 -27.9636 0.4180
-5.8930 -27.9520 0.4259
-5.8668 -27.9402 0.4338
-5.8407 -27.9281 0.4415
-5.8146 -27.9158 0.4492
-5.7886 -27.9033 0.4568
-5.7626 -27.8905 0.4643
-5.7367 -27.8775 0.4717
-5.7108 -27.8643 0.4790
-5.6850 -27.8509 0.4862
-5.6592 -27.8372 0.4934
-5.6335 -27.8234 0.5005
-5.6079 -27.8093 0.5075
-5.5823 -27.7950 0.5144
-5.5568 -27.7805 0.5213
-5.5313 -27.7658 0.5280
-5.5059 -27.7509 0.5348
-5.4806 -27.7358 0.5414
-5.4553 -27.7206 0.5480
-5.4301 -27.7051 0.5545
-5.4050 -27.6894 0.5610
-5.3800 -27.6736 0.5674
-5.3550 -27.6575 0.5738
-5.3301 -27.6413 0.5801
-5.3053 -27.6250 0.5863
-5.2805 -27.6084 0.5925
-5.2559 -27.5917 0.5986
-5.2313 -27.5748 0.6047
-5.2068 -27.5577 0.6108
-5.1824 -27.5405 0.6168
-5.1581 -27.5231 0.6227
-5.1339 -27.5056 0.6286
-5.1098 -27.4879 0.6345
-5.0857 -27.4700 0.6403
-5.0618 -27.4520 0.6461
-5.0379 -27.4339 0.6518
-5.0141 -27.4156 0.6575
-4.9905 -27.3972 0.6632
-4.9669 -27.3786 0.6689
-4.9435 -27.3600 0.6745
-4.9201 -27.3411 0.6801
-4.8969 -27.3222 0.6856
-4.8737 -27.3031 0.6911
-4.8507 -27.2839 0.6966
-4.8278 -27.2646 0.7021
-4.8049 -27.2452 0.7076
-4.7822 -27.2257 0.7130
-4.7596 -27.2060 0.7184
-4.7372 -27.1863 0.7238
-4.7148 -27.1664 0.7292
-4.6926 -27.1464 0.7346
-4.6704 -27.1264 0.7399
-4.6485 -27.1062 0.7453
-4.6266 -27.0860 0.7506
-4.6048 -27.0656 0.7559
-4.5832 -27.0452 0.7612
-4.5617 -27.0247 0.7665
-4.5403 -27.0041 0.7718
-4.5191 -26.9834 0.7771
-4.4980 -26.9627 0.7824
-4.4771 -26.9419 0.7877
-4.4562 -26.9210 0.7930
-4.4355 -26.9000 0.7983
-4.4150 -26.8790 0.8036
-4.3946 -26.8580 0.8089
-4.3743 -26.8368 0.8142
-4.3542 -26.8156 0.8195
-4.3342 -26.7944 0.8249
-4.3143 -26.7731 0.8302
-4.2947 -26.7518 0.8356
-4.2751 -26.7304 0.8409
-4.2557 -26.7090 0.8463
-4.2365 -26.6875 0.8517
-4.2174 -26.6660 0.8570
-4.1985 -26.6445 0.8623
-4.1798 -26.6229 0.8676
-4.1612 -26.6013 0.8728
-4.1427 -26.5797 0.8779
-4.1244 -26.5581 0.8830
-4.1063 -26.5365 0.8881
-4.0883 -26.5148 0.8931
-4.0705 -26.4931 0.8980
-4.0529 -26.4714 0.9029
-4.0353 -26.4497 0.9077
-4.0180 -26.4279 0.9125
-4.0007 -26.4062 0.9172
-3.9837 -26.3844 0.9219
-3.9667 -26.3626 0.9265
-3.9499 -26.3408 0.9310
-3.9333 -26.3189 0.9355
-3.9167 -26.2971 0.9399
-3.9003 -26.2752 0.9443
-3.8841 -26.2534 0.9486
-3.8680 -26.2315 0.9528
-3.8520 -26.2096 0.9570
-3.8361 -26.1877 0.9610
-3.8203 -26.1658 0.9651
-3.8047 -26.1438 0.9690
-3.7892 -26.1219 0.9729
-3.7738 -26.1000 0.9767
-3.7585 -26.0780 0.9804
-3.7433 -26.0561 0.9841
-3.7283 -26.0341 0.9877
-3.7133 -26.0121 0.9912
-3.6985 -25.9901 0.9947
-3.6838 -25.9682 0.9980
-3.6691 -25.9462 1.0013
-3.6546 -25.9242 1.0045
-3.6402 -25.9022 1.0077
-3.6259 -25.8802 1.0107
-3.6116 -25.8582 1.0137
-3.5975 -25.8363 1.0166
-3.5835 -25.8143 1.0194
-3.5695 -25.7923 1.0222
-3.5556 -25.7703 1.0248
-3.5418 -25.7483 1.0274
-3.5282 -25.7263 1.0299
-3.5145 -25.7044 1.0323
-3.5010 -25.6824 1.0346
-3.4875 -25.6604 1.0369
-3.4742 -25.6385 1.0390
-3.4609 -25.6165 1.0411
-3.4476 -25.5946 1.0431
-3.4345 -25.5726 1.0450
-3.4214 -25.5507 1.0468
-3.4083 -25.5288 1.0485
-3.3954 -25.5068 1.0502
-3.3825 -25.4849 1.0517
-3.3696 -25.4631 1.0532
-3.3568 -25.4412 1.0545
-3.3441 -25.4193 1.0558
-3.3314 -25.3975 1.0570
-3.3188 -25.3756 1.0581
-3.3062 -25.3538 1.0591
-3.2937 -25.3320 1.0600
-3.2812 -25.3102 1.0609
-3.2688 -25.2884 1.0616
-3.2564 -25.2667 1.0622
-3.2440 -25.2449 1.0628
-3.2317 -25.2232 1.0632
-3.2194 -25.2015 1.0636
-3.2072 -25.1798 1.0639
-3.1950 -25.1582 1.0640
-3.1828 -25.1365 1.0641
-3.1707 -25.1149 1.0641
-3.1585 -25.0933 1.0640
-3.1464 -25.0717 1.0638
-3.1344 -25.0502 1.0635
-3.1223 -25.0287 1.0631
-3.1103 -25.0072 1.0626
-3.0982 -24.9857 1.0620
-3.0862 -24.9643 1.0613
-3.0742 -24.9428 1.0606
-3.0623 -24.9214 1.0597
-3.0503 -24.9001 1.0587
-3.0383 -24.8788 1.0576
-3.0263 -24.8575 1.0565
-3.0144 -24.8362 1.0552
-3.0024 -24.8149 1.0538
-2.9905 -24.7937 1.0523
-2.9785 -24.7726 1.0508
-2.9665 -24.7514 1.0491
-2.9546 -24.7303 1.0474
-2.9426 -24.7092 1.0455
-2.9306 -24.6882 1.0435
-2.9186 -24.6672 1.0415
-2.9065 -24.6462 1.0393
-2.8945 -24.6253 1.0371
-2.8824 -24.6044 1.0347
-2.8703 -24.5836 1.0323
-2.8582 -24.5628 1.0297
-2.8461 -24.5420 1.0271
-2.8339 -24.5213 1.0243
-2.8218 -24.5006 1.0215
-2.8095 -24.4799 1.0185
-2.7973 -24.4593 1.0155
-2.7850 -24.4388 1.0123
-2.7727 -24.4183 1.0091
-2.7603 -24.3978 1.0058
-2.7479 -24.3774 1.0023
-2.7355 -24.3570 0.9988
-2.7230 -24.3367 0.9952
-2.7104 -24.3164 0.9914
-2.6979 -24.2962 0.9876
-2.6852 -24.2760 0.9837
-2.6725 -24.2558 0.9798
-2.6598 -24.2357 0.9759
-2.6470 -24.2157 0.9719
-2.6341 -24.1957 0.9680
-2.6212 -24.1758 0.9640
-2.6082 -24.1559 0.9600
-2.5952 -24.1361 0.9559
-2.5821 -24.1163 0.9519
-2.5689 -24.0966 0.9478
-2.5556 -24.0770 0.9437
-2.5423 -24.0574 0.9396
-2.5289 -24.0378 0.9355
-2.5154 -24.0183 0.9313
-2.5019 -23.9989 0.9271
-2.4882 -23.9795 0.9229
-2.4745 -23.9602 0.9187
-2.4607 -23.9410 0.9145
-2.4468 -23.9218 0.9102
-2.4328 -23.9026 0.9059
-2.4188 -23.8836 0.9016
-2.4046 -23.8646 0.8973
-2.3903 -23.8456 0.8929
-2.3760 -23.8268 0.8886
-2.3615 -23.8080 0.8842
-2.3470 -23.7892 0.8798
-2.3323 -23.7705 0.8753
-2.3176 -23.7519 0.8709
-2.3027 -23.7334 0.8664
-2.2877 -23.7149 0.8619
-2.2727 -23.6965 0.8574
-2.2575 -23.6782 0.8528
-2.2421 -23.6599 0.8483
-2.2267 -23.6417 0.8437
-2.2112 -23.6236 0.8391
-2.1955 -23.6056 0.8345
-2.1797 -23.5876 0.8298
-2.1638 -23.5697 0.8252
-2.1478 -23.5519 0.8205
-2.1316 -23.5341 0.8158
-2.1153 -23.5164 0.8110
-2.0989 -23.4988 0.8063
-2.0823 -23.4813 0.8015
-2.0656 -23.4639 0.7967
-2.0488 -23.4465 0.7919
-2.0319 -23.4292 0.7871
-2.0148 -23.4120 0.7822
-1.9976 -23.3949 0.7773
-1.9802 -23.3778 0.7724
-1.9628 -23.3609 0.7675
-1.9452 -23.3440 0.7626
-1.9274 -23.3272 0.7576
-1.9096 -23.3105 0.7526
-1.8916 -23.2938 0.7477
-1.8735 -23.2773 0.7426
-1.8553 -23.2608 0.7376
-1.8370 -23.2444 0.7326
-1.8186 -23.2281 0.7275
-1.8000 -23.2119 0.7224
-1.7813 -23.1958 0.7173
-1.7625 -23.1798 0.7121
-1.7436 -23.1638 0.7070
-1.7246 -23.1479 0.7018
-1.7055 -23.1322 0.6966
-1.6862 -23.1165 0.6914
-1.6668 -23.1009 0.6862
-1.6474 -23.0854 0.6810
-1.6278 -23.0700 0.6757
-1.6081 -23.0547 0.6705
-1.5883 -23.0394 0.6652
-1.5684 -23.0243 0.6599
-1.5484 -23.0093 0.6545
-1.5283 -22.9943 0.6492
-1.5081 -22.9795 0.6438
-1.4878 -22.9647 0.6385
-1.4674 -22.9500 0.6331
-1.4469 -22.9355 0.6277
-1.4263 -22.9210 0.6223
-1.4056 -22.9066 0.6168
-1.3848 -22.8924 0.6114
-1.3639 -22.8782 0.6059
-1.3429 -22.8641 0.6004
-1.3218 -22.8501 0.5949
-1.3006 -22.8363 0.5894
-1.2794 -22.8225 0.5839
-1.2580 -22.8088 0.5784
-1.2366 -22.7952 0.5728
-1.2150 -22.7817 0.5673
-1.1934 -22.7684 0.5617
-1.1717 -22.7551 0.5561
-1.1499 -22.7419 0.5505
-1.1280 -22.7289 0.5449
-1.1061 -22.7159 0.5393
-1.0840 -22.7031 0.5337
-1.0619 -22.6903 0.5281
-1.0397 -22.6777 0.5224
-1.0174 -22.6652 0.5168
-0.9951 -22.6528 0.5111
-0.9726 -22.6404 0.5054
-0.9501 -22.6282 0.4997
-0.9275 -22.6161 0.4940
-0.9048 -22.6042 0.4883
-0.8821 -22.5923 0.4826
-0.8593 -22.5805 0.4769
-0.8364 -22.5689 0.4712
-0.8135 -22.5573 0.4655
-0.7904 -22.5459 0.4597
-0.7674 -22.5346 0.4540
-0.7442 -22.5234 0.4482
-0.7210 -22.5123 0.4425
-0.6977 -22.5013 0.4367
-0.6744 -22.4905 0.4309
-0.6509 -22.4797 0.4252
-0.6275 -22.4691 0.4194
-0.6039 -22.4586 0.4137
-0.5803 -22.4482 0.4080
-0.5567 -22.4379 0.4023
-0.5330 -22.4278 0.3967
-0.5092 -22.4178 0.3911
-0.4854 -22.4078 0.3855
-0.4615 -22.3981 0.3799
-0.4376 -22.3884 0.3744
-0.4136 -22.3788 0.3689
-0.3895 -22.3694 0.3634
-0.3654 -22.3601 0.3579
-0.3413 -22.3509 0.3525
-0.3171 -22.3419 0.3470
-0.2929 -22.3329 0.3416
-0.2686 -22.3241 0.3362
-0.2443 -22.3154 0.3308
-0.2199 -22.3069 0.3254
-0.1955 -22.2985 0.3200
-0.1710 -22.2901 0.3147
-0.1465 -22.2820 0.3093
-0.1220 -22.2739 0.3040
-0.0974 -22.2660 0.2987
-0.0728 -22.2582 0.2933
-0.0481 -22.2506 0.2880
-0.0234 -22.2430 0.2827
0.0013 -22.2356 0.2774
0.0260 -22.2284 0.2721
0.0508 -22.2212 0.2668
0.0757 -22.2142 0.2615
0.1005 -22.2074 0.2562
0.1254 -22.2006 0.2509
0.1504 -22.1940 0.2456
0.1753 -22.1876 0.2403
0.2003 -22.1812 0.2350
0.2253 -22.1750 0.2297
0.2503 -22.1690 0.2244
0.2754 -22.1630 0.2191
0.3004 -22.1573 0.2138
0.3255 -22.1516 0.2085
0.3507 -22.1461 0.2031
0.3758 -22.1407 0.1978
0.4010 -22.1355 0.1924
0.4261 -22.1304 0.1870
0.4513 -22.1255 0.1817
0.4766 -22.1207 0.1763
0.5018 -22.1160 0.1708
0.5270 -22.1115 0.1654
0.5523 -22.1071 0.1600
0.5775 -22.1029 0.1545
0.6028 -22.0988 0.1490
0.6281 -22.0948 0.1435
0.6534 -22.0910 0.1380
0.6787 -22.0874 0.1325
0.7040 -22.0839 0.1269
0.7294 -22.0805 0.1213
0.7547 -22.0773 0.1157
0.7800 -22.0742 0.1101
0.8053 -22.0713 0.1044
0.8307 -22.0686 0.0987
0.8560 -22.0659 0.0930
0.8814 -22.0635 0.0872
0.9067 -22.0612 0.0814
0.9320 -22.0590 0.0756
0.9574 -22.0570 0.0698
0.9827 -22.0551 0.0639
1.0080 -22.0534 0.0579
1.0333 -22.0519 0.0520
1.0586 -22.0505 0.0460
1.0839 -22.0492 0.0399
1.1092 -22.0481 0.0339
1.1345 -22.0472 0.0277
1.1598 -22.0464 0.0216
1.1850 -22.0458 0.0154
1.2103 -22.0453 0.0091
1.2355 -22.0450 0.0028
1.2607 -22.0449 -0.0036
1.2859 -22.0449 -0.0100
1.3111 -22.0451 -0.0164
1.3363 -22.0454 -0.0229
1.3614 -22.0459 -0.0295
1.3866 -22.0466 -0.0361
1.4117 -22.0474 -0.0428
1.4368 -22.0484 -0.0495
1.4618 -22.0495 -0.0563
1.4869 -22.0508 -0.0631
1.5119 -22.0523 -0.0700
1.5368 -22.0539 -0.0770
1.5618 -22.0557 -0.0841
1.5867 -22.0577 -0.0912
1.6116 -22.0598 -0.0983
1.6365 -22.0621 -0.1056
1.6613 -22.0646 -0.1129
1.6862 -22.0672 -0.1203
1.7109 -22.0700 -0.1278
1.7357 -22.0730 -0.1353
1.7604 -22.0762 -0.1429
1.7850 -22.0795 -0.1506
1.8097 -22.0830 -0.1584
1.8343 -22.0866 -0.1662
1.8588 -22.0904 -0.1742
1.8833 -22.0944 -0.1822
1.9078 -22.0986 -0.1903
1.9322 -22.1030 -0.1986
1.9566 -22.1075 -0.2069
1.9809 -22.1122 -0.2152
2.0052 -22.1171 -0.2237
2.0295 -22.1221 -0.2323
2.0537 -22.1273 -0.2410
2.0778 -22.1327 -0.2498
2.1019 -22.1383 -0.2587
2.1260 -22.1441 -0.2676
2.1500 -22.1500 -0.2676
2.1500 -22.1500 -0.2676
2.1500 -22.1500 -0.2676
2.1500 -22.1500 -0.2676
2.1500 -22.1500 -0.2676
2.1500 -22.1500 -0.2676
2.1500 -22.1500 -0.2676
2.1500 -22.1500 -0.2676
2.1500 -22.1500 -0.2676
2.1500 -22.1500 -0.2676
2.1500 -22.1500 -0.2676
2.1500 -22.1500 -0.2676
2.1500 -22.1500 -0.2676
2.1500 -22.1500 -0.2676
2.1500 -22.1500 -0.2676
2.1500 -22.1500 -0.2676
2.1500 -22.1500 -0.2676
2.1500 -22.1500 -0.2676
2.1500 -22.1500 -0.2676
2.1500 -22.1500 -0.2676
2.1500 -22.1500 -0.2676
2.1500 -22.1500 -0.2676
2.1500 -22.1500 -0.2676
2.1500 -22.1500 -0.2676
2.1500 -22.1500 -0.2676
2.1500 -22.1500 -0.2676
2.1500 -22.1500 -0.2676
2.1500 -22.1500 -0.2676
2.1500 -22.1500 -0.2676
2.1500 -22.1500 -0.2676
2.1500 -22.1500 -0.2676
2.1500 -22.1500 -0.2676
2.1500 -22.1500 -0.2676
2.1500 -22.1500 -0.2676
2.1500 -22.1500 -0.2676
2.1500 -22.1500 -0.2676
2.1500 -22.1500 -0.2676
2.1500 -22.1500 -0.2676
2.1500 -22.1500 -0.2676
2.1500 -22.1500 -0.2676
2.1500 -22.1500 -0.2676
2.1500 -22.1500 -0.2676
2.1500 -22.1500 -0.2676
2.1500 -22.1500 -0.2676
2.1500 -22.1500 -0.2676
