11.8100 1.8960 -0.0191
11.8350 1.8976 -0.0146
11.8600 1.8990 -0.0106
11.8850 1.9003 -0.0070
11.9100 1.9015 -0.0039
11.9350 1.9025 -0.0013
11.9600 1.9035 0.0008
11.9850 1.9043 0.0024
12.0100 1.9049 0.0036
12.0350 1.9055 0.0043
12.0600 1.9059 0.0045
12.0850 1.9062 0.0043
12.1100 1.9063 0.0036
12.1350 1.9064 0.0024
12.1600 1.9063 0.0008
12.1850 1.9061 -0.0013
12.2100 1.9057 -0.0039
12.2350 1.9052 -0.0069
12.2600 1.9046 -0.0104
12.2849 1.9039 -0.0144
12.3099 1.9030 -0.0188
12.3349 1.9020 -0.0237
12.3599 1.9008 -0.0291
12.3849 1.8996 -0.0350
12.4098 1.8982 -0.0413
12.4348 1.8966 -0.0482
12.4598 1.8950 -0.0555
12.4847 1.8932 -0.0633
12.5097 1.8912 -0.0715
12.5346 1.8892 -0.0803
12.5596 1.8870 -0.0896
12.5845 1.8846 -0.0993
12.6094 1.8821 -0.1096
12.6344 1.8795 -0.1204
12.6592 1.8767 -0.1316
12.6841 1.8736 -0.1434
12.7089 1.8704 -0.1557
12.7337 1.8669 -0.1684
12.7585 1.8632 -0.1817
12.7832 1.8592 -0.1955
12.8079 1.8549 -0.2097
12.8324 1.8503 -0.2245
12.8570 1.8454 -0.2397
12.8814 1.8402 -0.2554
12.9058 1.8345 -0.2716
12.9301 1.8286 -0.2882
12.9543 1.8222 -0.3048
12.9785 1.8154 -0.3211
13.0025 1.8082 -0.3369
13.0264 1.8006 -0.3524
13.0502 1.7926 -0.3674
13.0739 1.7843 -0.3821
13.0974 1.7755 -0.3963
13.1208 1.7664 -0.4102
13.1440 1.7569 -0.4237
13.1670 1.7470 -0.4369
13.1899 1.7367 -0.4497
13.2126 1.7260 -0.4621
13.2351 1.7150 -0.4741
13.2574 1.7036 -0.4858
13.2794 1.6918 -0.4972
13.3013 1.6797 -0.5082
13.3229 1.6672 -0.5189
13.3444 1.6543 -0.5293
13.3656 1.6412 -0.5394
13.3867 1.6278 -0.5492
13.4076 1.6141 -0.5586
13.4284 1.6002 -0.5678
13.4490 1.5860 -0.5766
13.4695 1.5717 -0.5852
13.4899 1.5572 -0.5935
13.5102 1.5425 -0.6015
13.5305 1.5277 -0.6093
13.5507 1.5129 -0.6168
13.5708 1.4979 -0.6240
13.5909 1.4828 -0.6309
13.6109 1.4678 -0.6376
13.6310 1.4527 -0.6441
13.6510 1.4376 -0.6503
13.6710 1.4224 -0.6563
13.6910 1.4073 -0.6620
13.7110 1.3921 -0.6675
13.7309 1.3769 -0.6727
13.7508 1.3617 -0.6777
13.7707 1.3464 -0.6825
13.7905 1.3312 -0.6870
13.8103 1.3159 -0.6913
13.8300 1.3006 -0.6954
13.8497 1.2853 -0.6993
13.8693 1.2700 -0.7029
13.8888 1.2547 -0.7063
13.9084 1.2394 -0.7101
13.9278 1.2241 -0.7150
13.9472 1.2087 -0.7211
13.9664 1.1932 -0.7282
13.9856 1.1776 -0.7363
14.0047 1.1619 -0.7454
14.0236 1.1459 -0.7553
14.0425 1.1297 -0.7661
14.0612 1.1133 -0.7775
14.0797 1.0966 -0.7895
14.0981 1.0795 -0.8020
14.1163 1.0620 -0.8149
14.1343 1.0442 -0.8258
14.1522 1.0259 -0.8327
14.1698 1.0071 -0.8358
14.1873 0.9879 -0.8352
14.2045 0.9682 -0.8310
14.2216 0.9481 -0.8233
14.2386 0.9279 -0.8120
14.2556 0.9076 -0.7970
14.2727 0.8874 -0.7782
14.2898 0.8674 -0.7554
14.3070 0.8478 -0.7284
14.3245 0.8287 -0.6980
14.3422 0.8102 -0.6649
14.3602 0.7925 -0.6291
14.3786 0.7758 -0.5902
14.3974 0.7601 -0.5480
14.4167 0.7456 -0.5023
14.4365 0.7325 -0.4528
14.4569 0.7209 -0.3993
14.4780 0.7108 -0.3418
14.4997 0.7026 -0.2802
14.5222 0.6961 -0.2145
14.5453 0.6912 -0.1501
14.5690 0.6878 -0.0925
14.5932 0.6857 -0.0421
14.6178 0.6847 0.0009
14.6429 0.6848 0.0364
14.6683 0.6858 0.0647
14.6940 0.6875 0.0859
14.7199 0.6897 0.1002
14.7459 0.6923 0.1077
14.7721 0.6953 0.1087
14.7983 0.6983 0.1030
14.8244 0.7013 0.0944
14.8505 0.7041 0.0862
14.8764 0.7066 0.0784
14.9021 0.7086 0.0710
14.9276 0.7103 0.0640
14.9530 0.7115 0.0574
14.9783 0.7125 0.0513
15.0034 0.7133 0.0455
15.0284 0.7138 0.0402
15.0533 0.7141 0.0352
15.0781 0.7143 0.0306
15.1029 0.7144 0.0264
15.1276 0.7145 0.0226
15.1523 0.7146 0.0192
15.1770 0.7148 0.0162
15.2017 0.7150 0.0135
15.2264 0.7154 0.0112
15.2511 0.7160 0.0093
15.2760 0.7168 0.0077
15.3008 0.7178 0.0065
15.3257 0.7189 0.0057
15.3507 0.7201 0.0053
15.3757 0.7213 0.0052
15.4007 0.7225 0.0052
15.4257 0.7236 0.0051
15.4508 0.7246 0.0048
15.4758 0.7254 0.0044
15.5009 0.7259 0.0038
15.5260 0.7262 0.0031
15.5510 0.7261 0.0023
15.5761 0.7257 0.0012
15.6012 0.7248 0.0001
15.6262 0.7237 -0.0013
15.6512 0.7223 -0.0027
15.6762 0.7207 -0.0044
15.7013 0.7190 -0.0062
15.7262 0.7172 -0.0081
15.7512 0.7153 -0.0102
15.7762 0.7135 -0.0125
15.8011 0.7117 -0.0149
15.8261 0.7101 -0.0175
15.8510 0.7087 -0.0202
15.8759 0.7075 -0.0231
15.9008 0.7066 -0.0262
15.9257 0.7061 -0.0295
15.9506 0.7060 -0.0323
15.9755 0.7064 -0.0341
16.0003 0.7071 -0.0349
16.0252 0.7081 -0.0346
16.0500 0.7094 -0.0333
16.0749 0.7109 -0.0309
16.0998 0.7126 -0.0275
16.1247 0.7144 -0.0231
16.1496 0.7163 -0.0176
16.1746 0.7181 -0.0110
16.1996 0.7199 -0.0035
16.2246 0.7216 0.0052
16.2497 0.7232 0.0148
16.2749 0.7246 0.0255
16.3001 0.7257 0.0371
16.3254 0.7264 0.0498
16.3507 0.7270 0.0634
16.3761 0.7273 0.0779
16.4015 0.7275 0.0934
16.4268 0.7278 0.1097
16.4522 0.7282 0.1269
16.4774 0.7287 0.1449
16.5026 0.7296 0.1636
16.5277 0.7309 0.1830
16.5527 0.7326 0.2029
16.5775 0.7349 0.2234
16.6022 0.7379 0.2446
16.6266 0.7417 0.2666
16.6509 0.7463 0.2893
16.6749 0.7519 0.3130
16.6987 0.7586 0.3376
16.7221 0.7663 0.3633
16.7453 0.7751 0.3900
16.7682 0.7849 0.4180
16.7907 0.7957 0.4473
16.8129 0.8074 0.4779
16.8347 0.8201 0.5099
16.8561 0.8335 0.5435
16.8771 0.8478 0.5786
16.8977 0.8629 0.6153
16.9178 0.8787 0.6537
16.9375 0.8952 0.6938
16.9567 0.9123 0.7357
16.9753 0.9300 0.7792
16.9934 0.9483 0.8245
17.0110 0.9671 0.8713
17.0280 0.9864 0.9178
17.0445 1.0062 0.9619
17.0603 1.0264 1.0037
17.0754 1.0471 1.0433
17.0899 1.0681 1.0808
17.1036 1.0895 1.1161
17.1166 1.1113 1.1495
17.1288 1.1335 1.1811
17.1402 1.1560 1.2109
17.1508 1.1788 1.2391
17.1605 1.2018 1.2658
17.1694 1.2252 1.2911
17.1773 1.2488 1.3151
17.1842 1.2726 1.3379
17.1902 1.2967 1.3596
17.1951 1.3209 1.3803
17.1991 1.3453 1.4001
17.2023 1.3699 1.4191
17.2047 1.3946 1.4373
17.2063 1.4195 1.4549
17.2073 1.4445 1.4718
17.2078 1.4695 1.4883
17.2078 1.4863 1.5044
17.2077 1.5031 1.5203
17.2073 1.5199 1.5360
17.2068 1.5367 1.5515
17.2062 1.5536 1.5665
17.2055 1.5704 1.5810
17.2047 1.5873 1.5950
17.2038 1.6042 1.6081
17.2029 1.6211 1.6205
17.2020 1.6379 1.6318
17.2011 1.6548 1.6420
17.2002 1.6716 1.6510
17.1994 1.6884 1.6586
17.1986 1.7052 1.6648
17.1979 1.7220 1.6696
17.1972 1.7388 1.6727
17.1966 1.7555 1.6742
17.1960 1.7722 1.6740
17.1954 1.7889 1.6721
17.1949 1.8056 1.6686
17.1944 1.8223 1.6633
17.1940 1.8389 1.6565
17.1936 1.8556 1.6480
17.1932 1.8722 1.6390
17.1928 1.8889 1.6305
17.1925 1.9055 1.6224
17.1922 1.9221 1.6147
17.1919 1.9387 1.6074
17.1916 1.9553 1.6005
17.1914 1.9720 1.5940
17.1911 1.9886 1.5879
17.1909 2.0052 1.5821
17.1906 2.0218 1.5767
17.1904 2.0384 1.5717
17.1902 2.0550 1.5670
17.1899 2.0716 1.5626
17.1897 2.0883 1.5585
17.1894 2.1049 1.5548
17.1892 2.1215 1.5514
17.1890 2.1382 1.5483
17.1888 2.1548 1.5455
17.1886 2.1715 1.5430
17.1884 2.1881 1.5408
17.1882 2.2048 1.5389
17.1881 2.2214 1.5373
17.1880 2.2381 1.5359
17.1879 2.2548 1.5349
17.1878 2.2715 1.5341
17.1878 2.2881 1.5337
17.1878 2.3048 1.5335
17.1879 2.3215 1.5336
17.1880 2.3382 1.5340
17.1882 2.3549 1.5346
17.1884 2.3716 1.5356
17.1886 2.3883 1.5368
17.1890 2.4050 1.5384
17.1893 2.4217 1.5402
17.1898 2.4384 1.5423
17.1903 2.4551 1.5448
17.1909 2.4718 1.5475
17.1915 2.4885 1.5505
17.1922 2.5052 1.5539
17.1929 2.5219 1.5576
17.1936 2.5387 1.5616
17.1943 2.5554 1.5659
17.1951 2.5721 1.5706
17.1958 2.5888 1.5756
17.1966 2.6055 1.5810
17.1973 2.6222 1.5863
17.1979 2.6388 1.5911
17.1985 2.6555 1.5953
17.1991 2.6722 1.5989
17.1996 2.6889 1.6019
17.2000 2.7055 1.6044
17.2004 2.7221 1.6062
17.2006 2.7388 1.6074
17.2008 2.7554 1.6080
17.2008 2.7720 1.6080
17.2007 2.7886 1.6074
17.2005 2.8052 1.6062
17.2001 2.8217 1.6043
17.1996 2.8383 1.6017
17.1989 2.8548 1.5985
17.1981 2.8714 1.5947
17.1972 2.8879 1.5904
17.1962 2.9044 1.5856
17.1952 2.9209 1.5805
17.1940 2.9374 1.5751
17.1928 2.9540 1.5696
17.1916 2.9705 1.5639
17.1904 2.9870 1.5581
17.1891 3.0036 1.5534
17.1879 3.0202 1.5507
17.1861 3.0451 1.5498
17.1845 3.0700 1.5505
17.1830 3.0951 1.5527
17.1818 3.1202 1.5564
17.1808 3.1454 1.5614
17.1802 3.1707 1.5677
17.1800 3.1961 1.5754
17.1802 3.2216 1.5844
17.1808 3.2473 1.5946
17.1817 3.2730 1.6063
17.1826 3.2987 1.6193
17.1836 3.3244 1.6338
17.1845 3.3501 1.6499
17.1851 3.3756 1.6677
17.1853 3.4011 1.6873
17.1849 3.4263 1.7089
17.1839 3.4514 1.7326
17.1821 3.4762 1.7586
17.1794 3.5007 1.7872
17.1757 3.5248 1.8186
17.1707 3.5487 1.8532
17.1645 3.5721 1.8910
17.1568 3.5950 1.9320
17.1476 3.6175 1.9760
17.1370 3.6395 2.0228
17.1251 3.6610 2.0722
17.1120 3.6820 2.1237
17.0976 3.7025 2.1768
17.0822 3.7225 2.2310
17.0658 3.7420 2.2858
17.0485 3.7609 2.3405
17.0303 3.7792 2.3945
17.0114 3.7970 2.4447
16.9918 3.8142 2.4885
16.9716 3.8309 2.5270
16.9508 3.8469 2.5607
16.9297 3.8624 2.5904
16.9082 3.8772 2.6166
16.8864 3.8915 2.6397
16.8643 3.9051 2.6599
16.8421 3.9181 2.6777
16.8196 3.9304 2.6932
16.7969 3.9422 2.7066
16.7740 3.9533 2.7199
16.7509 3.9638 2.7351
16.7278 3.9737 2.7525
16.7045 3.9829 2.7718
16.6811 3.9916 2.7932
16.6576 3.9996 2.8165
16.6341 4.0069 2.8417
16.6105 4.0137 2.8685
16.5870 4.0198 2.8968
16.5634 4.0253 2.9264
16.5398 4.0301 2.9569
16.5162 4.0343 2.9881
16.4926 4.0380 3.0196
16.4689 4.0410 3.0512
16.4450 4.0434 3.0825
16.4210 4.0452 3.1133
16.3967 4.0465 3.1433
16.3722 4.0472 3.1722
16.3473 4.0473 3.2000
16.3222 4.0469 3.2264
16.2966 4.0460 3.2514
16.2706 4.0445 3.2749
16.2441 4.0426 3.2968
16.2172 4.0401 3.3132
16.1896 4.0371 3.3208
16.1615 4.0337 3.3204
16.1329 4.0299 3.3120
16.1041 4.0260 3.2954
16.0752 4.0222 3.2694
16.0465 4.0188 3.2325
16.0183 4.0159 3.1820
15.9906 4.0137 3.1141
15.9638 4.0125 3.0235
15.9380 4.0125 2.9032
15.9135 4.0140 2.7456
15.8905 4.0171 2.5653
15.8692 4.0220 2.3901
15.8499 4.0290 2.2310
15.8326 4.0384 2.0943
15.8178 4.0502 1.9814
15.8053 4.0646 1.8905
15.7951 4.0814 1.8187
15.7870 4.1003 1.7631
15.7808 4.1212 1.7211
15.7762 4.1439 1.6908
15.7733 4.1681 1.6711
15.7716 4.1937 1.6567
15.7711 4.2204 1.6431
15.7717 4.2480 1.6303
15.7730 4.2765 1.6184
15.7750 4.3054 1.6073
15.7774 4.3347 1.5970
15.7802 4.3641 1.5875
15.7830 4.3935 1.5789
15.7857 4.4225 1.5710
15.7882 4.4511 1.5639
15.7902 4.4790 1.5575
15.7917 4.5061 1.5520
15.7926 4.5324 1.5472
15.7931 4.5581 1.5432
15.7932 4.5832 1.5399
15.7930 4.6080 1.5373
15.7926 4.6323 1.5356
15.7920 4.6565 1.5345
15.7913 4.6805 1.5342
15.7906 4.7046 1.5346
15.7899 4.7287 1.5358
15.7894 4.7530 1.5377
15.7889 4.7775 1.5400
15.7886 4.8021 1.5422
15.7883 4.8268 1.5444
15.7881 4.8517 1.5465
15.7880 4.8767 1.5487
15.7880 4.9018 1.5508
15.7881 4.9269 1.5528
15.7882 4.9522 1.5549
15.7884 4.9774 1.5569
15.7886 5.0027 1.5589
15.7889 5.0280 1.5608
15.7892 5.0533 1.5628
15.7896 5.0786 1.5647
15.7900 5.1039 1.5666
15.7904 5.1291 1.5684
15.7908 5.1543 1.5702
15.7913 5.1794 1.5720
15.7917 5.2045 1.5738
15.7920 5.2295 1.5756
15.7924 5.2545 1.5773
15.7926 5.2795 1.5790
15.7928 5.3045 1.5807
15.7928 5.3295 1.5823
15.7928 5.3544 1.5839
15.7926 5.3793 1.5855
15.7923 5.4043 1.5871
15.7918 5.4292 1.5886
15.7911 5.4541 1.5901
15.7903 5.4790 1.5916
15.7892 5.5040 1.5931
15.7879 5.5289 1.5946
15.7865 5.5538 1.5960
15.7850 5.5788 1.5974
15.7834 5.6038 1.5987
15.7817 5.6287 1.6001
15.7800 5.6537 1.6014
15.7783 5.6787 1.6027
15.7767 5.7037 1.6040
15.7752 5.7286 1.6053
15.7738 5.7536 1.6065
15.7726 5.7786 1.6077
15.7715 5.8036 1.6089
15.7707 5.8286 1.6100
15.7702 5.8536 1.6112
15.7699 5.8786 1.6123
15.7700 5.9036 1.6132
15.7703 5.9285 1.6135
15.7708 5.9535 1.6135
15.7715 5.9785 1.6129
15.7723 6.0035 1.6118
15.7733 6.0285 1.6103
15.7743 6.0535 1.6083
15.7753 6.0785 1.6058
15.7764 6.1035 1.6028
15.7773 6.1285 1.5993
15.7782 6.1535 1.5953
15.7789 6.1785 1.5909
15.7795 6.2035 1.5859
15.7799 6.2285 1.5804
15.7800 6.2536 1.5744
15.7798 6.2786 1.5679
15.7795 6.3036 1.5609
15.7789 6.3287 1.5534
15.7782 6.3537 1.5454
15.7774 6.3788 1.5368
15.7767 6.4038 1.5277
15.7760 6.4288 1.5181
15.7754 6.4539 1.5080
15.7749 6.4789 1.4974
15.7748 6.5039 1.4862
15.7749 6.5289 1.4745
15.7753 6.5539 1.4623
15.7762 6.5788 1.4496
15.7775 6.6038 1.4364
15.7793 6.6287 1.4226
15.7818 6.6536 1.4084
15.7848 6.6784 1.3936
15.7884 6.7032 1.3784
15.7926 6.7280 1.3627
15.7973 6.7527 1.3465
15.8026 6.7772 1.3299
15.8085 6.8017 1.3129
15.8149 6.8260 1.2954
15.8218 6.8502 1.2775
15.8292 6.8743 1.2593
15.8371 6.8982 1.2407
15.8455 6.9219 1.2217
15.8544 6.9454 1.2025
15.8638 6.9687 1.1829
15.8737 6.9918 1.1631
15.8840 7.0146 1.1440
15.8947 7.0373 1.1265
15.9058 7.0596 1.1106
15.9174 7.0818 1.0962
15.9292 7.1038 1.0834
15.9414 7.1257 1.0719
15.9538 7.1474 1.0619
15.9664 7.1689 1.0533
15.9793 7.1904 1.0461
15.9923 7.2118 1.0402
16.0054 7.2331 1.0356
16.0187 7.2543 1.0323
16.0320 7.2756 1.0304
16.0454 7.2968 1.0297
16.0587 7.3180 1.0303
16.0720 7.3392 1.0323
16.0853 7.3605 1.0355
16.0984 7.3819 1.0401
16.1115 7.4033 1.0460
16.1244 7.4247 1.0533
16.1371 7.4463 1.0619
16.1497 7.4679 1.0720
16.1621 7.4897 1.0836
16.1742 7.5116 1.0960
16.1861 7.5336 1.1088
16.1978 7.5557 1.1219
16.2091 7.5780 1.1354
16.2202 7.6004 1.1491
16.2309 7.6230 1.1632
16.2412 7.6458 1.1777
16.2512 7.6688 1.1924
16.2607 7.6919 1.2074
16.2699 7.7153 1.2227
16.2787 7.7388 1.2383
16.2870 7.7625 1.2542
16.2949 7.7863 1.2704
16.3024 7.8103 1.2868
16.3094 7.8344 1.3034
16.3160 7.8587 1.3202
16.3222 7.8830 1.3373
16.3279 7.9075 1.3546
16.3331 7.9320 1.3720
16.3379 7.9566 1.3896
16.3422 7.9813 1.4073
16.3460 8.0061 1.4252
16.3494 8.0309 1.4431
16.3522 8.0557 1.4606
16.3546 8.0806 1.4769
16.3566 8.1055 1.4923
16.3582 8.1305 1.5065
16.3594 8.1554 1.5197
16.3603 8.1804 1.5319
16.3609 8.2054 1.5430
16.3613 8.2304 1.5531
16.3615 8.2555 1.5622
16.3615 8.2805 1.5704
16.3613 8.3056 1.5775
16.3611 8.3306 1.5837
16.3608 8.3557 1.5889
16.3604 8.3807 1.5932
16.3601 8.4058 1.5965
16.3598 8.4308 1.5989
16.3596 8.4559 1.6004
16.3594 8.4809 1.6010
16.3593 8.5059 1.6006
16.3592 8.5309 1.5993
16.3592 8.5560 1.5971
16.3592 8.5810 1.5940
16.3592 8.6060 1.5900
16.3593 8.6310 1.5857
16.3593 8.6560 1.5816
16.3594 8.6810 1.5778
16.3595 8.7059 1.5742
16.3597 8.7309 1.5709
16.3598 8.7559 1.5679
16.3599 8.7809 1.5651
16.3601 8.8059 1.5625
16.3602 8.8309 1.5603
16.3603 8.8559 1.5582
16.3604 8.8809 1.5565
16.3605 8.9059 1.5550
16.3606 8.9309 1.5537
16.3606 8.9559 1.5527
16.3607 8.9809 1.5520
16.3607 9.0060 1.5516
16.3607 9.0310 1.5514
16.3606 9.0560 1.5514
16.3606 9.0810 1.5518
16.3605 9.1060 1.5524
16.3603 9.1310 1.5533
16.3602 9.1560 1.5544
16.3600 9.1810 1.5569
16.3597 9.2060 1.5617
16.3594 9.2310 1.5687
16.3590 9.2561 1.5779
16.3586 9.2811 1.5892
16.3582 9.3061 1.6025
16.3576 9.3311 1.6175
16.3571 9.3561 1.6342
16.3564 9.3811 1.6523
16.3557 9.4061 1.6716
16.3550 9.4311 1.6918
16.3541 9.4561 1.7128
16.3532 9.4810 1.7297
16.3522 9.5060 1.7385
16.3511 9.5310 1.7398
16.3500 9.5560 1.7336
16.3374 9.5896 1.7200
16.3274 9.6217 1.6985
16.3200 9.6523 1.6683
16.3149 9.6815 1.6283
16.3122 9.7094 1.5770
16.3116 9.7360 1.5126
16.3131 9.7614 1.4329
16.3165 9.7857 1.3446
16.3218 9.8090 1.2572
16.3288 9.8313 1.1727
16.3374 9.8527 1.0930
16.3475 9.8733 1.0194
16.3591 9.8932 0.9530
16.3719 9.9123 0.8941
16.3859 9.9309 0.8431
16.4009 9.9489 0.7997
16.4169 9.9664 0.7637
16.4337 9.9836 0.7349
16.4513 10.0005 0.7128
16.4694 10.0171 0.6972
16.4881 10.0335 0.6878
16.5071 10.0498 0.6843
16.5265 10.0661 0.6866
16.5459 10.0825 0.6945
16.5655 10.0990 0.7080
16.5850 10.1156 0.7271
16.6043 10.1325 0.7518
16.6233 10.1498 0.7822
16.6419 10.1674 0.8181
16.6600 10.1855 0.8565
16.6775 10.2042 0.8943
16.6944 10.2235 0.9317
16.7104 10.2433 0.9687
16.7258 10.2636 1.0054
16.7403 10.2845 1.0420
16.7541 10.3058 1.0786
16.7670 10.3277 1.1152
16.7790 10.3500 1.1521
16.7902 10.3727 1.1893
16.8004 10.3958 1.2270
16.8097 10.4193 1.2652
16.8180 10.4432 1.3041
16.8253 10.4674 1.3438
16.8316 10.4919 1.3844
16.8368 10.5168 1.4261
16.8409 10.5419 1.4689
16.8438 10.5672 1.5129
16.8457 10.5928 1.5583
16.8465 10.6184 1.6051
16.8461 10.6441 1.6535
16.8446 10.6697 1.7034
16.8420 10.6953 1.7549
16.8383 10.7207 1.8067
16.8334 10.7459 1.8575
16.8275 10.7707 1.9071
16.8203 10.7952 1.9556
16.8121 10.8192 2.0029
16.8027 10.8428 2.0491
16.7922 10.8657 2.0941
16.7805 10.8881 2.1379
16.7677 10.9097 2.1807
16.7538 10.9305 2.2224
16.7388 10.9506 2.2632
16.7228 10.9699 2.3031
16.7058 10.9885 2.3422
16.6880 11.0063 2.3806
16.6693 11.0233 2.4183
16.6499 11.0396 2.4554
16.6298 11.0552 2.4921
16.6090 11.0701 2.5283
16.5877 11.0842 2.5643
16.5658 11.0976 2.6000
16.5435 11.1103 2.6356
16.5208 11.1222 2.6711
16.4978 11.1335 2.7062
16.4745 11.1440 2.7406
16.4510 11.1539 2.7744
16.4273 11.1630 2.8076
16.4035 11.1715 2.8402
16.3794 11.1792 2.8724
16.3553 11.1862 2.9043
16.3309 11.1925 2.9359
16.3064 11.1981 2.9673
16.2818 11.2029 2.9985
16.2571 11.2071 3.0297
16.2322 11.2104 3.0610
16.2072 11.2131 3.0924
16.1822 11.2150 3.1239
16.1570 11.2161 3.1558
16.1318 11.2166 3.1880
16.1064 11.2162 3.2207
16.0811 11.2151 3.2540
16.0557 11.2132 3.2879
16.0303 11.2106 3.3226
16.0049 11.2072 3.3581
15.9797 11.2030 3.3945
15.9547 11.1979 3.4320
15.9299 11.1921 3.4702
15.9053 11.1855 3.5087
15.8810 11.1780 3.5474
15.8571 11.1697 3.5862
15.8336 11.1605 3.6250
15.8105 11.1505 3.6637
15.7880 11.1396 3.7021
15.7659 11.1279 3.7402
15.7445 11.1153 3.7778
15.7237 11.1017 3.8149
15.7035 11.0873 3.8513
15.6841 11.0720 3.8870
15.6655 11.0557 3.9220
15.6477 11.0386 3.9562
15.6308 11.0205 3.9895
15.6148 11.0014 4.0219
15.5998 10.9814 4.0533
15.5857 10.9605 4.0838
15.5728 10.9385 4.1134
15.5609 10.9156 4.1420
15.5502 10.8917 4.1697
15.5408 10.8668 4.1964
15.5325 10.8409 4.2222
15.5256 10.8140 4.2484
15.5200 10.7860 4.2766
15.4982 10.7584 4.3073
15.4792 10.7313 4.3409
15.4629 10.7047 4.3781
15.4491 10.6785 4.4195
15.4377 10.6527 4.4658
15.4288 10.6275 4.5181
15.4221 10.6026 4.5774
15.4176 10.5782 4.6447
15.4152 10.5542 4.7213
15.4147 10.5306 4.8084
15.4162 10.5074 4.8992
15.4194 10.4845 4.9854
15.4244 10.4621 5.0652
15.4310 10.4400 5.1374
15.4391 10.4182 5.2015
15.4486 10.3969 5.2571
15.4594 10.3758 5.3045
15.4715 10.3551 5.3437
15.4847 10.3347 5.3751
15.4989 10.3145 5.3989
15.5141 10.2947 5.4155
15.5301 10.2752 5.4285
15.5469 10.2560 5.4416
15.5644 10.2370 5.4546
15.5824 10.2183 5.4676
15.6009 10.1998 5.4804
15.6197 10.1815 5.4931
15.6389 10.1635 5.5056
15.6582 10.1457 5.5179
15.6776 10.1282 5.5300
15.6970 10.1108 5.5417
15.7165 10.0937 5.5532
15.7360 10.0768 5.5664
15.7556 10.0604 5.5836
15.7753 10.0443 5.6048
15.7953 10.0287 5.6301
15.8155 10.0137 5.6597
15.8359 9.9992 5.6935
15.8567 9.9854 5.7319
15.8778 9.9723 5.7750
15.8994 9.9599 5.8228
15.9214 9.9484 5.8755
15.9439 9.9377 5.9329
15.9669 9.9280 5.9911
15.9905 9.9192 6.0465
16.0147 9.9115 6.0994
16.0395 9.9048 6.1503
16.0648 9.8992 6.1996
16.0904 9.8948 6.2477
16.1163 9.8915 6.2950
16.1424 9.8893 6.3421
16.1685 9.8884 6.3895
16.1947 9.8886 6.4376
16.2207 9.8901 6.4872
16.2464 9.8928 6.5389
16.2719 9.8967 6.5919
16.2969 9.9020 6.6444
16.3213 9.9085 6.6954
16.3452 9.9164 6.7441
16.3682 9.9257 6.7896
16.3905 9.9363 6.8312
16.4119 9.9482 6.8686
16.4324 9.9615 6.9013
16.4522 9.9758 6.9293
16.4713 9.9912 6.9524
16.4899 10.0075 6.9707
16.5080 10.0246 6.9850
16.5257 10.0422 6.9960
16.5432 10.0604 7.0041
16.5605 10.0791 7.0094
16.5777 10.0979 7.0121
16.5949 10.1169 7.0123
16.6123 10.1360 7.0100
16.6298 10.1549 7.0054
16.6477 10.1736 6.9983
16.6659 10.1920 6.9888
16.6846 10.2099 6.9768
16.7038 10.2272 6.9623
16.7234 10.2440 6.9451
16.7436 10.2601 6.9251
16.7641 10.2756 6.9021
16.7851 10.2904 6.8760
16.8065 10.3044 6.8464
16.8283 10.3176 6.8133
16.8504 10.3299 6.7762
16.8729 10.3414 6.7351
16.8957 10.3519 6.6896
16.9189 10.3614 6.6396
16.9423 10.3699 6.5881
16.9660 10.3774 6.5387
16.9900 10.3837 6.4919
17.0142 10.3889 6.4478
17.0386 10.3928 6.4067
17.0632 10.3956 6.3688
17.0881 10.3970 6.3343
17.1131 10.3971 6.3030
17.1382 10.3958 6.2752
17.1635 10.3931 6.2506
17.1889 10.3889 6.2294
17.2144 10.3832 6.2113
17.2400 10.3760 6.1965
17.2650 10.3760 6.1847
17.2901 10.3760 6.1760
17.3151 10.3760 6.1703
17.3401 10.3760 6.1675
17.3652 10.3760 6.1676
17.3902 10.3760 6.1706
17.4153 10.3760 6.1764
17.4403 10.3760 6.1850
17.4653 10.3760 6.1965
17.4904 10.3760 6.2109
17.5154 10.3760 6.2261
17.5404 10.3760 6.2403
17.5655 10.3760 6.2534
17.5905 10.3760 6.2655
17.6156 10.3760 6.2765
17.6406 10.3760 6.2865
17.6656 10.3760 6.2955
17.6907 10.3760 6.3035
17.7157 10.3760 6.3105
17.7407 10.3760 6.3164
17.7658 10.3760 6.3214
17.7908 10.3760 6.3253
17.8159 10.3760 6.3283
17.8409 10.3760 6.3303
17.8659 10.3760 6.3313
17.8910 10.3760 6.3313
17.9160 10.3760 6.3303
17.9410 10.3760 6.3283
17.9661 10.3760 6.3253
17.9911 10.3760 6.3213
18.0162 10.3760 6.3163
18.0412 10.3760 6.3102
18.0662 10.3760 6.3039
18.0913 10.3760 6.2979
18.1163 10.3760 6.2923
18.1413 10.3760 6.2872
18.1664 10.3760 6.2824
18.1914 10.3760 6.2781
18.2164 10.3760 6.2742
18.2415 10.3760 6.2706
18.2665 10.3760 6.2676
18.2916 10.3760 6.2649
18.3166 10.3760 6.2626
18.3416 10.3760 6.2608
18.3667 10.3760 6.2594
18.3917 10.3760 6.2585
18.4168 10.3760 6.2580
18.4418 10.3760 6.2579
18.4668 10.3760 6.2582
18.4919 10.3760 6.2590
18.5169 10.3760 6.2602
18.5420 10.3760 6.2618
18.5670 10.3760 6.2639
18.5921 10.3760 6.2664
18.6171 10.3760 6.2694
18.6421 10.3760 6.2725
18.6672 10.3760 6.2755
18.6922 10.3760 6.2783
18.7172 10.3760 6.2810
18.7422 10.3760 6.2837
18.7673 10.3760 6.2861
18.7923 10.3760 6.2885
18.8173 10.3759 6.2907
18.8423 10.3759 6.2928
18.8673 10.3759 6.2948
18.8924 10.3759 6.2966
18.9174 10.3759 6.2983
18.9424 10.3758 6.2999
18.9674 10.3758 6.3014
18.9925 10.3758 6.3027
19.0175 10.3758 6.3039
19.0426 10.3759 6.3050
19.0676 10.3759 6.3059
19.0927 10.3759 6.3067
19.1178 10.3760 6.3074
19.1429 10.3760 6.3080
19.1680 10.3761 6.3084
19.1931 10.3763 6.3088
19.2182 10.3765 6.3096
19.2433 10.3769 6.3118
19.2684 10.3774 6.3152
19.2934 10.3781 6.3198
19.3185 10.3790 6.3258
19.3435 10.3801 6.3330
19.3685 10.3815 6.3414
19.3935 10.3832 6.3512
19.4185 10.3852 6.3623
19.4434 10.3876 6.3747
19.4682 10.3904 6.3884
19.4930 10.3936 6.4035
19.5178 10.3972 6.4199
19.5425 10.4013 6.4377
19.5671 10.4059 6.4569
19.5916 10.4109 6.4775
19.6161 10.4164 6.4995
19.6404 10.4224 6.5229
19.6647 10.4289 6.5477
19.6888 10.4358 6.5739
19.7128 10.4433 6.6014
19.7367 10.4512 6.6302
19.7604 10.4596 6.6603
19.7839 10.4685 6.6905
19.8073 10.4779 6.7200
19.8305 10.4878 6.7486
19.8535 10.4982 6.7766
19.8764 10.5091 6.8038
19.8990 10.5205 6.8303
19.9213 10.5324 6.8562
19.9435 10.5448 6.8814
19.9653 10.5577 6.9061
19.9868 10.5712 6.9302
20.0079 10.5851 6.9539
20.0286 10.5995 6.9771
20.0490 10.6145 6.9999
20.0689 10.6299 7.0222
20.0884 10.6459 7.0443
20.1073 10.6624 7.0661
20.1258 10.6794 7.0876
20.1437 10.6969 7.1088
20.1610 10.7149 7.1299
20.1777 10.7334 7.1509
20.1939 10.7525 7.1718
20.2093 10.7720 7.1926
20.2243 10.7920 7.2134
20.2386 10.8124 7.2344
20.2524 10.8332 7.2554
20.2657 10.8544 7.2766
20.2785 10.8760 7.2978
20.2909 10.8979 7.3192
20.3028 10.9201 7.3405
20.3143 10.9425 7.3620
20.3255 10.9652 7.3835
20.3362 10.9881 7.4051
20.3467 11.0112 7.4268
20.3568 11.0345 7.4485
20.3667 11.0579 7.4702
20.3762 11.0814 7.4919
20.3856 11.1049 7.5137
20.3946 11.1286 7.5355
20.4033 11.1524 7.5573
20.4116 11.1762 7.5792
20.4196 11.2002 7.6010
20.4271 11.2242 7.6228
20.4342 11.2483 7.6446
20.4409 11.2725 7.6664
20.4470 11.2968 7.6881
20.4526 11.3211 7.7093
20.4577 11.3456 7.7292
20.4622 11.3701 7.7480
20.4660 11.3947 7.7655
20.4692 11.4193 7.7819
20.4718 11.4441 7.7970
20.4737 11.4689 7.8110
20.4750 11.4938 7.8239
20.4758 11.5187 7.8356
20.4761 11.5437 7.8461
20.4759 11.5687 7.8555
20.4753 11.5938 7.8638
20.4744 11.6188 7.8710
20.4731 11.6440 7.8771
20.4716 11.6691 7.8822
20.4699 11.6942 7.8861
20.4680 11.7193 7.8891
20.4660 11.7445 7.8909
20.4639 11.7696 7.8918
20.4618 11.7947 7.8916
20.4597 11.8197 7.8904
20.4577 11.8448 7.8881
20.4557 11.8698 7.8856
20.4538 11.8948 7.8837
20.4520 11.9197 7.8825
20.4503 11.9447 7.8818
20.4487 11.9697 7.8817
20.4473 11.9946 7.8823
20.4459 12.0196 7.8834
20.4446 12.0445 7.8851
20.4435 12.0695 7.8875
20.4425 12.0945 7.8904
20.4417 12.1195 7.8940
20.4409 12.1446 7.8981
20.4404 12.1696 7.9029
20.4400 12.1948 7.9084
20.4398 12.2199 7.9144
20.4397 12.2451 7.9211
20.4396 12.2703 7.9285
20.4396 12.2955 7.9365
20.4394 12.3208 7.9452
20.4392 12.3459 7.9546
20.4387 12.3711 7.9647
20.4380 12.3962 7.9755
20.4370 12.4213 7.9869
20.4356 12.4463 7.9991
20.4338 12.4713 8.0120
20.4315 12.4961 8.0257
20.4287 12.5208 8.0401
20.4252 12.5455 8.0552
20.4211 12.5700 8.0711
20.4163 12.5943 8.0878
20.4107 12.6185 8.1052
20.4045 12.6426 8.1234
20.3975 12.6665 8.1423
20.3899 12.6903 8.1619
20.3817 12.7139 8.1824
20.3729 12.7374 8.2035
20.3635 12.7607 8.2254
20.3536 12.7839 8.2479
20.3431 12.8069 8.2711
20.3322 12.8297 8.2950
20.3208 12.8523 8.3195
20.3089 12.8748 8.3445
20.2966 12.8972 8.3701
20.2839 12.9193 8.3962
20.2709 12.9413 8.4227
20.2574 12.9630 8.4493
20.2436 12.9846 8.4755
20.2294 13.0058 8.5016
20.2148 13.0267 8.5275
20.1997 13.0472 8.5533
20.1842 13.0673 8.5790
20.1682 13.0869 8.6046
20.1517 13.1060 8.6303
20.1347 13.1245 8.6560
20.1173 13.1425 8.6818
20.0993 13.1598 8.7078
20.0807 13.1764 8.7340
20.0617 13.1923 8.7604
20.0420 13.2074 8.7870
20.0218 13.2217 8.8140
20.0009 13.2351 8.8413
19.9796 13.2478 8.8690
19.9577 13.2597 8.8972
19.9354 13.2709 8.9258
19.9126 13.2814 8.9549
19.8895 13.2912 8.9845
19.8660 13.3004 9.0147
19.8423 13.3091 9.0454
19.8182 13.3171 9.0758
19.7939 13.3247 9.1049
19.7695 13.3318 9.1325
19.7449 13.3384 9.1587
19.7202 13.3446 9.1835
19.6954 13.3504 9.2069
19.6706 13.3559 9.2288
19.6458 13.3610 9.2494
19.6210 13.3659 9.2685
19.5962 13.3705 9.2863
19.5714 13.3747 9.3027
19.5466 13.3787 9.3177
19.5218 13.3825 9.3315
19.4970 13.3860 9.3439
19.4722 13.3892 9.3551
19.4474 13.3922 9.3650
19.4226 13.3949 9.3736
19.3978 13.3974 9.3811
19.3729 13.3998 9.3873
19.3480 13.4019 9.3923
19.3232 13.4038 9.3961
19.2983 13.4055 9.3987
19.2733 13.4070 9.4001
19.2484 13.4084 9.4008
19.2234 13.4096 9.4016
19.1984 13.4106 9.4025
19.1734 13.4115 9.4033
19.1484 13.4123 9.4041
19.1234 13.4130 9.4050
19.0983 13.4136 9.4058
19.0733 13.4141 9.4067
19.0482 13.4145 9.4076
19.0232 13.4149 9.4085
18.9981 13.4152 9.4094
18.9730 13.4154 9.4103
18.9480 13.4157 9.4113
18.9229 13.4159 9.4122
18.8978 13.4161 9.4132
18.8728 13.4163 9.4141
18.8477 13.4165 9.4151
18.8227 13.4167 9.4161
18.7976 13.4169 9.4171
18.7726 13.4170 9.4181
18.7475 13.4171 9.4191
18.7225 13.4172 9.4201
18.6975 13.4173 9.4212
18.6724 13.4173 9.4222
18.6474 13.4172 9.4233
18.6224 13.4171 9.4243
18.5974 13.4169 9.4254
18.5723 13.4166 9.4265
18.5473 13.4163 9.4276
18.5223 13.4159 9.4287
18.4973 13.4154 9.4297
18.4722 13.4148 9.4308
18.4472 13.4142 9.4319
18.4222 13.4135 9.4331
18.3971 13.4128 9.4342
18.3721 13.4120 9.4353
18.3471 13.4113 9.4364
18.3221 13.4105 9.4375
18.2970 13.4097 9.4387
18.2720 13.4090 9.4398
18.2470 13.4083 9.4409
18.2219 13.4077 9.4421
18.1969 13.4071 9.4432
18.1719 13.4066 9.4444
18.1468 13.4061 9.4455
18.1218 13.4057 9.4465
18.0968 13.4055 9.4473
18.0718 13.4053 9.4478
18.0467 13.4052 9.4481
18.0217 13.4051 9.4481
17.9967 13.4051 9.4479
17.9716 13.4051 9.4475
17.9466 13.4052 9.4468
17.9215 13.4053 9.4459
17.8965 13.4054 9.4447
17.8715 13.4056 9.4433
17.8464 13.4057 9.4417
17.8214 13.4058 9.4398
17.7963 13.4059 9.4377
17.7713 13.4060 9.4353
17.7462 13.4060 9.4328
17.7212 13.4060 9.4299
17.6961 13.4060 9.4269
17.6711 13.4059 9.4236
17.6460 13.4059 9.4200
17.6210 13.4058 9.4162
17.5959 13.4057 9.4122
17.5709 13.4057 9.4080
17.5459 13.4056 9.4039
17.5208 13.4056 9.4006
17.4958 13.4056 9.3980
17.4708 13.4056 9.3960
17.4457 13.4056 9.3948
17.4207 13.4057 9.3943
17.3957 13.4059 9.3945
17.3707 13.4061 9.3954
17.3457 13.4063 9.3970
17.3207 13.4066 9.3993
17.2957 13.4070 9.4023
17.2707 13.4073 9.4060
17.2457 13.4076 9.4104
17.2207 13.4079 9.4156
17.1957 13.4081 9.4215
17.1707 13.4082 9.4280
17.1457 13.4083 9.4354
17.1207 13.4082 9.4434
17.0956 13.4081 9.4522
17.0705 13.4078 9.4617
17.0454 13.4073 9.4720
17.0203 13.4067 9.4830
16.9951 13.4058 9.4948
16.9699 13.4048 9.5074
16.9447 13.4035 9.5208
16.9195 13.4019 9.5351
16.8944 13.3999 9.5503
16.8692 13.3977 9.5664
16.8442 13.3950 9.5833
16.8192 13.3919 9.6012
16.7943 13.3883 9.6200
16.7695 13.3843 9.6397
16.7448 13.3797 9.6604
16.7203 13.3745 9.6820
16.6960 13.3687 9.7046
16.6718 13.3623 9.7281
16.6478 13.3552 9.7525
16.6240 13.3474 9.7780
16.6005 13.3389 9.8043
16.5772 13.3296 9.8315
16.5542 13.3196 9.8596
16.5314 13.3088 9.8884
16.5089 13.2974 9.9181
16.4868 13.2854 9.9485
16.4650 13.2727 9.9796
16.4435 13.2594 10.0105
16.4224 13.2454 10.0405
16.4017 13.2309 10.0697
16.3814 13.2158 10.0981
16.3615 13.2002 10.1258
16.3420 13.1841 10.1527
16.3230 13.1674 10.1790
16.3044 13.1502 10.2047
16.2864 13.1326 10.2298
16.2688 13.1145 10.2544
16.2517 13.0960 10.2786
16.2351 13.0771 10.3024
16.2190 13.0577 10.3258
16.2033 13.0380 10.3490
16.1882 13.0179 10.3718
16.1735 12.9974 10.3945
16.1594 12.9766 10.4170
16.1457 12.9555 10.4394
16.1325 12.9341 10.4618
16.1198 12.9124 10.4841
16.1076 12.8904 10.5065
16.0959 12.8681 10.5289
16.0846 12.8456 10.5513
16.0739 12.8229 10.5733
16.0636 12.8000 10.5949
16.0538 12.7769 10.6162
16.0445 12.7536 10.6369
16.0357 12.7301 10.6573
16.0273 12.7064 10.6772
16.0194 12.6826 10.6966
16.0119 12.6586 10.7155
16.0049 12.6345 10.7339
15.9983 12.6102 10.7518
15.9922 12.5859 10.7692
15.9865 12.5614 10.7860
15.9812 12.5368 10.8023
15.9763 12.5122 10.8181
15.9719 12.4874 10.8333
15.9679 12.4626 10.8481
15.9642 12.4377 10.8622
15.9610 12.4128 10.8759
15.9580 12.3878 10.8890
15.9554 12.3628 10.9016
15.9531 12.3378 10.9137
15.9510 12.3128 10.9252
15.9492 12.2877 10.9362
15.9476 12.2627 10.9468
15.9461 12.2376 10.9568
15.9448 12.2126 10.9663
15.9436 12.1877 10.9753
15.9426 12.1627 10.9838
15.9416 12.1378 10.9919
15.9406 12.1130 10.9994
15.9397 12.0882 11.0065
15.9388 12.0635 11.0131
15.9379 12.0388 11.0193
15.9371 12.0142 11.0249
15.9363 11.9895 11.0301
15.9357 11.9648 11.0349
15.9352 11.9401 11.0391
15.9348 11.9153 11.0429
15.9347 11.8905 11.0463
15.9347 11.8655 11.0492
15.9349 11.8404 11.0516
15.9354 11.8152 11.0536
15.9361 11.7898 11.0551
15.9372 11.7642 11.0562
15.9386 11.7384 11.0548
15.9403 11.7124 11.0491
15.9423 11.6861 11.0390
15.9445 11.6597 11.0245
15.9467 11.6332 11.0054
15.9489 11.6067 10.9816
15.9507 11.5803 10.9533
15.9522 11.5540 10.9202
15.9530 11.5280 10.8825
15.9531 11.5022 10.8403
15.9524 11.4769 10.7938
15.9506 11.4520 10.7432
15.9476 11.4277 10.6931
15.9432 11.4039 10.6476
15.9374 11.3809 10.6066
15.9299 11.3587 10.5698
15.9206 11.3373 10.5372
15.9094 11.3168 10.5085
15.8965 11.2970 10.4834
15.8821 11.2779 10.4618
15.8665 11.2593 10.4435
15.8500 11.2409 10.4285
15.8328 11.2226 10.4166
15.8152 11.2042 10.4067
15.7974 11.1856 10.3979
15.7796 11.1666 10.3900
15.7623 11.1470 10.3833
15.7455 11.1267 10.3776
15.7296 11.1055 10.3730
15.7148 11.0832 10.3695
15.7009 11.0602 10.3671
15.6878 11.0365 10.3658
15.6752 11.0124 10.3656
15.6631 10.9882 10.3665
15.6512 10.9641 10.3644
15.6393 10.9403 10.3552
15.6273 10.9170 10.3386
15.6150 10.8946 10.3143
15.6022 10.8731 10.2816
15.5888 10.8529 10.2397
15.5745 10.8341 10.1879
15.5593 10.8171 10.1252
15.5428 10.8020 10.0509
15.5249 10.7890 9.9646
15.5056 10.7784 9.8665
15.4847 10.7701 9.7675
15.4625 10.7639 9.6786
15.4392 10.7595 9.6010
15.4148 10.7568 9.5349
15.3896 10.7554 9.4801
15.3637 10.7552 9.4358
15.3372 10.7559 9.4012
15.3103 10.7574 9.3756
15.2831 10.7593 9.3582
15.2559 10.7615 9.3486
15.2288 10.7638 9.3463
15.2018 10.7659 9.3510
15.1753 10.7676 9.3590
15.1490 10.7689 9.3668
15.1231 10.7698 9.3743
15.0975 10.7705 9.3816
15.0722 10.7708 9.3888
15.0470 10.7709 9.3959
15.0221 10.7708 9.4030
14.9974 10.7705 9.4100
14.9727 10.7700 9.4171
14.9482 10.7694 9.4243
14.9238 10.7688 9.4315
14.8994 10.7681 9.4383
14.8750 10.7674 9.4439
14.8505 10.7667 9.4482
14.8260 10.7661 9.4512
14.8015 10.7656 9.4529
14.7768 10.7652 9.4533
14.7520 10.7649 9.4522
14.7272 10.7647 9.4496
14.7023 10.7645 9.4456
14.6774 10.7644 9.4401
14.6523 10.7644 9.4332
14.6272 10.7645 9.4262
14.6021 10.7646 9.4208
14.5769 10.7647 9.4169
14.5517 10.7649 9.4145
14.5265 10.7651 9.4137
14.5013 10.7654 9.4143
14.4760 10.7656 9.4165
14.4507 10.7659 9.4201
14.4254 10.7662 9.4251
14.4001 10.7664 9.4315
14.3749 10.7667 9.4392
14.3496 10.7669 9.4462
14.3244 10.7671 9.4505
14.2992 10.7673 9.4521
14.2740 10.7675 9.4512
14.2489 10.7676 9.4477
14.2238 10.7676 9.4419
14.1987 10.7676 9.4336
14.1738 10.7676 9.4230
14.1489 10.7674 9.4102
14.1240 10.7672 9.3951
14.0993 10.7669 9.3779
14.0746 10.7665 9.3585
14.0500 10.7660 9.3363
14.0250 10.7666 9.3052
14.0000 10.7673 9.2479
13.9750 10.7679 9.0790
13.9500 10.7686 8.9101
13.9250 10.7692 8.7412
13.9000 10.7699 9.4179
13.8750 10.7705 9.4178
13.0861 10.7911 9.4177
13.0528 10.7920 9.2837
13.0196 10.7929 9.3689
12.9863 10.7938 9.3800
12.9531 10.7947 9.3909
12.9199 10.7957 9.4013
12.8866 10.7967 9.4112
12.8534 10.7977 9.4202
12.8202 10.7988 9.4282
12.7869 10.7998 9.4350
12.7537 10.8008 9.4405
12.7205 10.8018 9.4445
12.6872 10.8027 9.4469
12.6540 10.8036 9.4478
12.6208 10.8044 9.4472
12.5875 10.8051 9.4452
12.5543 10.8056 9.4420
12.5210 10.8061 9.4374
12.4877 10.8065 9.4315
12.4545 10.8068 9.4244
12.4212 10.8071 9.4159
12.3879 10.8074 9.4060
12.3546 10.8078 9.3948
12.3214 10.8084 9.3822
12.2881 10.8092 9.3681
12.2549 10.8103 9.3533
12.2217 10.8117 9.3387
12.1885 10.8134 9.3243
12.1554 10.8156 9.3100
12.1222 10.8183 9.2960
12.0891 10.8214 9.2822
12.0561 10.8250 9.2685
12.0231 10.8291 9.2551
11.9901 10.8337 9.2419
11.9572 10.8387 9.2289
11.9243 10.8442 9.2162
11.8916 10.8501 9.2037
11.8589 10.8564 9.1915
11.8263 10.8632 9.1795
11.7937 10.8704 9.1677
11.7613 10.8781 9.1562
11.7290 10.8862 9.1450
11.6968 10.8946 9.1340
11.6647 10.9035 9.1232
11.6327 10.9129 9.1128
11.6008 10.9227 9.1025
11.5691 10.9329 9.0926
11.5376 10.9435 9.0829
11.5062 10.9546 9.0735
11.4750 10.9661 9.0643
11.4440 10.9781 9.0554
11.4132 10.9905 9.0468
11.3826 11.0034 9.0385
11.3521 11.0167 9.0304
11.3218 11.0304 9.0225
11.2917 11.0443 9.0149
11.2616 11.0585 9.0076
11.2317 11.0729 9.0006
11.2018 11.0875 8.9938
11.1719 11.1020 8.9872
11.1419 11.1166 8.9810
11.1120 11.1312 8.9749
11.0820 11.1456 8.9692
11.0519 11.1598 8.9637
11.0217 11.1739 8.9584
10.9914 11.1878 8.9534
10.9611 11.2016 8.9486
10.9309 11.2155 8.9441
10.9007 11.2295 8.9399
10.8705 11.2436 8.9359
10.8405 11.2579 8.9321
10.8107 11.2726 8.9286
10.7810 11.2875 8.9254
10.7516 11.3030 8.9225
10.7225 11.3189 8.9198
10.6937 11.3354 8.9174
10.6652 11.3525 8.9154
10.6369 11.3700 8.9136
10.6089 11.3878 8.9120
10.5809 11.4059 8.9108
10.5530 11.4240 8.9098
10.5251 11.4422 8.9092
10.4972 11.4603 8.9088
10.4691 11.4782 8.9087
10.4409 11.4958 8.9088
10.4124 11.5129 8.9093
10.3837 11.5296 8.9100
10.3546 11.5456 8.9110
10.3253 11.5612 8.9123
10.2957 11.5763 8.9139
10.2660 11.5911 8.9158
10.2361 11.6057 8.9179
10.2061 11.6201 8.9204
10.1761 11.6344 8.9231
10.1460 11.6488 8.9261
10.1160 11.6632 8.9294
10.0861 11.6779 8.9330
10.0564 11.6928 8.9368
10.0268 11.7080 8.9410
9.9973 11.7236 8.9454
9.9680 11.7394 8.9502
9.9388 11.7554 8.9552
9.9096 11.7714 8.9605
9.8805 11.7874 8.9661
9.8513 11.8034 8.9719
9.8220 11.8192 8.9781
9.7927 11.8347 8.9845
9.7631 11.8499 8.9913
9.7334 11.8647 8.9983
9.7035 11.8790 9.0056
9.6734 11.8928 9.0132
9.6430 11.9062 9.0210
9.6124 11.9190 9.0292
9.5816 11.9315 9.0376
9.5506 11.9436 9.0463
9.5195 11.9554 9.0553
9.4883 11.9670 9.0644
9.4570 11.9783 9.0737
9.4256 11.9895 9.0831
9.3941 12.0006 9.0926
9.3626 12.0116 9.1022
9.3311 12.0226 9.1119
9.2996 12.0335 9.1217
9.2680 12.0443 9.1317
9.2364 12.0550 9.1417
9.2047 12.0654 9.1519
9.1730 12.0755 9.1622
9.1411 12.0852 9.1727
9.1092 12.0945 9.1832
9.0772 12.1033 9.1939
9.0450 12.1115 9.2048
9.0128 12.1191 9.2157
8.9803 12.1259 9.2268
8.9477 12.1321 9.2381
8.9150 12.1375 9.2495
8.8822 12.1422 9.2610
8.8492 12.1464 9.2727
8.8161 12.1501 9.2845
8.7830 12.1533 9.2964
8.7498 12.1562 9.3082
8.7166 12.1587 9.3194
8.6833 12.1610 9.3300
8.6500 12.1631 9.3401
8.6167 12.1650 9.3496
8.5834 12.1669 9.3585
8.5502 12.1688 9.3669
8.5169 12.1706 9.3748
8.4837 12.1725 9.3821
8.4505 12.1742 9.3888
8.4173 12.1760 9.3950
8.3841 12.1777 9.4006
8.3509 12.1795 9.4057
8.3178 12.1811 9.4102
8.2846 12.1828 9.4142
8.2514 12.1845 9.4177
8.2182 12.1861 9.4206
8.1850 12.1877 9.4229
8.1518 12.1892 9.4247
8.1185 12.1907 9.4260
8.0853 12.1921 9.4268
8.0521 12.1933 9.4269
8.0188 12.1944 9.4269
7.9856 12.1952 9.4268
7.9523 12.1959 9.4267
7.9191 12.1963 9.4266
7.8858 12.1964 9.4266
7.8526 12.1962 9.4265
7.8193 12.1956 9.4264
7.7861 12.1948 9.4264
7.7528 12.1937 9.4263
7.7196 12.1925 9.4263
7.6864 12.1912 9.4262
7.6531 12.1899 9.4262
7.6199 12.1886 9.4261
7.5867 12.1875 9.4261
7.5534 12.1867 9.4261
7.5202 12.1861 9.4260
7.4869 12.1859 9.4260
7.4537 12.1861 9.4260
7.4204 12.1868 9.4260
7.3872 12.1878 9.4259
7.3539 12.1892 9.4259
7.3207 12.1907 9.4259
7.2874 12.1922 9.4259
7.2542 12.1937 9.4259
7.2209 12.1950 9.4259
7.1877 12.1960 9.4259
7.1545 12.1966 9.4259
7.1213 12.1967 9.4260
7.0881 12.1962 9.4260
7.0549 12.1950 9.4260
7.0217 12.1932 9.4260
6.9885 12.1909 9.4260
6.9553 12.1884 9.4261
6.9222 12.1856 9.4261
6.8890 12.1829 9.4262
6.8558 12.1803 9.4262
6.8227 12.1781 9.4263
6.7895 12.1764 9.4263
6.7563 12.1753 9.4264
6.7231 12.1748 9.4264
6.6898 12.1749 9.4265
6.6566 12.1754 9.4265
6.6234 12.1763 9.4266
6.5901 12.1775 9.4267
6.5569 12.1790 9.4268
6.5236 12.1805 9.4268
6.4904 12.1821 9.4269
6.4571 12.1837 9.4270
6.4239 12.1851 9.4271
6.3906 12.1863 9.4272
6.3573 12.1873 9.4272
6.3241 12.1880 9.4274
6.2908 12.1885 9.4277
6.2576 12.1888 9.4282
6.2243 12.1889 9.4254
6.1911 12.1888 9.4227
6.1578 12.1885 9.4199
6.9079 12.1844 9.4255
6.8829 12.1824 9.4301
6.8580 12.1805 9.4299
6.8330 12.1788 9.4291
6.8080 12.1773 9.4289
6.7831 12.1761 9.4289
6.7581 12.1753 9.4290
6.7331 12.1749 9.4291
6.7081 12.1748 9.4292
6.6831 12.1749 9.4293
6.6581 12.1754 9.4294
6.6331 12.1760 9.4294
6.6081 12.1768 9.4295
6.5831 12.1778 9.4295
6.5581 12.1789 9.4296
6.5331 12.1801 9.4296
6.5081 12.1812 9.4297
6.4831 12.1824 9.4297
6.4580 12.1836 9.4298
6.4330 12.1847 9.4298
6.4080 12.1857 9.4299
6.3830 12.1866 9.4299
6.3580 12.1873 9.4299
6.3329 12.1879 9.4300
6.3079 12.1883 9.4300
6.2829 12.1886 9.4300
6.2579 12.1888 9.4301
6.2329 12.1889 9.4301
6.2079 12.1889 9.4301
6.1828 12.1887 9.4301
6.1578 12.1885 9.4302
6.1328 12.1882 9.4302
6.1078 12.1878 9.4302
6.0828 12.1874 9.4302
6.0578 12.1869 9.4302
6.0328 12.1863 9.4302
6.0078 12.1857 9.4303
5.9828 12.1850 9.4303
5.9578 12.1843 9.4303
5.9328 12.1836 9.4303
5.9078 12.1828 9.4303
5.8827 12.1821 9.4303
5.8577 12.1813 9.4303
5.8327 12.1806 9.4303
5.8077 12.1798 9.4303
5.7827 12.1791 9.4303
5.7577 12.1785 9.4302
5.7327 12.1778 9.4302
5.7077 12.1773 9.4302
5.6827 12.1767 9.4302
5.6577 12.1763 9.4302
5.6327 12.1759 9.4302
5.6077 12.1756 9.4301
5.5827 12.1754 9.4301
5.5577 12.1752 9.4301
5.5326 12.1751 9.4301
5.5076 12.1751 9.4300
5.4826 12.1751 9.4300
5.4576 12.1751 9.4300
5.4326 12.1752 9.4299
5.4076 12.1753 9.4299
5.3826 12.1754 9.4299
5.3575 12.1755 9.4298
5.3325 12.1757 9.4298
5.3075 12.1758 9.4297
5.2825 12.1759 9.4297
5.2575 12.1760 9.4296
5.2325 12.1761 9.4296
5.2074 12.1762 9.4295
5.1824 12.1762 9.4295
5.1574 12.1762 9.4294
5.1324 12.1762 9.4293
5.1074 12.1763 9.4293
5.0824 12.1762 9.4292
5.0574 12.1762 9.4291
5.0323 12.1762 9.4291
5.0073 12.1762 9.4290
4.9823 12.1761 9.4289
4.9573 12.1761 9.4289
4.9323 12.1761 9.4288
4.9073 12.1760 9.4287
4.8823 12.1760 9.4286
4.8572 12.1760 9.4285
4.8322 12.1760 9.4285
4.8072 12.1759 9.4284
4.7822 12.1759 9.4283
4.7572 12.1759 9.4282
4.7322 12.1759 9.4281
4.7072 12.1759 9.4280
4.6822 12.1759 9.4279
4.6571 12.1759 9.4278
4.6321 12.1759 9.4277
4.6071 12.1760 9.4276
4.5821 12.1760 9.4275
4.5571 12.1760 9.4274
4.5321 12.1760 9.4273
4.5071 12.1760 9.4272
4.4820 12.1760 9.4271
4.4570 12.1760 9.4270
4.4320 12.1760 9.4268
4.4070 12.1760 9.4267
4.3820 12.1760 9.4266
4.3570 12.1760 9.4265
4.3320 12.1760 9.4264
4.3069 12.1760 9.4262
4.2819 12.1760 9.4261
4.2569 12.1760 9.4260
4.2319 12.1760 9.4258
4.2069 12.1760 9.4257
4.1819 12.1760 9.4256
4.1569 12.1760 9.4254
4.1318 12.1760 9.4253
4.1068 12.1760 9.4251
4.0818 12.1760 9.4250
4.0568 12.1760 9.4249
4.0318 12.1760 9.4247
4.0068 12.1760 9.4246
3.9818 12.1760 9.4244
3.9567 12.1760 9.4242
3.9317 12.1760 9.4241
3.9067 12.1760 9.4239
3.8817 12.1760 9.4238
3.8567 12.1760 9.4236
3.8317 12.1760 9.4234
3.8067 12.1760 9.4233
3.7816 12.1760 9.4231
3.7566 12.1760 9.4229
3.7316 12.1760 9.4228
3.7066 12.1760 9.4226
3.6816 12.1760 9.4224
3.6566 12.1760 9.4222
3.6316 12.1760 9.4221
3.6065 12.1760 9.4219
3.5815 12.1760 9.4217
3.5565 12.1760 9.4215
3.5315 12.1760 9.4213
3.5065 12.1760 9.4211
3.4815 12.1760 9.4209
3.4565 12.1760 9.4207
3.4314 12.1760 9.4205
3.4064 12.1760 9.4204
3.3814 12.1760 9.4202
3.3564 12.1760 9.4199
3.3314 12.1760 9.4197
3.3064 12.1760 9.4195
3.2814 12.1760 9.4193
3.2563 12.1760 9.4191
3.2313 12.1760 9.4189
3.2063 12.1760 9.4187
3.1813 12.1760 9.4185
3.1563 12.1760 9.4183
3.1313 12.1760 9.4180
3.1063 12.1760 9.4178
3.0812 12.1760 9.4176
3.0562 12.1760 9.4174
3.0312 12.1760 9.4171
3.0062 12.1760 9.4169
2.9812 12.1760 9.4167
2.9562 12.1760 9.4164
2.9312 12.1760 9.4162
2.9061 12.1760 9.4160
2.8811 12.1759 9.4157
2.8561 12.1759 9.4155
2.8311 12.1759 9.4152
2.8061 12.1759 9.4150
2.7811 12.1759 9.4147
2.7561 12.1759 9.4145
2.7311 12.1759 9.4142
2.7060 12.1759 9.4140
2.6810 12.1759 9.4138
2.6560 12.1759 9.4136
2.6310 12.1759 9.4136
2.6060 12.1760 9.4136
2.5810 12.1760 9.4138
2.5559 12.1761 9.4140
2.5309 12.1761 9.4143
2.5059 12.1762 9.4147
2.4809 12.1762 9.4152
2.4559 12.1763 9.4158
2.4309 12.1764 9.4164
2.4058 12.1764 9.4172
2.3808 12.1764 9.4180
2.3558 12.1765 9.4189
2.3308 12.1765 9.4199
2.3058 12.1764 9.4210
2.2808 12.1764 9.4222
2.2558 12.1763 9.4235
2.2307 12.1762 9.4248
2.2057 12.1760 9.4263
2.1807 12.1759 9.4278
2.1557 12.1756 9.4294
2.1307 12.1754 9.4311
2.1057 12.1751 9.4329
2.0807 12.1749 9.4348
2.0557 12.1747 9.4367
2.0307 12.1745 9.4388
2.0057 12.1744 9.4409
1.9807 12.1743 9.4431
1.9557 12.1743 9.4454
1.9307 12.1744 9.4478
1.9057 12.1745 9.4503
1.8806 12.1748 9.4529
1.8556 12.1752 9.4555
1.8306 12.1757 9.4583
1.8055 12.1764 9.4611
1.7804 12.1772 9.4640
1.7554 12.1781 9.4669
1.7303 12.1790 9.4700
1.7052 12.1799 9.4732
1.6801 12.1807 9.4764
1.6551 12.1814 9.4797
1.6300 12.1820 9.4831
1.6050 12.1823 9.4866
1.5800 12.1824 9.4902
1.5550 12.1822 9.4938
1.5300 12.1817 9.4981
1.5050 12.1807 9.5035
1.4801 12.1793 9.5101
1.4552 12.1774 9.5178
1.4304 12.1750 9.5268
1.4056 12.1720 9.5369
1.3808 12.1684 9.5483
1.3561 12.1643 9.5608
1.3315 12.1597 9.5747
1.3069 12.1545 9.5898
1.2825 12.1488 9.6061
1.2581 12.1426 9.6238
1.2339 12.1359 9.6427
1.2098 12.1287 9.6630
1.1859 12.1210 9.6846
1.1621 12.1128 9.7075
1.1384 12.1041 9.7318
1.1149 12.0950 9.7573
1.0916 12.0854 9.7842
1.0685 12.0753 9.8123
1.0456 12.0648 9.8416
1.0229 12.0539 9.8720
1.0004 12.0425 9.9036
0.9782 12.0307 9.9353
0.9563 12.0184 9.9661
0.9346 12.0057 9.9962
0.9132 11.9925 10.0255
0.8921 11.9788 10.0542
0.8714 11.9647 10.0821
0.8509 11.9501 10.1095
0.8308 11.9350 10.1362
0.8111 11.9195 10.1625
0.7918 11.9035 10.1883
0.7729 11.8870 10.2136
0.7543 11.8701 10.2385
0.7362 11.8526 10.2632
0.7185 11.8347 10.2875
0.7013 11.8164 10.3115
0.6845 11.7976 10.3354
0.6683 11.7784 10.3591
0.6525 11.7588 10.3827
0.6372 11.7387 10.4063
0.6224 11.7183 10.4299
0.6081 11.6975 10.4534
0.5944 11.6764 10.4771
0.5813 11.6549 10.5007
0.5687 11.6331 10.5240
0.5567 11.6110 10.5470
0.5453 11.5886 10.5697
0.5345 11.5659 10.5921
0.5243 11.5429 10.6141
0.5147 11.5197 10.6357
0.5058 11.4963 10.6570
0.4974 11.4726 10.6779
0.4897 11.4487 10.6984
0.4824 11.4247 10.7185
0.4758 11.4005 10.7382
0.4696 11.3761 10.7574
0.4640 11.3516 10.7763
0.4589 11.3270 10.7948
0.4543 11.3022 10.8128
0.4502 11.2774 10.8305
0.4466 11.2526 10.8477
0.4434 11.2276 10.8646
0.4407 11.2027 10.8811
0.4383 11.1777 10.8971
0.4364 11.1527 10.9128
0.4349 11.1278 10.9281
0.4338 11.1028 10.9431
0.4330 11.0778 10.9576
0.4325 11.0528 10.9718
0.4323 11.0277 10.9857
0.4324 11.0027 10.9992
0.4328 10.9777 11.0124
0.4334 10.9527 11.0252
0.4342 10.9276 11.0378
0.4352 10.9026 11.0500
0.4364 10.8776 11.0619
0.4378 10.8525 11.0735
0.4393 10.8275 11.0849
0.4409 10.8025 11.0959
0.4426 10.7774 11.1067
0.4444 10.7524 11.1172
0.4464 10.7274 11.1274
0.4486 10.7025 11.1374
0.4509 10.6775 11.1472
0.4534 10.6527 11.1567
0.4561 10.6279 11.1659
0.4591 10.6032 11.1750
0.4623 10.5785 11.1838
0.4658 10.5540 11.1929
0.4695 10.5295 11.2027
0.4735 10.5052 11.2131
0.4778 10.4810 11.2243
0.4825 10.4569 11.2363
0.4875 10.4330 11.2490
0.4929 10.4092 11.2625
0.4986 10.3856 11.2767
0.5047 10.3621 11.2918
0.5113 10.3388 11.3077
0.5182 10.3157 11.3244
0.5256 10.2929 11.3420
0.5335 10.2702 11.3605
0.5418 10.2477 11.3798
0.5506 10.2255 11.4001
0.5599 10.2035 11.4212
0.5697 10.1818 11.4432
0.5801 10.1603 11.4662
0.5911 10.1390 11.4900
0.6026 10.1181 11.5147
0.6146 10.0975 11.5403
0.6273 10.0771 11.5667
0.6407 10.0570 11.5940
0.6546 10.0373 11.6215
0.6692 10.0179 11.6488
0.6845 9.9988 11.6757
0.7005 9.9801 11.7025
0.7171 9.9617 11.7291
0.7345 9.9437 11.7555
0.7715 9.9088 11.7817
0.7845 9.8975 11.8079
0.7978 9.8864 11.8339
0.8115 9.8755 11.8600
0.8256 9.8648 11.8860
0.8400 9.8542 11.9120
0.8548 9.8438 11.9380
0.8700 9.8337 11.9642
0.8855 9.8237 11.9904
0.9014 9.8139 12.0168
0.9177 9.8043 12.0434
0.9344 9.7949 12.0702
0.9515 9.7858 12.0972
0.9690 9.7768 12.1245
0.9868 9.7681 12.1521
1.0051 9.7595 12.1801
1.0238 9.7512 12.2075
1.0430 9.7431 12.2335
1.0625 9.7352 12.2580
1.0825 9.7276 12.2810
1.1029 9.7202 12.3024
1.1238 9.7130 12.3224
1.1451 9.7061 12.3409
1.1668 9.6994 12.3578
1.1890 9.6929 12.3733
1.2117 9.6867 12.3872
1.2348 9.6807 12.3997
1.2584 9.6750 12.4106
1.2824 9.6695 12.4201
1.3070 9.6643 12.4281
1.3320 9.6593 12.4345
1.3575 9.6546 12.4394
1.3835 9.6502 12.4428
1.4100 9.6460 12.4446
1.4260 9.6443 12.4448
1.4421 9.6426 12.4433
1.4582 9.6408 12.4400
1.4744 9.6390 12.4350
1.4907 9.6371 12.4281
1.5070 9.6352 12.4207
1.5234 9.6332 12.4143
1.5399 9.6312 12.4090
1.5564 9.6292 12.4048
1.5730 9.6272 12.4017
1.5896 9.6253 12.3999
1.6063 9.6233 12.3992
1.6230 9.6213 12.3999
1.6397 9.6194 12.4019
1.6565 9.6176 12.4053
1.6733 9.6157 12.4101
1.6901 9.6140 12.4163
1.7069 9.6123 12.4241
1.7238 9.6107 12.4335
1.7407 9.6092 12.4444
1.7576 9.6077 12.4569
1.7745 9.6064 12.4710
1.7914 9.6052 12.4868
1.8083 9.6041 12.5042
1.8252 9.6032 12.5233
1.8421 9.6023 12.5440
1.8589 9.6017 12.5664
1.8758 9.6012 12.5894
1.8927 9.6008 12.6120
1.9095 9.6007 12.6338
1.9263 9.6007 12.6546
1.9431 9.6009 12.6740
1.9599 9.6013 12.6920
1.9766 9.6020 12.7082
1.9933 9.6028 12.7228
2.0100 9.6039 12.7355
1.9854 9.6024 12.7465
2.0105 9.6039 12.7559
2.0354 9.6060 12.7636
2.0602 9.6087 12.7706
2.0848 9.6119 12.7777
2.1094 9.6158 12.7849
2.1338 9.6203 12.7924
2.1580 9.6255 12.8001
2.1821 9.6315 12.8081
2.2060 9.6381 12.8166
2.2298 9.6452 12.8255
2.2535 9.6529 12.8349
2.2771 9.6611 12.8449
2.3005 9.6696 12.8556
2.3240 9.6785 12.8659
2.3473 9.6876 12.8748
2.3707 9.6969 12.8822
2.3940 9.7063 12.8882
2.4173 9.7158 12.8927
2.4407 9.7252 12.8958
2.4641 9.7345 12.8975
2.4875 9.7437 12.8978
2.5111 9.7527 12.8966
2.5347 9.7613 12.8941
2.5584 9.7697 12.8900
2.5823 9.7777 12.8846
2.6062 9.7854 12.8776
2.6302 9.7927 12.8692
2.6543 9.7997 12.8594
2.6785 9.8063 12.8480
2.7027 9.8125 12.8352
2.7271 9.8184 12.8208
2.7515 9.8239 12.8049
2.7760 9.8290 12.7875
2.8006 9.8337 12.7685
2.8253 9.8380 12.7480
2.8500 9.8419 12.7269
2.8748 9.8453 12.7061
2.8997 9.8484 12.6855
2.9246 9.8510 12.6652
2.9496 9.8532 12.6452
2.9746 9.8550 12.6256
2.9996 9.8563 12.6062
3.0247 9.8573 12.5871
3.0498 9.8578 12.5683
3.0749 9.8579 12.5498
3.1000 9.8576 12.5316
3.1251 9.8569 12.5137
3.1501 9.8558 12.4961
3.1752 9.8542 12.4789
3.2002 9.8523 12.4619
3.2252 9.8499 12.4452
3.2501 9.8472 12.4288
3.2750 9.8440 12.4126
3.2998 9.8405 12.3968
3.3246 9.8366 12.3812
3.3493 9.8322 12.3659
3.3739 9.8275 12.3509
3.3985 9.8225 12.3361
3.4229 9.8170 12.3216
3.4473 9.8112 12.3073
3.4716 9.8051 12.2933
3.4958 9.7986 12.2795
3.5199 9.7917 12.2659
3.5440 9.7846 12.2525
3.5679 9.7771 12.2394
3.5917 9.7693 12.2264
3.6155 9.7611 12.2137
3.6391 9.7527 12.2011
3.6626 9.7440 12.1887
3.6860 9.7349 12.1765
3.7093 9.7256 12.1645
3.7324 9.7160 12.1526
3.7555 9.7061 12.1409
3.7784 9.6958 12.1294
3.8011 9.6853 12.1179
3.8238 9.6746 12.1066
3.8462 9.6635 12.0955
3.8686 9.6521 12.0844
3.8908 9.6405 12.0735
3.9128 9.6286 12.0627
3.9347 9.6164 12.0518
3.9564 9.6040 12.0408
3.9779 9.5913 12.0297
3.9993 9.5783 12.0184
4.0205 9.5651 12.0069
4.0415 9.5516 11.9952
4.0624 9.5379 11.9834
4.0832 9.5239 11.9714
4.1038 9.5098 11.9592
4.1242 9.4954 11.9468
4.1446 9.4807 11.9343
4.1647 9.4659 11.9216
4.1848 9.4509 11.9086
4.2048 9.4357 11.8955
4.2246 9.4203 11.8822
4.2443 9.4048 11.8687
4.2639 9.3891 11.8550
4.2834 9.3732 11.8411
4.3028 9.3572 11.8270
4.3221 9.3410 11.8127
4.3412 9.3246 11.7982
4.3601 9.3080 11.7835
4.3789 9.2912 11.7686
4.3974 9.2741 11.7535
4.4156 9.2568 11.7381
4.4335 9.2393 11.7226
4.4511 9.2214 11.7069
4.4684 9.2033 11.6910
4.4853 9.1849 11.6749
4.5018 9.1661 11.6585
4.5179 9.1470 11.6420
4.5336 9.1275 11.6254
4.5487 9.1077 11.6085
4.5634 9.0875 11.5914
4.5776 9.0669 11.5742
4.5913 9.0459 11.5568
4.6045 9.0247 11.5393
4.6172 9.0031 11.5216
4.6295 8.9812 11.5037
4.6413 8.9590 11.4857
4.6527 8.9366 11.4676
4.6636 8.9139 11.4494
4.6742 8.8911 11.4310
4.6843 8.8680 11.4125
4.6940 8.8447 11.3940
4.7033 8.8213 11.3757
4.7121 8.7978 11.3580
4.7207 8.7741 11.3410
4.7288 8.7503 11.3246
4.7366 8.7265 11.3087
4.7440 8.7025 11.2935
4.7511 8.6784 11.2788
4.7578 8.6543 11.2646
4.7643 8.6301 11.2510
4.7704 8.6058 11.2379
4.7762 8.5815 11.2253
4.7817 8.5570 11.2132
4.7870 8.5326 11.2016
4.7920 8.5080 11.1905
4.7967 8.4834 11.1798
4.8012 8.4588 11.1695
4.8054 8.4341 11.1597
4.8095 8.4094 11.1502
4.8133 8.3847 11.1412
4.8169 8.3599 11.1326
4.8203 8.3351 11.1244
4.8235 8.3103 11.1165
4.8266 8.2855 11.1091
4.8295 8.2606 11.1020
4.8322 8.2358 11.0952
4.8348 8.2109 11.0889
4.8373 8.1860 11.0828
4.8396 8.1610 11.0771
4.8419 8.1361 11.0718
4.8440 8.1112 11.0668
4.8461 8.0862 11.0621
4.8481 8.0613 11.0578
4.8500 8.0363 11.0538
4.8518 8.0113 11.0502
4.8536 7.9864 11.0469
4.8554 7.9614 11.0439
4.8570 7.9364 11.0413
4.8587 7.9115 11.0391
4.8603 7.8865 11.0372
4.8618 7.8615 11.0356
4.8633 7.8366 11.0345
4.8647 7.8116 11.0337
4.8662 7.7866 11.0334
4.8691 7.7322 11.0335
4.8699 7.7156 11.0340
4.8708 7.6989 11.0350
4.8716 7.6823 11.0362
4.8724 7.6656 11.0373
4.8732 7.6490 11.0384
4.8740 7.6323 11.0395
4.8748 7.6157 11.0405
4.8755 7.5990 11.0414
4.8763 7.5824 11.0423
4.8770 7.5657 11.0432
4.8778 7.5491 11.0439
4.8785 7.5324 11.0446
4.8792 7.5158 11.0452
4.8799 7.4991 11.0457
4.8806 7.4825 11.0462
4.8812 7.4658 11.0465
4.8819 7.4491 11.0468
4.8826 7.4325 11.0470
4.8832 7.4158 11.0470
4.8838 7.3992 11.0470
4.8845 7.3825 11.0469
4.8851 7.3658 11.0466
4.8857 7.3492 11.0462
4.8863 7.3325 11.0458
4.8869 7.3159 11.0452
4.8875 7.2992 11.0445
4.8880 7.2825 11.0436
4.8886 7.2659 11.0427
4.8891 7.2492 11.0417
4.8896 7.2325 11.0405
4.8902 7.2158 11.0392
4.8907 7.1992 11.0378
4.8912 7.1825 11.0363
4.8916 7.1658 11.0347
4.8921 7.1492 11.0330
4.8926 7.1325 11.0311
4.8930 7.1158 11.0292
4.8934 7.0992 11.0272
4.8939 7.0825 11.0251
4.8943 7.0658 11.0229
4.8946 7.0491 11.0206
4.8950 7.0325 11.0183
4.8954 7.0158 11.0158
4.8957 6.9991 11.0134
4.8961 6.9824 11.0108
4.8964 6.9658 11.0082
4.8967 6.9491 11.0056
4.8970 6.9324 11.0030
4.8972 6.9157 11.0005
4.8975 6.8991 10.9980
4.8977 6.8824 10.9957
4.8979 6.8657 10.9935
4.8981 6.8490 10.9914
4.8983 6.8324 10.9895
4.8985 6.8157 10.9876
4.8987 6.7990 10.9859
4.8988 6.7823 10.9842
4.8989 6.7657 10.9827
4.8990 6.7490 10.9813
4.8991 6.7323 10.9800
4.8992 6.7156 10.9788
4.8993 6.6990 10.9776
4.8992 6.7109 10.9766
4.8993 6.6858 10.9756
4.8993 6.6608 10.9747
4.8993 6.6358 10.9739
4.8992 6.6107 10.9732
4.8991 6.5857 10.9725
4.8990 6.5607 10.9719
4.8988 6.5357 10.9713
4.8986 6.5106 10.9708
4.8983 6.4856 10.9703
4.8980 6.4606 10.9699
4.8976 6.4355 10.9695
4.8972 6.4105 10.9691
4.8967 6.3855 10.9688
4.8962 6.3605 10.9685
4.8956 6.3354 10.9682
4.8950 6.3104 10.9679
4.8943 6.2854 10.9677
4.8936 6.2604 10.9675
4.8929 6.2354 10.9673
4.8920 6.2104 10.9671
4.8912 6.1854 10.9670
4.8902 6.1603 10.9668
4.8893 6.1353 10.9667
4.8882 6.1103 10.9667
4.8871 6.0853 10.9666
4.8860 6.0603 10.9665
4.8848 6.0353 10.9665
4.8835 6.0103 10.9665
4.8822 5.9853 10.9665
4.8808 5.9603 10.9666
4.8794 5.9353 10.9666
4.8779 5.9104 10.9668
4.8764 5.8854 10.9669
4.8748 5.8604 10.9671
4.8732 5.8354 10.9674
4.8717 5.8104 10.9676
4.8702 5.7854 10.9680
4.8687 5.7605 10.9683
4.8672 5.7355 10.9687
4.8659 5.7105 10.9692
4.8646 5.6855 10.9697
4.8634 5.6605 10.9702
4.8623 5.6355 10.9707
4.8613 5.6105 10.9713
4.8605 5.5855 10.9720
4.8599 5.5605 10.9727
4.8594 5.5355 10.9734
4.8590 5.5105 10.9742
4.8588 5.4855 10.9750
4.8587 5.4605 10.9758
4.8587 5.4355 10.9767
4.8588 5.4105 10.9777
4.8589 5.3854 10.9786
4.8591 5.3604 10.9796
4.8593 5.3354 10.9807
4.8595 5.3104 10.9818
4.8597 5.2853 10.9829
4.8599 5.2603 10.9841
4.8600 5.2353 10.9853
4.8600 5.2102 10.9866
4.8600 5.1852 10.9879
4.8599 5.1602 10.9892
4.8597 5.1351 10.9906
4.8594 5.1101 10.9920
4.8591 5.0851 10.9934
4.8588 5.0600 10.9949
4.8585 5.0350 10.9965
4.8582 5.0100 10.9980
4.8580 4.9850 10.9997
4.8579 4.9599 11.0013
4.8579 4.9349 11.0030
4.8579 4.9099 11.0047
4.8581 4.8849 11.0065
4.8585 4.8599 11.0083
4.8591 4.8349 11.0101
4.8599 4.8099 11.0117
4.8609 4.7849 11.0133
4.8620 4.7599 11.0148
4.8634 4.7349 11.0162
4.8648 4.7099 11.0176
4.8664 4.6850 11.0188
4.8679 4.6600 11.0199
4.8695 4.6350 11.0210
4.8709 4.6100 11.0219
4.8724 4.5850 11.0228
4.8737 4.5600 11.0236
4.8750 4.5351 11.0243
4.8762 4.5101 11.0249
4.8774 4.4851 11.0254
4.8785 4.4601 11.0258
4.8795 4.4351 11.0261
4.8805 4.4101 11.0264
4.8814 4.3851 11.0265
4.8823 4.3601 11.0266
4.8830 4.3351 11.0266
4.8838 4.3101 11.0265
4.8845 4.2851 11.0263
4.8851 4.2601 11.0260
4.8857 4.2350 11.0256
4.8862 4.2100 11.0251
4.8866 4.1850 11.0245
4.8871 4.1600 11.0239
4.8874 4.1350 11.0232
4.8877 4.1100 11.0223
4.8880 4.0850 11.0214
4.8882 4.0599 11.0204
4.8884 4.0349 11.0193
4.8885 4.0099 11.0181
4.8886 3.9849 11.0169
4.8886 3.9598 11.0155
4.8886 3.9348 11.0140
4.8886 3.9098 11.0125
4.8885 3.8848 11.0109
4.8884 3.8597 11.0092
4.8882 3.8347 11.0074
4.8880 3.8097 11.0055
4.8878 3.7846 11.0035
4.8875 3.7596 11.0014
4.8872 3.7346 10.9992
4.8869 3.7095 10.9970
4.8865 3.6845 10.9947
4.8861 3.6595 10.9925
4.8857 3.6344 10.9904
4.8852 3.6094 10.9884
4.8847 3.5844 10.9864
4.8842 3.5593 10.9845
4.8837 3.5343 10.9826
4.8831 3.5093 10.9808
4.8825 3.4842 10.9791
4.8819 3.4592 10.9775
4.8813 3.4342 10.9759
4.8806 3.4091 10.9744
4.8799 3.3841 10.9730
4.8792 3.3591 10.9716
4.8785 3.3340 10.9703
4.8778 3.3090 10.9691
4.8770 3.2840 10.9679
4.8763 3.2589 10.9668
4.8755 3.2339 10.9658
4.8747 3.2089 10.9649
4.8739 3.1838 10.9640
4.8731 3.1588 10.9632
4.8723 3.1338 10.9624
4.8714 3.1087 10.9617
4.8706 3.0837 10.9611
4.8698 3.0587 10.9606
4.8689 3.0336 10.9601
4.8681 3.0086 10.9597
4.8672 2.9836 10.9594
4.8664 2.9585 10.9591
4.8656 2.9335 10.9589
4.8648 2.9085 10.9588
4.8640 2.8835 10.9588
4.8633 2.8585 10.9588
4.8627 2.8335 10.9589
4.8621 2.8085 10.9590
4.8615 2.7834 10.9592
4.8610 2.7584 10.9595
4.8606 2.7335 10.9599
4.8602 2.7085 10.9603
4.8600 2.6835 10.9608
4.8598 2.6585 10.9614
4.8597 2.6335 10.9620
4.8596 2.6085 10.9627
4.8597 2.5836 10.9635
4.8597 2.5586 10.9643
4.8598 2.5336 10.9651
4.8599 2.5086 10.9659
4.8600 2.4836 10.9668
4.8601 2.4586 10.9676
4.8602 2.4335 10.9685
4.8602 2.4085 10.9693
4.8602 2.3834 10.9702
4.8602 2.3584 10.9711
4.8601 2.3332 10.9720
4.8599 2.3081 10.9728
4.8597 2.2830 10.9737
4.8594 2.2578 10.9746
4.8590 2.2326 10.9755
4.8585 2.2074 10.9765
4.8579 2.1823 10.9774
4.8574 2.1571 10.9783
4.8567 2.1320 10.9792
4.8560 2.1069 10.9802
4.8552 2.0819 10.9811
4.8544 2.0569 10.9821
4.8536 2.0320 10.9830
4.8527 2.0071 10.9840
4.8518 1.9823 10.9849
4.8509 1.9576 10.9859
4.8499 1.9330 10.9869
4.8489 1.9085 10.9879
4.8479 1.8840 10.9889
4.8468 1.8595 10.9899
4.8458 1.8349 10.9909
4.8448 1.8102 10.9919
4.8437 1.7852 10.9929
4.8426 1.7600 10.9939
4.8416 1.7345 10.9949
4.8405 1.7086 10.9959
4.8394 1.6822 10.9969
4.8384 1.6554 10.9978
4.8374 1.6282 10.9988
4.8365 1.6006 10.9997
4.8357 1.5727 11.0007
4.8350 1.5445 11.0016
4.8344 1.5162 11.0025
4.8340 1.4876 11.0034
4.8338 1.4589 11.0043
4.8339 1.4302 11.0052
4.8342 1.4014 11.0069
4.8347 1.3726 11.0105
4.8356 1.3439 11.0157
4.8368 1.3153 11.0227
4.8384 1.2869 11.0316
4.8403 1.2586 11.0423
4.8426 1.2306 11.0550
4.8454 1.2029 11.0699
4.8486 1.1755 11.0870
4.8523 1.1485 11.1066
4.8566 1.1219 11.1290
4.8613 1.0959 11.1543
4.8666 1.0703 11.1830
4.8725 1.0453 11.2154
4.8790 1.0209 11.2519
4.8862 0.9972 11.2930
4.8940 0.9742 11.3392
4.9025 0.9519 11.3911
4.9117 0.9305 11.4491
4.9216 0.9099 11.5139
4.9324 0.8902 11.5856
4.9439 0.8714 11.6645
4.9562 0.8536 11.7503
4.9694 0.8369 11.8380
4.9834 0.8212 11.9221
4.9983 0.8067 12.0014
5.0142 0.7933 12.0752
5.0310 0.7811 12.1429
5.0487 0.7702 12.2045
5.0674 0.7604 12.2601
5.0869 0.7518 12.3099
5.1072 0.7442 12.3542
5.1283 0.7376 12.3934
5.1501 0.7320 12.4280
5.1726 0.7273 12.4583
5.1958 0.7234 12.4847
5.2195 0.7204 12.5074
5.2439 0.7181 12.5268
5.2687 0.7164 12.5430
5.2940 0.7154 12.5564
5.3198 0.7150 12.5670
5.3460 0.7151 12.5749
5.3725 0.7157 12.5803
5.3993 0.7168 12.5833
5.4264 0.7181 12.5838
5.4537 0.7199 12.5831
5.4812 0.7218 12.5823
5.5088 0.7240 12.5816
5.5366 0.7263 12.5809
5.5643 0.7288 12.5802
5.5921 0.7313 12.5795
5.6199 0.7338 12.5789
5.6476 0.7362 12.5782
5.6752 0.7386 12.5775
5.7026 0.7407 12.5769
5.7299 0.7427 12.5762
5.7569 0.7444 12.5756
5.7836 0.7457 12.5749
5.8100 0.7467 12.5743
5.8361 0.7473 12.5737
5.8619 0.7476 12.5731
5.8874 0.7476 12.5725
5.9127 0.7474 12.5719
5.9378 0.7468 12.5713
5.9628 0.7461 12.5707
5.9876 0.7452 12.5702
6.0122 0.7442 12.5696
6.0368 0.7430 12.5691
6.0613 0.7418 12.5685
6.0858 0.7404 12.5680
6.1103 0.7391 12.5675
6.1348 0.7378 12.5670
6.1593 0.7365 12.5665
6.1840 0.7353 12.5660
6.2087 0.7342 12.5655
6.2334 0.7332 12.5651
6.2583 0.7322 12.5646
6.2832 0.7313 12.5642
6.3082 0.7305 12.5637
6.3332 0.7298 12.5633
6.3583 0.7291 12.5629
6.3834 0.7285 12.5625
6.4085 0.7279 12.5621
6.4337 0.7275 12.5617
6.4588 0.7271 12.5613
6.4840 0.7267 12.5609
6.5091 0.7264 12.5606
6.5343 0.7261 12.5602
6.5594 0.7259 12.5599
6.5845 0.7258 12.5596
6.6096 0.7257 12.5593
6.6346 0.7256 12.5590
6.6597 0.7255 12.5587
6.6847 0.7255 12.5584
6.7097 0.7255 12.5582
6.7348 0.7256 12.5579
6.7598 0.7256 12.5577
6.7848 0.7257 12.5575
6.8097 0.7257 12.5573
6.8347 0.7258 12.5571
6.8597 0.7259 12.5569
6.8847 0.7259 12.5568
6.9097 0.7260 12.5566
6.9347 0.7260 12.5565
6.9597 0.7260 12.5564
6.9847 0.7260 12.5563
7.0097 0.7260 12.5562
7.0347 0.7260 12.5562
7.0597 0.7259 12.5561
7.0847 0.7259 12.5561
7.1098 0.7259 12.5561
7.1348 0.7258 12.5561
7.1598 0.7258 12.5561
7.1848 0.7258 12.5561
7.2099 0.7258 12.5561
7.2349 0.7258 12.5561
7.2599 0.7259 12.5561
7.2850 0.7259 12.5560
7.3100 0.7260 12.5559
7.3350 0.7261 12.5558
7.3601 0.7262 12.5557
7.3851 0.7264 12.5555
7.4101 0.7265 12.5552
7.4351 0.7267 12.5550
7.4602 0.7268 12.5546
7.4852 0.7269 12.5543
7.5236 0.7270 12.5540
7.5403 0.7270 12.5537
7.5569 0.7270 12.5535
7.5736 0.7270 12.5533
7.5903 0.7269 12.5532
7.6069 0.7268 12.5532
7.6236 0.7267 12.5532
7.6403 0.7265 12.5533
7.6569 0.7263 12.5535
7.6736 0.7261 12.5537
7.6902 0.7258 12.5540
7.7069 0.7255 12.5543
7.7236 0.7252 12.5546
7.7402 0.7248 12.5549
7.7569 0.7244 12.5552
7.7736 0.7239 12.5554
7.7902 0.7235 12.5557
7.8069 0.7230 12.5560
7.8235 0.7225 12.5563
7.8402 0.7220 12.5566
7.8569 0.7215 12.5569
7.8735 0.7209 12.5571
7.8902 0.7204 12.5574
7.9068 0.7199 12.5577
7.9235 0.7194 12.5580
7.9402 0.7189 12.5582
7.9568 0.7184 12.5585
7.9735 0.7180 12.5588
7.9901 0.7175 12.5590
8.0068 0.7171 12.5593
8.0235 0.7167 12.5596
8.0401 0.7164 12.5598
8.0568 0.7161 12.5601
8.0735 0.7158 12.5603
8.0901 0.7155 12.5606
8.1068 0.7154 12.5608
8.1235 0.7152 12.5611
8.1401 0.7151 12.5613
8.1568 0.7150 12.5615
8.1735 0.7149 12.5618
8.1901 0.7149 12.5620
8.2068 0.7148 12.5622
8.2235 0.7148 12.5624
8.2401 0.7149 12.5626
8.2568 0.7149 12.5629
8.2735 0.7150 12.5631
8.2901 0.7151 12.5633
8.3068 0.7151 12.5635
8.3235 0.7152 12.5637
8.3401 0.7153 12.5639
8.3568 0.7154 12.5640
8.3735 0.7156 12.5642
8.3901 0.7157 12.5644
8.4068 0.7158 12.5646
8.4235 0.7159 12.5647
8.4401 0.7160 12.5649
8.4568 0.7161 12.5651
8.4735 0.7162 12.5652
8.4902 0.7163 12.5653
8.5068 0.7163 12.5655
8.5235 0.7164 12.5656
8.5402 0.7165 12.5658
8.5568 0.7165 12.5659
8.5735 0.7165 12.5660
8.5902 0.7166 12.5661
8.6068 0.7166 12.5663
8.6235 0.7166 12.5664
8.6402 0.7166 12.5665
8.6568 0.7166 12.5666
8.6735 0.7166 12.5667
8.6902 0.7166 12.5668
8.7068 0.7165 12.5669
8.7235 0.7165 12.5671
8.7402 0.7164 12.5672
8.7568 0.7164 12.5673
8.7735 0.7163 12.5674
8.7902 0.7162 12.5675
8.8068 0.7161 12.5676
8.8235 0.7160 12.5677
8.8402 0.7159 12.5678
8.8568 0.7157 12.5679
8.8735 0.7156 12.5679
8.8902 0.7154 12.5680
8.9068 0.7153 12.5680
8.9235 0.7152 12.5680
8.9402 0.7150 12.5680
8.9568 0.7149 12.5680
8.9735 0.7148 12.5679
8.9902 0.7147 12.5679
9.0069 0.7147 12.5678
9.0235 0.7146 12.5678
9.0113 0.7146 12.5678
9.0364 0.7146 12.5677
9.0614 0.7146 12.5677
9.0864 0.7146 12.5677
9.1114 0.7148 12.5677
9.1364 0.7150 12.5677
9.1615 0.7153 12.5676
9.1865 0.7157 12.5676
9.2115 0.7163 12.5676
9.2365 0.7169 12.5676
9.2615 0.7176 12.5676
9.2866 0.7185 12.5676
9.3116 0.7193 12.5676
9.3366 0.7202 12.5676
9.3616 0.7211 12.5676
9.3866 0.7220 12.5676
9.4116 0.7228 12.5676
9.4366 0.7236 12.5676
9.4616 0.7243 12.5676
9.4867 0.7249 12.5675
9.5117 0.7254 12.5675
9.5367 0.7258 12.5675
9.5617 0.7260 12.5675
9.5867 0.7260 12.5675
9.6117 0.7258 12.5675
9.6367 0.7255 12.5675
9.6617 0.7250 12.5674
9.6867 0.7244 12.5674
9.7117 0.7237 12.5674
9.7368 0.7229 12.5674
9.7618 0.7221 12.5674
9.7868 0.7212 12.5674
9.8118 0.7203 12.5673
9.8368 0.7194 12.5673
9.8618 0.7185 12.5673
9.8868 0.7177 12.5673
9.9118 0.7170 12.5673
9.9369 0.7163 12.5672
9.9619 0.7158 12.5672
9.9869 0.7153 12.5672
10.0119 0.7150 12.5672
10.0369 0.7148 12.5671
10.0620 0.7147 12.5671
10.0870 0.7146 12.5671
10.1120 0.7146 12.5671
10.1370 0.7147 12.5670
10.1620 0.7148 12.5670
10.1871 0.7149 12.5670
10.2121 0.7151 12.5669
10.2371 0.7153 12.5669
10.2621 0.7155 12.5669
10.2872 0.7157 12.5668
10.3122 0.7159 12.5668
10.3372 0.7160 12.5668
10.3622 0.7162 12.5668
10.3873 0.7163 12.5667
10.4123 0.7163 12.5667
10.4373 0.7164 12.5666
10.4623 0.7164 12.5666
10.4873 0.7164 12.5666
10.5124 0.7164 12.5665
10.5374 0.7163 12.5665
10.5624 0.7163 12.5665
10.5874 0.7162 12.5664
10.6124 0.7162 12.5664
10.6375 0.7161 12.5663
10.6625 0.7161 12.5663
10.6875 0.7160 12.5663
10.7125 0.7160 12.5662
10.7376 0.7160 12.5662
10.7626 0.7159 12.5661
10.7876 0.7159 12.5661
10.8126 0.7159 12.5660
10.8376 0.7159 12.5660
10.8627 0.7159 12.5660
10.8877 0.7159 12.5659
10.9127 0.7159 12.5659
10.9377 0.7159 12.5658
10.9627 0.7159 12.5658
10.9878 0.7159 12.5657
11.0128 0.7160 12.5657
11.0378 0.7160 12.5656
11.0628 0.7160 12.5656
11.0879 0.7160 12.5655
11.1129 0.7160 12.5655
11.1379 0.7160 12.5654
11.1629 0.7160 12.5654
11.1879 0.7160 12.5653
11.2130 0.7160 12.5652
11.2380 0.7160 12.5652
11.2630 0.7160 12.5651
11.2880 0.7160 12.5651
11.3130 0.7160 12.5650
11.3381 0.7160 12.5650
11.3631 0.7160 12.5649
11.3881 0.7160 12.5648
11.4131 0.7160 12.5648
11.4382 0.7160 12.5647
11.4632 0.7160 12.5647
11.4882 0.7160 12.5646
11.5132 0.7160 12.5645
11.5382 0.7160 12.5645
11.5633 0.7160 12.5644
11.5883 0.7160 12.5643
11.6133 0.7160 12.5643
11.6383 0.7160 12.5642
11.6633 0.7160 12.5641
11.6884 0.7160 12.5641
11.7134 0.7160 12.5640
11.7384 0.7160 12.5639
11.7634 0.7160 12.5639
11.7885 0.7160 12.5638
11.8135 0.7160 12.5637
11.8385 0.7160 12.5637
11.8635 0.7160 12.5636
11.8885 0.7160 12.5635
11.9136 0.7160 12.5634
11.9386 0.7160 12.5634
11.9636 0.7160 12.5633
11.9886 0.7160 12.5632
12.0136 0.7161 12.5631
12.0387 0.7161 12.5631
12.0637 0.7161 12.5630
12.0887 0.7161 12.5629
12.1137 0.7161 12.5628
12.1388 0.7161 12.5628
12.1638 0.7160 12.5627
12.1888 0.7160 12.5626
12.2138 0.7160 12.5625
12.2388 0.7160 12.5624
12.2639 0.7159 12.5624
12.2889 0.7159 12.5623
12.3139 0.7159 12.5622
12.3389 0.7158 12.5621
12.3639 0.7158 12.5620
12.3890 0.7158 12.5619
12.4140 0.7158 12.5618
12.4390 0.7158 12.5618
12.4640 0.7158 12.5617
12.4891 0.7158 12.5616
12.5141 0.7158 12.5615
12.5391 0.7158 12.5614
12.5641 0.7159 12.5613
12.5891 0.7160 12.5612
12.6142 0.7161 12.5611
12.6392 0.7162 12.5610
12.6642 0.7163 12.5610
12.6892 0.7164 12.5609
12.7143 0.7166 12.5608
12.7393 0.7167 12.5607
12.7643 0.7168 12.5606
12.7893 0.7169 12.5605
12.8143 0.7169 12.5604
12.8394 0.7169 12.5603
12.8644 0.7169 12.5602
12.8894 0.7168 12.5601
12.9144 0.7167 12.5600
12.9394 0.7165 12.5599
12.9645 0.7162 12.5598
12.9895 0.7159 12.5597
13.0145 0.7154 12.5596
13.0395 0.7149 12.5595
13.0645 0.7144 12.5594
13.0895 0.7138 12.5593
13.1146 0.7131 12.5592
13.1396 0.7124 12.5591
13.1646 0.7117 12.5590
13.1896 0.7110 12.5589
13.2146 0.7102 12.5588
13.2396 0.7095 12.5587
13.2646 0.7087 12.5586
13.2896 0.7080 12.5585
13.3147 0.7072 12.5584
13.3397 0.7065 12.5583
13.3647 0.7059 12.5581
13.3897 0.7053 12.5580
13.4147 0.7047 12.5579
13.4397 0.7042 12.5578
13.4647 0.7038 12.5577
13.4898 0.7034 12.5576
13.5148 0.7032 12.5575
13.5398 0.7030 12.5574
13.5648 0.7029 12.5573
13.5898 0.7030 12.5572
13.6149 0.7031 12.5570
13.6399 0.7034 12.5569
13.6649 0.7038 12.5568
13.6899 0.7044 12.5567
13.7150 0.7051 12.5566
13.7400 0.7060 12.5566
13.7400 0.7060 12.5566
13.7400 0.7060 12.5566
13.7400 0.7060 12.5566
13.7400 0.7060 12.5566
13.7400 0.7060 12.5566
13.7400 0.7060 12.5566
13.7400 0.7060 12.5566
13.7400 0.7060 12.5566
13.7400 0.7060 12.5566
13.7400 0.7060 12.5566
13.7400 0.7060 12.5566
13.7400 0.7060 12.5566
13.7400 0.7060 12.5566
13.7400 0.7060 12.5566
13.7400 0.7060 12.5566
13.7400 0.7060 12.5566
13.7400 0.7060 12.5566
13.7400 0.7060 12.5566
13.7400 0.7060 12.5566
13.7400 0.7060 12.5566
13.7400 0.7060 12.5566
13.7400 0.7060 12.5566
13.7400 0.7060 12.5566
13.7400 0.7060 12.5566
13.7400 0.7060 12.5566
13.7400 0.7060 12.5566
13.7400 0.7060 12.5566
13.7400 0.7060 12.5566
13.7400 0.7060 12.5566
13.7400 0.7060 12.5566
13.7400 0.7060 12.5566
13.7400 0.7060 12.5566
13.7400 0.7060 12.5566
13.7400 0.7060 12.5566
13.7400 0.7060 12.5566
13.7400 0.7060 12.5566
13.7400 0.7060 12.5566
13.7400 0.7060 12.5566
13.7400 0.7060 12.5566
13.7400 0.7060 12.5566
13.7400 0.7060 12.5566
13.7400 0.7060 12.5566
13.7400 0.7060 12.5566
13.7400 0.7060 12.5566
