0.012821 0.000000
0.019231 0.172874
0.025641 0.141457
0.032051 0.136194
0.038462 0.133435
0.044872 0.131875
0.051282 0.130596
0.057692 0.129651
0.064103 0.129006
0.070513 0.128642
0.076923 0.128542
0.083333 0.128698
0.089744 0.129120
0.096154 0.129835
0.102564 0.130868
0.108974 0.132375
0.115385 0.134329
0.121795 0.136684
0.128205 0.139486
0.134615 0.142758
0.141026 0.146511
0.147436 0.150800
0.153846 0.155945
0.160256 0.161839
0.166667 0.168413
0.173077 0.175864
0.179487 0.184233
0.185897 0.193571
0.192308 0.203749
0.198718 0.214693
0.205128 0.226322
0.211538 0.238439
0.217949 0.250758
0.224359 0.263459
0.230769 0.276074
0.237179 0.287294
0.243590 0.298621
0.250000 0.307293
0.250000 0.315767
0.250000 0.321997
0.250000 0.326589
0.250000 0.329806
0.250000 0.332153
0.250000 0.334188
0.250000 0.348688
0.250000 0.332247
0.250000 0.339358
0.250000 0.341237
0.250000 0.343252
0.250000 0.341074
0.250000 0.335886
0.250000 0.328126
0.250000 0.318207
0.250000 0.291319
0.250000 0.274996
0.250000 0.255705
0.250000 0.236952
0.250000 0.219074
0.250000 0.202404
0.250000 0.186819
0.250000 0.172113
0.250000 0.158215
0.250000 0.139826
0.250000 0.129704
0.250000 0.116654
0.250000 0.105171
0.250000 0.094379
0.250000 0.084424
0.250000 0.075251
0.250000 0.066845
0.250000 0.059185
0.250000 0.048586
0.250000 0.044569
0.250000 0.038473
0.250000 0.033589
0.250000 0.029229
0.250000 0.025471
0.250000 0.022233
0.250000 0.019459
0.250000 0.017093
0.250000 0.015089
0.250000 0.013404
0.250000 0.012003
0.250000 0.010952
0.250000 0.010176
0.250000 0.009632
0.250000 0.009277
0.250000 0.009078
0.250000 0.009004
0.250000 0.009359
0.250000 0.009109
0.250000 0.009276
0.250000 0.009480
0.250000 0.009762
0.250000 0.010106
0.250000 0.010513
0.250000 0.010989
0.250000 0.011537
0.250000 0.012158
0.250000 0.012856
0.250000 0.013634
0.250000 0.014495
0.250000 0.015445
0.250000 0.016486
0.250000 0.017623
0.250000 0.018862
0.250000 0.020210
0.250000 0.022758
0.250000 0.020587
0.250000 0.023717
0.250000 0.026138
0.250000 0.028807
0.250000 0.031633
0.250000 0.034628
0.250000 0.037818
0.250000 0.041222
0.250000 0.044863
0.250000 0.048764
0.250000 0.052957
0.250000 0.057476
0.250000 0.063320
0.250000 0.068973
0.250000 0.074561
0.250000 0.080158
0.250000 0.085787
0.250000 0.098228
0.250000 0.093601
0.250000 0.102185
0.250000 0.109448
0.250000 0.116543
0.250000 0.123836
0.250000 0.131184
0.250000 0.138551
0.250000 0.145912
0.250000 0.153269
0.250000 0.160604
0.250000 0.167889
0.250000 0.175092
0.250000 0.182169
0.250000 0.189083
0.250000 0.195793
0.250000 0.202183
0.250000 0.208171
0.250000 0.223496
0.250000 0.214339
0.250000 0.221375
0.250000 0.225993
0.250000 0.230000
0.250000 0.233483
0.250000 0.236413
0.250000 0.238841
0.250000 0.240799
0.250000 0.250084
0.250000 0.238602
0.250000 0.241745
0.250000 0.242587
0.250000 0.243151
0.250000 0.243337
0.250000 0.243201
0.250000 0.242792
0.250000 0.242149
0.250000 0.247533
0.250000 0.235751
0.250000 0.236699
0.250000 0.235632
0.250000 0.234571
0.250000 0.233256
0.250000 0.231745
0.250000 0.230054
0.250000 0.228220
0.250000 0.231164
0.250000 0.219872
0.250000 0.218844
0.250000 0.215911
0.250000 0.213025
0.250000 0.209866
0.250000 0.206545
0.250000 0.203046
0.250000 0.199390
0.250000 0.198698
0.250000 0.188554
0.250000 0.185538
0.250000 0.181121
0.250000 0.176841
0.250000 0.172382
0.250000 0.167822
0.250000 0.163142
0.250000 0.158340
0.250000 0.154903
0.250000 0.146893
0.250000 0.141568
0.250000 0.135517
0.250000 0.129468
0.250000 0.123305
0.250000 0.117071
0.250000 0.110775
0.250000 0.104432
0.250000 0.097011
0.250000 0.091381
0.250000 0.083929
0.250000 0.076875
0.250000 0.069866
0.250000 0.062978
0.250000 0.056209
0.250000 0.049577
0.250000 0.041673
0.250000 0.034234
0.250000 0.027057
0.250000 0.020202
0.250000 0.013692
0.250000 0.007557
0.250000 0.001830
0.250000 -0.003451
0.250000 -0.008246
0.250000 -0.012511
0.250000 -0.019548
0.250000 -0.019712
0.250000 -0.022730
0.250000 -0.024687
0.250000 -0.026343
0.250000 -0.027595
0.250000 -0.028511
0.250000 -0.029119
0.250000 -0.029451
0.250000 -0.029535
0.250000 -0.029397
0.250000 -0.029062
0.250000 -0.028552
0.250000 -0.027888
0.250000 -0.027091
0.250000 -0.026178
0.250000 -0.025168
0.250000 -0.024080
0.250000 -0.022795
0.250000 -0.021043
0.250000 -0.019880
0.250000 -0.018613
0.250000 -0.017388
0.250000 -0.016201
0.250000 -0.015078
0.250000 -0.014016
0.250000 -0.013002
0.250000 -0.012031
0.250000 -0.011098
0.250000 -0.010201
0.250000 -0.009335
0.250000 -0.008499
0.250000 -0.007689
0.250000 -0.006904
0.250000 -0.006141
0.250000 -0.005401
0.250000 -0.004332
0.250000 -0.003981
0.250000 -0.003175
0.250000 -0.002479
0.250000 -0.001793
0.250000 -0.001137
0.250000 -0.000506
0.250000 0.000101
0.250000 0.000684
0.250000 0.001244
0.250000 0.001783
0.250000 0.002300
0.250000 0.002797
0.250000 0.003274
0.250000 0.003731
0.250000 0.004170
0.250000 0.004590
0.250000 0.004991
0.250000 0.005807
0.250000 0.005607
0.250000 0.006122
0.250000 0.006477
0.250000 0.006827
0.250000 0.007143
0.250000 0.007433
0.250000 0.007695
0.250000 0.007928
0.250000 0.008131
0.250000 0.008300
0.250000 0.008434
0.250000 0.008533
0.250000 0.008594
0.250000 0.008616
0.250000 0.008599
0.250000 0.008542
0.250000 0.008445
0.250000 0.008479
0.250000 0.008022
0.250000 0.007791
0.250000 0.007480
0.250000 0.007153
0.250000 0.006804
0.250000 0.006444
0.250000 0.006076
0.250000 0.005705
0.250000 0.005337
0.250000 0.004974
0.250000 0.004620
0.250000 0.004276
0.250000 0.003943
0.250000 0.003621
0.250000 0.003309
0.250000 0.003003
0.250000 0.002699
0.250000 0.002354
0.250000 0.002232
0.250000 0.001788
0.250000 0.001380
0.250000 0.000943
0.250000 0.000485
0.250000 0.000001
0.250000 -0.000509
0.250000 -0.001042
0.250000 -0.001596
0.250000 -0.002163
0.250000 -0.002736
0.250000 -0.003306
0.250000 -0.003863
0.250000 -0.004395
0.250000 -0.004891
0.250000 -0.005334
0.250000 -0.005711
0.250000 -0.006747
0.250000 -0.007199
0.250000 -0.006990
0.250000 -0.006710
0.250000 -0.006273
0.250000 -0.005688
0.250000 -0.004942
0.250000 -0.004028
0.250000 -0.002934
0.250000 -0.001644
0.250000 -0.000143
0.250000 0.001590
0.250000 0.003575
0.250000 0.005840
0.250000 0.008421
0.250000 0.011361
0.250000 0.014685
0.250000 0.018411
0.250000 0.022564
0.250000 0.027145
0.250000 0.032147
0.250000 0.037584
0.250000 0.043438
0.250000 0.049788
0.250000 0.056489
0.250000 0.063469
0.250000 0.070997
0.250000 0.079042
0.250000 0.087388
0.250000 0.096355
0.250000 0.105593
0.250000 0.115113
0.250000 0.124722
0.250000 0.134402
0.250000 0.144092
0.250000 0.153680
0.250000 0.163231
0.250000 0.172593
0.250000 0.182180
0.250000 0.191889
0.250000 0.201888
0.250000 0.212791
0.250000 0.224303
0.250000 0.235966
0.250000 0.247644
0.250000 0.277564
0.250000 0.276781
0.250000 0.285366
0.250000 0.287611
0.250000 0.286114
0.250000 0.280954
0.250000 0.270173
0.250000 0.255708
0.250000 0.234199
0.250000 0.144812
0.250000 0.148395
0.250000 0.127093
0.250000 0.094394
0.250000 0.058822
0.250000 0.015913
0.250000 -0.029486
0.250000 -0.075354
0.250000 -0.119548
0.250000 -0.159602
0.250000 -0.192375
0.250000 -0.217075
0.250000 -0.234525
0.250000 -0.245681
0.250000 -0.251593
0.250000 -0.252994
0.250000 -0.250581
0.250000 -0.245198
0.250000 -0.234901
0.250000 -0.210742
0.250000 -0.203904
0.250000 -0.192584
0.250000 -0.182810
0.250000 -0.172905
0.250000 -0.163365
0.250000 -0.154046
0.250000 -0.144969
0.250000 -0.134044
0.250000 -0.124780
0.250000 -0.116244
0.250000 -0.108157
0.250000 -0.100546
0.250000 -0.093399
0.250000 -0.086706
0.250000 -0.080458
0.250000 -0.074641
0.250000 -0.069243
0.250000 -0.064250
0.250000 -0.059645
0.250000 -0.055414
0.250000 -0.051540
0.250000 -0.048006
0.250000 -0.044784
0.250000 -0.041848
0.250000 -0.039174
0.250000 -0.036087
0.250000 -0.033848
0.250000 -0.031837
0.250000 -0.030014
0.250000 -0.028355
0.250000 -0.026841
0.250000 -0.025456
0.250000 -0.024184
0.250000 -0.023012
0.250000 -0.021925
0.250000 -0.020898
0.250000 -0.019930
0.250000 -0.019006
0.250000 -0.018114
0.250000 -0.017246
0.250000 -0.016394
0.250000 -0.015555
0.250000 -0.014724
0.250000 -0.013823
0.250000 -0.013258
0.250000 -0.012185
0.250000 -0.011232
0.250000 -0.010285
0.250000 -0.009362
0.250000 -0.008455
0.250000 -0.007570
0.250000 -0.006710
0.250000 -0.005881
0.250000 -0.005088
0.250000 -0.004335
0.250000 -0.003623
0.250000 -0.002954
0.250000 -0.002329
0.250000 -0.001749
0.250000 -0.001213
0.250000 -0.000719
0.250000 -0.000266
0.250000 0.000150
0.250000 0.000530
0.250000 0.000880
0.250000 0.001204
0.250000 0.001510
0.250000 0.001803
0.250000 0.002087
0.250000 0.002366
0.250000 0.002643
0.166667 0.002939
0.166667 0.003251
0.166667 0.003500
0.166667 0.003793
0.166667 0.004089
0.166667 0.004394
0.166667 0.004706
0.166667 0.005023
0.166667 0.005716
0.166667 0.005847
0.166667 0.006173
0.166667 0.006485
0.166667 0.006778
0.166667 0.007046
0.166667 0.007282
0.166667 0.007480
0.166667 0.007633
0.166667 0.007738
0.166667 0.007794
0.166667 0.007804
0.166667 0.007770
0.166667 0.007694
0.166667 0.007582
0.166667 0.007436
0.166667 0.007262
0.166667 0.007065
0.166667 0.006744
0.166667 0.006429
0.166667 0.006209
0.166667 0.005986
0.166667 0.005770
0.166667 0.005566
0.166667 0.005377
0.166667 0.005205
0.166667 0.005049
0.166667 0.004908
0.166667 0.004780
0.166667 0.004661
0.166667 0.004550
0.166667 0.004442
0.166667 0.004334
0.166667 0.004222
0.166667 0.004099
0.250000 0.003960
0.250000 0.003763
0.250000 0.003523
0.250000 0.003277
0.250000 0.002994
0.250000 0.002680
0.250000 0.002337
0.250000 0.001968
0.250000 0.001579
0.250000 0.001178
0.250000 0.000364
0.250000 -0.000017
0.250000 -0.000297
0.250000 -0.000538
0.250000 -0.000727
0.250000 -0.000862
0.250000 -0.000940
0.250000 -0.000963
0.250000 -0.000931
0.250000 -0.000848
0.250000 -0.000718
0.250000 -0.000546
0.250000 -0.000337
0.250000 -0.000099
0.250000 0.000153
0.250000 0.000404
0.250000 0.000640
0.250000 0.000852
0.250000 0.001301
0.250000 0.001344
0.250000 0.001373
0.250000 0.001342
0.250000 0.001261
0.250000 0.001131
0.250000 0.000955
0.250000 0.000737
0.250000 0.000480
0.250000 0.000190
0.250000 -0.000119
0.250000 -0.000433
0.250000 -0.000741
0.250000 -0.001032
0.250000 -0.001299
0.250000 -0.001535
0.250000 -0.001736
0.250000 -0.001898
0.250000 -0.002202
0.250000 -0.002136
0.250000 -0.002129
0.250000 -0.002077
0.250000 -0.002000
0.250000 -0.001899
0.250000 -0.001783
0.250000 -0.001666
0.250000 -0.001558
0.250000 -0.001466
0.250000 -0.001397
0.250000 -0.001355
0.250000 -0.001345
0.250000 -0.001368
0.250000 -0.001425
0.250000 -0.001517
0.250000 -0.001641
0.250000 -0.001797
0.250000 -0.002155
0.250000 -0.002037
0.250000 -0.002434
0.250000 -0.002731
0.250000 -0.003026
0.250000 -0.003293
0.250000 -0.003530
0.250000 -0.003733
0.250000 -0.003899
0.250000 -0.004027
0.250000 -0.004118
0.250000 -0.004172
0.250000 -0.004190
0.250000 -0.004174
0.250000 -0.004126
0.250000 -0.004048
0.250000 -0.003942
0.250000 -0.003814
0.250000 -0.003625
0.250000 -0.003270
0.250000 -0.003168
0.250000 -0.003022
0.250000 -0.002889
0.250000 -0.002762
0.250000 -0.002645
0.250000 -0.002540
0.250000 -0.002450
0.250000 -0.002376
0.250000 -0.002320
0.250000 -0.002283
0.250000 -0.002267
0.250000 -0.002271
0.250000 -0.002296
0.250000 -0.002341
0.250000 -0.002406
0.250000 -0.002490
0.250000 -0.002792
0.250000 -0.002613
0.250000 -0.002698
0.250000 -0.002709
0.250000 -0.002709
0.250000 -0.002689
0.250000 -0.002654
0.250000 -0.002605
0.250000 -0.002545
0.250000 -0.002476
0.250000 -0.002402
0.250000 -0.002326
0.250000 -0.002249
0.250000 -0.002173
0.250000 -0.002101
0.250000 -0.002032
0.250000 -0.001969
0.250000 -0.001910
0.250000 -0.001899
0.250000 -0.001881
0.250000 -0.001833
0.250000 -0.001791
0.250000 -0.001750
0.250000 -0.001711
0.250000 -0.001672
0.250000 -0.001634
0.250000 -0.001594
0.250000 -0.001554
0.250000 -0.001511
0.250000 -0.001466
0.250000 -0.001418
0.250000 -0.001365
0.250000 -0.001308
0.250000 -0.001245
0.250000 -0.001178
0.250000 -0.001104
0.250000 -0.001178
0.250000 -0.000934
0.250000 -0.000279
0.250000 0.000229
0.250000 0.000694
0.250000 0.001105
0.250000 0.001473
0.250000 0.001802
0.250000 0.002100
0.250000 0.002371
0.250000 0.002618
0.250000 0.002846
0.250000 0.003057
0.250000 0.003253
0.250000 0.003438
0.250000 0.003611
0.250000 0.003776
0.250000 0.003933
0.250000 0.004354
0.250000 0.004149
0.250000 0.004373
0.250000 0.004510
0.250000 0.004652
0.250000 0.004782
0.250000 0.004904
0.250000 0.005017
0.250000 0.005122
0.250000 0.005219
0.250000 0.005307
0.250000 0.005386
0.250000 0.005455
0.250000 0.005515
0.250000 0.005567
0.250000 0.005611
0.250000 0.005646
0.250000 0.005674
0.250000 0.005921
0.250000 0.005726
0.250000 0.005758
0.250000 0.005739
0.250000 0.005721
0.250000 0.005690
0.250000 0.005651
0.250000 0.005600
0.250000 0.005539
0.250000 0.005465
0.250000 0.005373
0.250000 0.005262
0.250000 0.005129
0.250000 0.004974
0.250000 0.004795
0.250000 0.004594
0.250000 0.004370
0.250000 0.004125
0.250000 0.003782
0.250000 0.003655
0.250000 0.003256
0.250000 0.002899
0.250000 0.002536
0.250000 0.002178
0.250000 0.001828
0.250000 0.001488
0.250000 0.001161
0.250000 0.000852
0.250000 0.000563
0.250000 0.000298
0.250000 0.000058
0.250000 -0.000159
0.250000 -0.000354
0.250000 -0.000530
0.250000 -0.000692
0.250000 -0.000845
0.250000 -0.000990
0.250000 -0.000800
0.250000 -0.001153
0.250000 -0.001442
0.250000 -0.001784
0.250000 -0.002169
0.250000 -0.002613
0.250000 -0.003127
0.250000 -0.003719
0.250000 -0.004392
0.250000 -0.005143
0.250000 -0.005968
0.250000 -0.006858
0.250000 -0.007798
0.250000 -0.008775
0.250000 -0.009773
0.250000 -0.010774
0.250000 -0.011757
0.250000 -0.014080
0.250000 -0.014318
0.250000 -0.015130
0.250000 -0.015662
0.250000 -0.016052
0.250000 -0.016240
0.250000 -0.016207
0.250000 -0.015934
0.250000 -0.015406
0.250000 -0.014616
0.250000 -0.013557
0.250000 -0.012225
0.250000 -0.010623
0.250000 -0.008764
0.250000 -0.006659
0.250000 -0.004315
0.250000 -0.001729
0.250000 0.001106
0.250000 0.004205
0.250000 0.007554
0.250000 0.011126
0.250000 0.014921
0.250000 0.018953
0.250000 0.023247
0.250000 0.027857
0.250000 0.032819
0.250000 0.038237
0.250000 0.044196
0.250000 0.050756
0.250000 0.058064
0.250000 0.066371
0.250000 0.075969
0.250000 0.086719
0.250000 0.098373
0.250000 0.110837
0.250000 0.124159
0.250000 0.138327
0.250000 0.153025
0.250000 0.167983
0.250000 0.183012
0.250000 0.198367
0.250000 0.214363
0.250000 0.230702
0.250000 0.247044
0.250000 0.263776
0.250000 0.295557
0.250000 0.297796
0.250000 0.312435
0.250000 0.328466
0.250000 0.341982
0.250000 0.350128
0.250000 0.350207
0.250000 0.344419
0.250000 0.336523
0.250000 0.332874
0.250000 0.315328
0.250000 0.314574
0.250000 0.315674
0.250000 0.316355
0.250000 0.316708
0.250000 0.317034
0.250000 0.317667
0.250000 0.318711
0.250000 0.329037
0.250000 0.318125
0.250000 0.325846
0.250000 0.328504
0.250000 0.329287
0.250000 0.327632
0.250000 0.323947
0.250000 0.318175
0.250000 0.310455
0.250000 0.296803
0.250000 0.269723
0.250000 0.256304
0.250000 0.239201
0.250000 0.223418
0.250000 0.207804
0.250000 0.192650
0.250000 0.177911
0.250000 0.163586
0.250000 0.143457
0.250000 0.130491
0.250000 0.117015
0.250000 0.104773
0.250000 0.093479
0.166667 0.083352
0.166667 0.074950
0.166667 0.069220
0.166667 0.061793
0.166667 0.055301
0.166667 0.049642
0.166667 0.044756
0.166667 0.040588
0.166667 0.037085
0.166667 0.034192
0.166667 0.031855
0.166667 0.030021
0.166667 0.028637
0.166667 0.027401
0.166667 0.026829
0.166667 0.026737
0.166667 0.026815
0.166667 0.027027
0.166667 0.027330
0.166667 0.027682
0.166667 0.028038
0.166667 0.028356
0.166667 0.028591
0.166667 0.028696
0.166667 0.028626
0.166667 0.028332
0.166667 0.027765
0.166667 0.026898
0.166667 0.025746
0.166667 0.024348
0.166667 0.022759
0.166667 0.020104
0.166667 0.018748
0.166667 0.016337
0.166667 0.013899
0.166667 0.011442
0.166667 0.008981
0.166667 0.006226
0.166667 0.003306
0.166667 0.000335
0.166667 -0.002579
0.166667 -0.005339
0.166667 -0.007864
0.166667 -0.010081
0.166667 -0.011928
0.166667 -0.013353
0.166667 -0.014313
0.166667 -0.014768
0.166667 -0.014685
0.166667 -0.012555
0.166667 -0.013725
0.166667 -0.010920
0.166667 -0.007753
0.166667 -0.004162
0.166667 -0.000220
0.166667 0.003995
0.166667 0.008433
0.166667 0.013033
0.166667 0.017734
0.166667 0.022478
0.166667 0.027286
0.166667 0.032141
0.166667 0.037121
0.166667 0.042207
0.166667 0.047339
0.166667 0.052579
0.250000 0.058221
0.250000 0.064437
0.250000 0.070018
0.250000 0.078363
0.250000 0.088362
0.250000 0.099622
0.250000 0.111993
0.250000 0.125603
0.250000 0.140632
0.250000 0.153808
0.250000 0.169354
0.250000 0.188128
0.250000 0.209565
0.250000 0.233205
0.250000 0.258464
0.250000 0.284996
0.250000 0.312455
0.250000 0.338306
0.250000 0.357083
0.250000 0.357800
0.250000 0.357800
0.250000 0.357800
0.250000 0.357800
0.250000 0.357800
0.250000 0.357799
0.250000 0.356042
0.250000 0.348731
0.250000 0.346916
0.250000 0.357800
0.250000 0.321884
0.250000 0.321006
0.250000 0.311221
0.250000 0.302569
0.250000 0.293284
0.250000 0.283962
0.250000 0.274528
0.250000 0.264982
0.250000 0.256774
0.250000 0.247530
0.250000 0.234789
0.250000 0.222611
0.250000 0.209334
0.250000 0.196634
0.250000 0.182880
0.250000 0.168643
0.250000 0.153399
0.250000 0.127210
0.250000 0.121225
0.250000 0.100288
0.250000 0.079195
0.250000 0.058741
0.250000 0.036713
0.250000 0.014201
0.250000 -0.009337
0.250000 -0.034505
0.250000 -0.061214
0.250000 -0.089038
0.250000 -0.118242
0.250000 -0.148890
0.250000 -0.180805
0.250000 -0.213845
0.250000 -0.247854
0.250000 -0.281769
0.250000 -0.314170
0.250000 -0.346013
0.250000 -0.357800
0.250000 -0.357800
0.250000 -0.357800
0.250000 -0.357800
0.250000 -0.357800
0.250000 -0.357800
0.250000 -0.357800
0.250000 -0.357800
0.250000 -0.357800
0.250000 -0.335831
0.250000 -0.331412
0.250000 -0.321695
0.250000 -0.311879
0.250000 -0.301213
0.250000 -0.290306
0.250000 -0.279153
0.250000 -0.267913
0.250000 -0.255154
0.250000 -0.237654
0.250000 -0.226530
0.250000 -0.213948
0.250000 -0.202096
0.250000 -0.190434
0.250000 -0.179084
0.250000 -0.168009
0.250000 -0.157213
0.250000 -0.143380
0.250000 -0.133779
0.250000 -0.122980
0.250000 -0.112951
0.250000 -0.103331
0.250000 -0.094214
0.250000 -0.085605
0.250000 -0.077540
0.250000 -0.070068
0.250000 -0.060048
0.250000 -0.055384
0.250000 -0.049755
0.250000 -0.045105
0.250000 -0.040986
0.250000 -0.037424
0.250000 -0.034353
0.250000 -0.031731
0.250000 -0.029515
0.250000 -0.027665
0.250000 -0.026143
0.250000 -0.024912
0.250000 -0.023938
0.250000 -0.023184
0.250000 -0.022608
0.250000 -0.022167
0.250000 -0.021817
0.250000 -0.021516
0.250000 -0.021997
0.250000 -0.021804
0.250000 -0.021006
0.250000 -0.020178
0.250000 -0.019193
0.250000 -0.018034
0.250000 -0.016663
0.250000 -0.015044
0.250000 -0.013211
0.250000 -0.011235
0.250000 -0.009158
0.250000 -0.007025
0.250000 -0.004880
0.250000 -0.002766
0.250000 -0.000725
0.250000 0.001206
0.250000 0.002994
0.250000 0.004612
0.250000 0.007989
0.250000 0.010039
0.250000 0.010438
0.250000 0.010744
0.250000 0.010681
0.250000 0.010254
0.250000 0.009411
0.250000 0.008099
0.250000 0.006256
0.250000 0.003808
0.250000 0.000675
0.250000 -0.003237
0.250000 -0.008031
0.250000 -0.013840
0.250000 -0.020815
0.250000 -0.028842
0.250000 -0.037691
0.250000 -0.047263
0.250000 -0.057387
0.250000 -0.067991
0.250000 -0.079102
0.250000 -0.090515
0.250000 -0.102070
0.250000 -0.113675
0.250000 -0.125203
0.250000 -0.136512
0.250000 -0.147320
0.250000 -0.157373
0.250000 -0.166598
0.250000 -0.175003
0.250000 -0.182523
0.250000 -0.189066
0.250000 -0.194492
0.250000 -0.198648
0.250000 -0.201522
0.250000 -0.203035
0.250000 -0.210689
0.250000 -0.203222
0.250000 -0.198547
0.250000 -0.190645
0.250000 -0.181080
0.250000 -0.170161
0.250000 -0.158073
0.250000 -0.145073
0.250000 -0.131323
0.250000 -0.109511
0.250000 -0.100427
0.250000 -0.082863
0.250000 -0.066412
0.250000 -0.050243
0.250000 -0.034529
0.250000 -0.019570
0.250000 -0.005381
0.250000 0.008136
0.250000 0.020997
0.250000 0.033211
0.250000 0.044781
0.250000 0.055703
0.250000 0.065965
0.250000 0.075550
0.250000 0.084435
0.250000 0.092595
0.250000 0.100001
0.250000 0.106623
0.250000 0.112418
0.250000 0.117390
0.250000 0.121594
0.250000 0.125061
0.250000 0.127830
0.250000 0.129936
0.250000 0.131418
0.250000 0.132315
0.250000 0.137074
0.250000 0.130336
0.250000 0.130785
0.250000 0.129433
0.250000 0.127932
0.250000 0.126001
0.250000 0.123771
0.250000 0.121275
0.250000 0.118561
0.250000 0.117247
0.250000 0.110725
0.250000 0.108098
0.250000 0.104603
0.250000 0.101187
0.250000 0.097673
0.250000 0.094119
0.250000 0.090525
0.250000 0.086870
0.250000 0.083375
0.250000 0.078384
0.250000 0.073566
0.250000 0.068391
0.250000 0.063076
0.250000 0.057761
0.250000 0.052569
0.250000 0.048287
0.250000 0.044659
0.250000 0.041621
0.250000 0.039057
0.250000 0.036834
0.250000 0.034846
0.250000 0.033001
0.250000 0.031217
0.250000 0.029433
0.250000 0.027614
0.250000 0.025758
0.250000 0.022935
0.250000 0.021088
0.250000 0.019216
0.250000 0.017555
0.250000 0.016170
0.250000 0.015183
0.250000 0.014719
0.250000 0.014937
0.250000 0.015977
0.250000 0.017957
0.250000 0.020959
0.250000 0.025029
0.250000 0.030192
0.250000 0.036465
0.250000 0.043867
0.250000 0.052433
0.250000 0.062183
0.250000 0.073236
0.250000 0.084337
0.250000 0.093002
0.250000 0.097176
0.250000 0.095033
0.250000 0.084760
0.250000 0.064517
0.250000 0.035901
0.250000 0.003336
0.250000 -0.031717
0.250000 -0.062002
0.250000 -0.093745
0.250000 -0.125079
0.250000 -0.154388
0.250000 -0.181871
0.250000 -0.207070
0.250000 -0.229814
0.250000 -0.249832
0.250000 -0.267382
0.250000 -0.282263
0.250000 -0.294875
0.250000 -0.305177
0.250000 -0.312874
0.250000 -0.317887
0.250000 -0.320097
0.250000 -0.319095
0.250000 -0.315455
0.250000 -0.309689
0.250000 -0.296427
0.250000 -0.250902
0.250000 -0.248351
0.250000 -0.238176
0.250000 -0.229785
0.250000 -0.221961
0.250000 -0.216055
0.250000 -0.212335
0.250000 -0.211227
0.250000 -0.218289
0.250000 -0.209608
0.250000 -0.216906
0.250000 -0.225614
0.250000 -0.234480
0.250000 -0.243800
0.250000 -0.253065
0.250000 -0.262255
0.250000 -0.272418
0.250000 -0.282174
0.250000 -0.293357
0.250000 -0.303845
0.250000 -0.315899
0.250000 -0.326163
0.250000 -0.334656
0.250000 -0.342310
0.250000 -0.346576
0.250000 -0.348140
0.250000 -0.352773
0.250000 -0.314007
0.250000 -0.303973
0.250000 -0.282659
0.250000 -0.264778
0.250000 -0.245642
0.250000 -0.226915
0.250000 -0.208268
0.250000 -0.189910
0.250000 -0.152447
0.250000 -0.144596
0.250000 -0.124072
0.250000 -0.108370
0.250000 -0.093849
0.250000 -0.081329
0.250000 -0.070353
0.250000 -0.060843
0.250000 -0.052657
0.250000 -0.045667
0.250000 -0.039747
0.250000 -0.034770
0.250000 -0.030613
0.250000 -0.027149
0.250000 -0.024252
0.250000 -0.021792
0.250000 -0.019638
0.250000 -0.017651
0.250000 -0.015000
0.250000 -0.014569
0.250000 -0.012429
0.250000 -0.010768
0.250000 -0.009180
0.250000 -0.007725
0.250000 -0.006376
0.250000 -0.005126
0.250000 -0.003966
0.250000 -0.002887
0.250000 -0.001883
0.250000 -0.000949
0.250000 -0.000082
0.250000 0.000721
0.250000 0.001456
0.250000 0.002118
0.250000 0.002701
0.250000 0.003199
0.250000 0.004138
0.250000 0.004126
0.250000 0.004358
0.250000 0.004388
0.250000 0.004306
0.250000 0.004091
0.250000 0.003760
0.250000 0.003329
0.250000 0.002810
0.250000 0.002214
0.250000 0.001552
0.250000 0.000833
0.250000 0.000068
0.250000 -0.000732
0.250000 -0.001558
0.250000 -0.002398
0.250000 -0.003241
0.250000 -0.004075
0.250000 -0.005855
0.250000 -0.006701
0.250000 -0.007403
0.250000 -0.007950
0.250000 -0.008355
0.250000 -0.008592
0.250000 -0.008670
0.250000 -0.008560
0.250000 -0.008222
0.250000 -0.007621
0.250000 -0.006719
0.250000 -0.005477
0.250000 -0.003852
0.250000 -0.001836
0.250000 0.000563
0.250000 0.003351
0.250000 0.006537
0.250000 0.010133
0.250000 0.014155
0.250000 0.018626
0.250000 0.023571
0.250000 0.029033
0.250000 0.035055
0.250000 0.041662
0.250000 0.048899
0.250000 0.056840
0.250000 0.065502
0.250000 0.074654
0.250000 0.084206
0.250000 0.094095
0.250000 0.104273
0.250000 0.114687
0.250000 0.125132
0.250000 0.135462
0.250000 0.145569
0.250000 0.155327
0.250000 0.164598
0.250000 0.173242
0.250000 0.181160
0.250000 0.188342
0.250000 0.194908
0.250000 0.200919
0.250000 0.206436
0.250000 0.211514
0.250000 0.216200
0.250000 0.229462
0.250000 0.219664
0.250000 0.226179
0.250000 0.230659
0.250000 0.234675
0.250000 0.238376
0.250000 0.241706
0.250000 0.244696
0.250000 0.247359
0.250000 0.258294
0.250000 0.247263
0.250000 0.251480
0.250000 0.253516
0.250000 0.255209
0.250000 0.256448
0.250000 0.257251
0.250000 0.257614
0.250000 0.257524
0.250000 0.271527
0.250000 0.246483
0.250000 0.249986
0.250000 0.248213
0.250000 0.246796
0.250000 0.244836
0.250000 0.242558
0.250000 0.239966
0.250000 0.237104
0.250000 0.238430
0.250000 0.226102
0.250000 0.224385
0.250000 0.220624
0.250000 0.217020
0.250000 0.213200
0.250000 0.209261
0.250000 0.205224
0.250000 0.201082
0.250000 0.199518
0.250000 0.188974
0.250000 0.185832
0.250000 0.181225
0.250000 0.176802
0.250000 0.172244
0.250000 0.167651
0.250000 0.163020
0.250000 0.158367
0.250000 0.155181
0.250000 0.146853
0.250000 0.142462
0.250000 0.137331
0.250000 0.132316
0.250000 0.127247
0.250000 0.122168
0.250000 0.117082
0.250000 0.112006
0.250000 0.106442
0.250000 0.099444
0.250000 0.094512
0.250000 0.089494
0.250000 0.084774
0.250000 0.080325
0.250000 0.076224
0.250000 0.072539
0.250000 0.069338
0.250000 0.066693
0.250000 0.064595
0.250000 0.062993
0.250000 0.061866
0.250000 0.061189
0.250000 0.060937
0.250000 0.061086
0.250000 0.061611
0.250000 0.062488
0.250000 0.066066
0.250000 0.062111
0.250000 0.065665
0.250000 0.068328
0.250000 0.071245
0.250000 0.074322
0.250000 0.077529
0.250000 0.080876
0.250000 0.084345
0.250000 0.087949
0.250000 0.091700
0.250000 0.095601
0.250000 0.099673
0.250000 0.103926
0.250000 0.108327
0.250000 0.112895
0.250000 0.117646
0.250000 0.122589
0.250000 0.127753
0.250000 0.133236
0.250000 0.138953
0.250000 0.144880
0.250000 0.151029
0.250000 0.157398
0.250000 0.163981
0.250000 0.170853
0.250000 0.177968
0.250000 0.196097
0.250000 0.188866
0.250000 0.199333
0.250000 0.208657
0.250000 0.217523
0.250000 0.226262
0.250000 0.234623
0.250000 0.242573
0.250000 0.250046
0.250000 0.269638
0.250000 0.260856
0.250000 0.268715
0.250000 0.273427
0.250000 0.277008
0.250000 0.279231
0.250000 0.280338
0.250000 0.280409
0.250000 0.279557
0.250000 0.291759
0.250000 0.267014
0.250000 0.267640
0.250000 0.262131
0.250000 0.257224
0.250000 0.251405
0.250000 0.245200
0.250000 0.238584
0.250000 0.231661
0.250000 0.227113
0.250000 0.209647
0.250000 0.203325
0.250000 0.194665
0.250000 0.186813
0.250000 0.179037
0.250000 0.171558
0.250000 0.164358
0.250000 0.157480
0.250000 0.150896
0.250000 0.142249
0.250000 0.136361
0.250000 0.130317
0.250000 0.124630
0.250000 0.119167
0.250000 0.113931
0.250000 0.108898
0.250000 0.104054
0.250000 0.099299
0.250000 0.093673
0.250000 0.089142
0.250000 0.084636
0.250000 0.080323
0.250000 0.076149
0.250000 0.072106
0.250000 0.068182
0.250000 0.064368
0.250000 0.060658
0.250000 0.057045
0.250000 0.053528
0.250000 0.050103
0.250000 0.046280
0.250000 0.042794
0.250000 0.039517
0.250000 0.036434
0.250000 0.033520
0.250000 0.029759
0.250000 0.027735
0.250000 0.024917
0.250000 0.022380
0.250000 0.019921
0.250000 0.017567
0.250000 0.015301
0.250000 0.013118
0.250000 0.011015
0.250000 0.008989
0.250000 0.007040
0.250000 0.005170
0.250000 0.003383
0.250000 0.001685
0.250000 0.000084
0.250000 -0.001411
0.250000 -0.002787
0.250000 -0.004030
0.250000 -0.006243
0.250000 -0.006476
0.250000 -0.007222
0.250000 -0.007583
0.250000 -0.007772
0.250000 -0.007768
0.250000 -0.007586
0.250000 -0.007231
0.250000 -0.006708
0.250000 -0.006023
0.250000 -0.005183
0.250000 -0.004193
0.250000 -0.003062
0.250000 -0.001793
0.250000 -0.000393
0.250000 0.001134
0.250000 0.002780
0.250000 0.004537
0.250000 0.007659
0.250000 0.007207
0.250000 0.010201
0.250000 0.012691
0.250000 0.015320
0.250000 0.017979
0.250000 0.020688
0.250000 0.023449
0.250000 0.026266
0.250000 0.029147
0.250000 0.032102
0.250000 0.035137
0.250000 0.038257
0.250000 0.041462
0.250000 0.044755
0.250000 0.048134
0.250000 0.051597
0.250000 0.055141
0.250000 0.058766
0.250000 0.062467
0.250000 0.066247
0.250000 0.070104
0.250000 0.074031
0.250000 0.078039
0.250000 0.082152
0.250000 0.086394
0.250000 0.090814
0.250000 0.095416
0.250000 0.100208
0.250000 0.105235
0.250000 0.110540
0.250000 0.116188
0.250000 0.122327
0.250000 0.128925
0.250000 0.136016
0.250000 0.143581
0.250000 0.151518
0.250000 0.159875
0.250000 0.168518
0.250000 0.177288
0.250000 0.186087
0.250000 0.194818
0.250000 0.203374
0.250000 0.211631
0.250000 0.219458
0.250000 0.238891
0.250000 0.231064
0.250000 0.238526
0.250000 0.243418
0.250000 0.247566
0.250000 0.250842
0.250000 0.253361
0.250000 0.255170
0.250000 0.256308
0.250000 0.264618
0.250000 0.252390
0.250000 0.253605
0.250000 0.251585
0.250000 0.249009
0.250000 0.245498
0.250000 0.241308
0.250000 0.236502
0.250000 0.231211
0.250000 0.228144
0.250000 0.205878
0.250000 0.204054
0.250000 0.198510
0.250000 0.194083
0.250000 0.190139
0.250000 0.187010
0.250000 0.184638
0.250000 0.182867
0.250000 0.186445
0.250000 0.177945
0.250000 0.179524
0.250000 0.179714
0.250000 0.180162
0.250000 0.180444
0.250000 0.180496
0.250000 0.180155
0.250000 0.179283
0.250000 0.182539
0.250000 0.174306
0.250000 0.171778
0.250000 0.167491
0.250000 0.162973
0.250000 0.157965
0.250000 0.152566
0.250000 0.146793
0.250000 0.140675
0.250000 0.134379
0.250000 0.127601
0.250000 0.119549
0.250000 0.111448
0.250000 0.103189
0.250000 0.094809
0.250000 0.086308
0.250000 0.077693
0.250000 0.068968
0.250000 0.056288
0.250000 0.053563
0.250000 0.041911
0.250000 0.031523
0.250000 0.021237
0.250000 0.010832
0.250000 0.000475
0.250000 -0.009876
0.250000 -0.020216
0.250000 -0.030612
0.250000 -0.041110
0.250000 -0.051639
0.250000 -0.062211
0.250000 -0.072866
0.250000 -0.083716
0.250000 -0.094773
0.250000 -0.105921
0.250000 -0.117135
0.250000 -0.128427
0.250000 -0.139794
0.250000 -0.151336
0.250000 -0.163005
0.250000 -0.174659
0.250000 -0.186229
0.250000 -0.197665
0.250000 -0.208896
0.250000 -0.219937
0.250000 -0.230631
0.250000 -0.240791
0.250000 -0.250287
0.250000 -0.258991
0.250000 -0.266842
0.250000 -0.273841
0.250000 -0.279959
0.250000 -0.285175
0.250000 -0.289549
0.250000 -0.314773
0.250000 -0.285499
0.250000 -0.293963
0.250000 -0.296914
0.250000 -0.299276
0.250000 -0.300721
0.250000 -0.301426
0.250000 -0.301467
0.250000 -0.300917
0.250000 -0.316732
0.250000 -0.290770
0.250000 -0.292909
0.250000 -0.289500
0.250000 -0.286380
0.250000 -0.282351
0.250000 -0.277709
0.250000 -0.272371
0.250000 -0.266287
0.250000 -0.265397
0.250000 -0.246182
0.250000 -0.238109
0.250000 -0.227001
0.250000 -0.216482
0.250000 -0.205722
0.250000 -0.194968
0.250000 -0.184210
0.250000 -0.173504
0.250000 -0.159938
0.250000 -0.149029
0.250000 -0.138061
0.250000 -0.127545
0.250000 -0.117426
0.250000 -0.107758
0.250000 -0.098563
0.250000 -0.089876
0.250000 -0.081733
0.250000 -0.070544
0.250000 -0.064560
0.250000 -0.058494
0.250000 -0.053534
0.250000 -0.049360
0.250000 -0.045898
0.250000 -0.043075
0.250000 -0.040826
0.250000 -0.039090
0.250000 -0.037812
0.250000 -0.036938
0.250000 -0.036389
0.250000 -0.036068
0.250000 -0.035891
0.250000 -0.035787
0.250000 -0.035688
0.250000 -0.035535
0.250000 -0.035287
0.250000 -0.035974
0.250000 -0.034893
0.250000 -0.034931
0.250000 -0.034913
0.250000 -0.035050
0.250000 -0.035263
0.250000 -0.035521
0.250000 -0.035772
0.250000 -0.035956
0.250000 -0.035998
0.250000 -0.035811
0.250000 -0.035362
0.250000 -0.034667
0.250000 -0.033726
0.250000 -0.032536
0.250000 -0.031084
0.250000 -0.029361
0.250000 -0.027357
0.250000 -0.023845
0.332500 -0.022960
0.332500 -0.018048
0.332500 -0.010493
0.332500 -0.002284
0.332500 0.006951
0.332500 0.016282
0.332500 0.025176
0.332500 0.032957
0.332500 0.038921
0.332500 0.042301
0.332500 0.042271
0.332500 0.039306
0.332500 0.034578
0.332500 0.028718
0.332500 0.022429
0.332500 0.016397
0.332500 0.011339
0.332500 0.005106
0.332500 0.003266
0.332500 -0.002129
0.332500 -0.006432
0.332500 -0.010501
0.332500 -0.014150
0.332500 -0.017450
0.332500 -0.020412
0.332500 -0.023060
0.332500 -0.025411
0.332500 -0.027482
0.332500 -0.029291
0.332500 -0.030855
0.332500 -0.032193
0.332500 -0.033323
0.332500 -0.034266
0.332500 -0.035040
0.332500 -0.035667
0.332500 -0.037977
0.332500 -0.035099
0.332500 -0.036128
0.332500 -0.036486
0.332500 -0.037009
0.332500 -0.037562
0.332500 -0.038201
0.332500 -0.038908
0.332500 -0.039691
0.332500 -0.040554
0.332500 -0.041500
0.332500 -0.042534
0.332500 -0.043658
0.332500 -0.044872
0.332500 -0.046176
0.332500 -0.047569
0.332500 -0.049058
0.332500 -0.050651
0.332500 -0.055756
0.332500 -0.052171
0.332500 -0.055792
0.332500 -0.058128
0.332500 -0.060674
0.332500 -0.063055
0.332500 -0.065343
0.332500 -0.067491
0.332500 -0.069468
0.332500 -0.071213
0.332500 -0.072668
0.332500 -0.073780
0.332500 -0.074501
0.332500 -0.074831
0.332500 -0.074803
0.332500 -0.074432
0.332500 -0.073742
0.332500 -0.072761
0.332500 -0.074304
0.332500 -0.069225
0.332500 -0.067770
0.332500 -0.065574
0.332500 -0.063525
0.332500 -0.061423
0.332500 -0.059346
0.332500 -0.057297
0.332500 -0.055291
0.332500 -0.053336
0.332500 -0.051432
0.332500 -0.049579
0.332500 -0.047770
0.332500 -0.045991
0.332500 -0.044232
0.332500 -0.042478
0.332500 -0.040720
0.332500 -0.038944
0.332500 -0.038349
0.332500 -0.035945
0.332500 -0.033573
0.332500 -0.031175
0.332500 -0.028800
0.332500 -0.026415
0.332500 -0.024011
0.332500 -0.021579
0.332500 -0.019116
0.332500 -0.016624
0.332500 -0.014107
0.332500 -0.011572
0.332500 -0.009026
0.332500 -0.006477
0.332500 -0.003931
0.332500 -0.001391
0.332500 0.001124
0.332500 0.003586
0.332500 0.007556
0.332500 0.007463
0.332500 0.010467
0.332500 0.012795
0.332500 0.015124
0.332500 0.017325
0.332500 0.019451
0.332500 0.021511
0.332500 0.023522
0.332500 0.025518
0.332500 0.027529
0.332500 0.029572
0.332500 0.031654
0.332500 0.033777
0.332500 0.035933
0.332500 0.038113
0.332500 0.040310
0.332500 0.042518
0.332500 0.047945
0.332500 0.044633
0.332500 0.048594
0.332500 0.051187
0.332500 0.053914
0.332500 0.056438
0.332500 0.058852
0.332500 0.061140
0.332500 0.063305
0.332500 0.065331
0.332500 0.067197
0.332500 0.068871
0.332500 0.070314
0.332500 0.071484
0.332500 0.072331
0.332500 0.072873
0.332500 0.073169
0.332500 0.073240
0.332500 0.076884
0.332500 0.072201
0.332500 0.072290
0.332500 0.071343
0.332500 0.070521
0.332500 0.069555
0.332500 0.068524
0.332500 0.067435
0.332500 0.066333
0.332500 0.065190
0.332500 0.063949
0.332500 0.062589
0.332500 0.061098
0.332500 0.059477
0.332500 0.057734
0.332500 0.055883
0.332500 0.053939
0.332500 0.051947
0.332500 0.050654
0.332500 0.046277
0.332500 0.044553
0.332500 0.042418
0.332500 0.040551
0.332500 0.038852
0.332500 0.037404
0.332500 0.036221
0.332500 0.035292
0.332500 0.034497
0.332500 0.033856
0.332500 0.033454
0.332500 0.033237
0.332500 0.033116
0.332500 0.033073
0.332500 0.033045
0.332500 0.032972
0.332500 0.032830
0.332500 0.033801
0.332500 0.031537
0.332500 0.031309
0.332500 0.030601
0.332500 0.029966
0.332500 0.029304
0.332500 0.028701
0.332500 0.028237
0.332500 0.028032
0.332500 0.028252
0.332500 0.029535
0.332500 0.031810
0.332500 0.035141
0.332500 0.039599
0.332500 0.045268
0.332500 0.052198
0.332500 0.060419
0.332500 0.069376
0.332500 0.078102
0.332500 0.085719
0.332500 0.091241
0.332500 0.093608
0.332500 0.091695
0.332500 0.085688
0.332500 0.076471
0.332500 0.064240
0.250000 0.049289
0.250000 0.019665
0.250000 0.009541
0.250000 -0.015755
0.250000 -0.038313
0.250000 -0.059569
0.250000 -0.077270
0.250000 -0.089953
0.250000 -0.097408
0.250000 -0.100749
0.250000 -0.100571
0.250000 -0.097533
0.250000 -0.092225
0.250000 -0.085191
0.250000 -0.076937
0.250000 -0.067940
0.250000 -0.058670
0.250000 -0.049599
0.250000 -0.041222
0.250000 -0.030967
0.250000 -0.028253
0.250000 -0.020026
0.250000 -0.014405
0.250000 -0.009748
0.250000 -0.006207
0.250000 -0.003577
0.250000 -0.001729
0.250000 -0.000526
0.250000 0.000162
0.250000 0.000466
0.250000 0.000514
0.250000 0.000436
0.250000 0.000361
0.250000 0.000310
0.250000 0.000241
0.250000 0.000153
0.250000 0.000042
0.250000 -0.000103
0.250000 -0.000083
0.250000 -0.000406
0.250000 -0.000715
0.250000 -0.001068
0.250000 -0.001454
0.250000 -0.001873
0.250000 -0.002322
0.250000 -0.002797
0.250000 -0.003294
0.250000 -0.003810
0.250000 -0.004337
0.250000 -0.004872
0.250000 -0.005406
0.250000 -0.005929
0.250000 -0.006429
0.250000 -0.006895
0.250000 -0.007315
0.250000 -0.008290
0.250000 -0.008117
0.250000 -0.008347
0.250000 -0.008422
0.250000 -0.008448
0.250000 -0.008407
0.250000 -0.008308
0.250000 -0.008156
0.250000 -0.007955
0.250000 -0.007712
0.250000 -0.007435
0.250000 -0.007136
0.250000 -0.006824
0.250000 -0.006508
0.250000 -0.006194
0.250000 -0.005888
0.250000 -0.005596
0.250000 -0.005319
0.250000 -0.005050
0.250000 -0.004816
0.250000 -0.004604
0.250000 -0.004400
0.250000 -0.004207
0.250000 -0.004022
0.250000 -0.003837
0.250000 -0.003642
0.250000 -0.003429
0.250000 -0.003191
0.250000 -0.002921
0.250000 -0.002616
0.250000 -0.002271
0.250000 -0.001884
0.250000 -0.001456
0.250000 -0.000988
0.250000 -0.000481
0.250000 0.000060
0.250000 0.001117
0.250000 0.001286
0.250000 0.002096
0.250000 0.002776
0.250000 0.003451
0.250000 0.004087
0.250000 0.004680
0.250000 0.005224
0.250000 0.005714
0.250000 0.006144
0.250000 0.006510
0.250000 0.006811
0.250000 0.007044
0.250000 0.007207
0.250000 0.007301
0.250000 0.007324
0.250000 0.007281
0.250000 0.007181
0.250000 0.007116
0.250000 0.006739
0.250000 0.006541
0.250000 0.006305
0.250000 0.006076
0.250000 0.005849
0.250000 0.005629
0.250000 0.005418
0.250000 0.005217
0.250000 0.005028
0.250000 0.004849
0.250000 0.004682
0.250000 0.004525
0.250000 0.004376
0.250000 0.004227
0.250000 0.004071
0.250000 0.003903
0.250000 0.003718
0.250000 0.003522
0.250000 0.003365
0.250000 0.003026
0.250000 0.002694
0.250000 0.002339
0.250000 0.001969
0.250000 0.001583
0.250000 0.001183
0.250000 0.000771
0.250000 0.000349
0.250000 -0.000076
0.250000 -0.000498
0.250000 -0.000909
0.250000 -0.001305
0.250000 -0.001681
0.250000 -0.002035
0.250000 -0.002365
0.250000 -0.002670
0.250000 -0.003234
0.250000 -0.003194
0.250000 -0.003488
0.250000 -0.003709
0.250000 -0.003933
0.250000 -0.004148
0.250000 -0.004364
0.250000 -0.004585
0.250000 -0.004818
0.250000 -0.005068
0.250000 -0.005342
0.250000 -0.005641
0.250000 -0.005913
0.250000 -0.006172
0.250000 -0.006418
0.250000 -0.006653
0.250000 -0.006880
0.250000 -0.007096
0.250000 -0.007734
0.250000 -0.007579
0.250000 -0.007841
0.250000 -0.007986
0.250000 -0.008111
0.250000 -0.008190
0.250000 -0.008220
0.250000 -0.008192
0.250000 -0.008098
0.250000 -0.007926
0.250000 -0.007664
0.250000 -0.007299
0.250000 -0.006815
0.250000 -0.006195
0.250000 -0.005418
0.250000 -0.004463
0.250000 -0.003306
0.250000 -0.001919
0.250000 0.000463
0.250000 0.000040
0.250000 0.003020
0.250000 0.005618
0.250000 0.008431
0.250000 0.011358
0.250000 0.014405
0.250000 0.017568
0.250000 0.020842
0.250000 0.024223
0.250000 0.027708
0.250000 0.031294
0.250000 0.034979
0.250000 0.039284
0.250000 0.043574
0.250000 0.047920
0.250000 0.052341
0.250000 0.056848
0.250000 0.061467
0.250000 0.066209
0.250000 0.071070
0.250000 0.076061
0.250000 0.081205
0.250000 0.086517
0.250000 0.092007
0.250000 0.097707
0.250000 0.103549
0.250000 0.109530
0.250000 0.115649
0.250000 0.121891
0.250000 0.128242
0.250000 0.134717
0.250000 0.141316
0.250000 0.147957
0.250000 0.154604
0.250000 0.161238
0.250000 0.177640
0.250000 0.170955
0.250000 0.180102
0.250000 0.187554
0.250000 0.194544
0.250000 0.201256
0.250000 0.207519
0.250000 0.213341
0.250000 0.218698
0.250000 0.233356
0.250000 0.223859
0.250000 0.230139
0.250000 0.233697
0.250000 0.236582
0.250000 0.238846
0.250000 0.240548
0.250000 0.241774
0.250000 0.242590
0.250000 0.250073
0.250000 0.238427
0.250000 0.240704
0.250000 0.240744
0.250000 0.240636
0.250000 0.240187
0.250000 0.239457
0.250000 0.238473
0.250000 0.237260
0.250000 0.248200
0.250000 0.224958
0.250000 0.227717
0.250000 0.225517
0.250000 0.223864
0.250000 0.221774
0.250000 0.219462
0.250000 0.216905
0.250000 0.214123
0.250000 0.215038
0.250000 0.203690
0.250000 0.202146
0.250000 0.198601
0.250000 0.195260
0.250000 0.191691
0.250000 0.188039
0.250000 0.184289
0.250000 0.180461
0.250000 0.179143
0.250000 0.170039
0.250000 0.166865
0.250000 0.162439
0.250000 0.158102
0.250000 0.153574
0.250000 0.148923
0.250000 0.144142
0.250000 0.139239
0.250000 0.135088
0.250000 0.128073
0.250000 0.122515
0.250000 0.116629
0.250000 0.110782
0.250000 0.104912
0.250000 0.099040
0.250000 0.093175
0.250000 0.087330
0.250000 0.080122
0.250000 0.075148
0.250000 0.068516
0.250000 0.062358
0.250000 0.056300
0.250000 0.050410
0.250000 0.044680
0.250000 0.039121
0.250000 0.033741
0.250000 0.028548
0.250000 0.023551
0.250000 0.018759
0.250000 0.014182
0.250000 0.009831
0.250000 0.005718
0.250000 0.001858
0.250000 -0.001736
0.250000 -0.005045
0.250000 -0.010623
0.250000 -0.011082
0.250000 -0.013723
0.250000 -0.015576
0.250000 -0.017212
0.250000 -0.018552
0.250000 -0.019645
0.250000 -0.020510
0.250000 -0.021170
0.250000 -0.021646
0.250000 -0.021954
0.250000 -0.022111
0.250000 -0.022132
0.250000 -0.022031
0.250000 -0.021820
0.250000 -0.021509
0.250000 -0.021108
0.250000 -0.020624
0.250000 -0.020375
0.250000 -0.019143
0.250000 -0.018493
0.250000 -0.017664
0.250000 -0.016806
0.250000 -0.015895
0.250000 -0.014944
0.250000 -0.013955
0.250000 -0.012933
0.250000 -0.011881
0.250000 -0.010804
0.250000 -0.009703
0.250000 -0.008582
0.250000 -0.007442
0.250000 -0.006285
0.250000 -0.005114
0.250000 -0.003931
0.250000 -0.002737
0.250000 -0.000619
0.250000 0.000020
0.250000 0.001637
0.250000 0.003044
0.250000 0.004428
0.250000 0.005727
0.250000 0.006936
0.250000 0.008037
0.250000 0.009018
0.250000 0.009868
0.250000 0.010575
0.250000 0.011129
0.250000 0.011516
0.250000 0.011726
0.250000 0.011744
0.250000 0.011556
0.250000 0.011177
0.250000 0.010642
0.250000 0.009728
0.250000 0.008775
0.250000 0.007788
0.250000 0.006744
0.250000 0.005668
0.250000 0.004576
0.250000 0.003485
0.250000 0.002414
0.250000 0.001379
0.250000 0.000398
0.250000 -0.000514
0.250000 -0.001338
0.250000 -0.002055
0.250000 -0.002647
0.250000 -0.003091
0.250000 -0.003367
0.250000 -0.003453
0.250000 -0.003327
0.250000 -0.003081
0.250000 -0.002884
0.250000 -0.001009
0.250000 0.000701
0.250000 0.002604
0.250000 0.004643
0.250000 0.006848
0.250000 0.009230
0.250000 0.011793
0.250000 0.014539
0.250000 0.017467
0.250000 0.020574
0.250000 0.023854
0.250000 0.027311
0.250000 0.030938
0.250000 0.034720
0.250000 0.038650
0.250000 0.042715
0.250000 0.051527
0.250000 0.048816
0.250000 0.055245
0.250000 0.060490
0.250000 0.065819
0.250000 0.071143
0.250000 0.076436
0.250000 0.081700
0.250000 0.086956
0.250000 0.099330
0.250000 0.094444
0.250000 0.101915
0.250000 0.107554
0.250000 0.112886
0.250000 0.117857
0.250000 0.122391
0.250000 0.126495
0.250000 0.130151
0.250000 0.139153
0.250000 0.129054
0.250000 0.134364
0.250000 0.137454
0.250000 0.140030
0.250000 0.142924
0.250000 0.145904
0.250000 0.149178
0.250000 0.153218
0.250000 0.158328
0.250000 0.164696
0.250000 0.172330
0.250000 0.181133
0.250000 0.191231
0.250000 0.202478
0.250000 0.214541
0.250000 0.226989
0.250000 0.239635
0.250000 0.252281
0.250000 0.263742
0.250000 0.275131
0.250000 0.284712
0.250000 0.293828
0.250000 0.301575
0.250000 0.307909
0.250000 0.313224
0.250000 0.318172
0.250000 0.322410
0.250000 0.325747
0.250000 0.328591
0.250000 0.330769
0.250000 0.332461
0.250000 0.334484
0.250000 0.336432
0.250000 0.338624
0.250000 0.338909
0.250000 0.357798
0.250000 0.325232
0.250000 0.319474
0.250000 0.297257
0.250000 0.278057
0.250000 0.255557
0.250000 0.232896
0.250000 0.209529
0.250000 0.185907
0.250000 0.127940
0.250000 0.119307
0.250000 0.094673
0.250000 0.076910
0.250000 0.062490
0.250000 0.052092
0.250000 0.044655
0.250000 0.039761
0.250000 0.036970
0.250000 0.035874
0.250000 0.036099
0.250000 0.037257
0.250000 0.038938
0.250000 0.040683
0.250000 0.042144
0.250000 0.042252
0.250000 0.040911
0.250000 0.037489
0.250000 0.031727
0.250000 0.023935
0.250000 0.013997
0.250000 0.001524
0.250000 -0.013619
0.250000 -0.030801
0.250000 -0.051004
0.250000 -0.074491
0.250000 -0.100712
0.250000 -0.129855
0.250000 -0.162518
0.250000 -0.200751
0.250000 -0.244890
0.250000 -0.296555
0.250000 -0.357799
0.250000 -0.357800
0.250000 -0.357800
0.250000 -0.357800
0.250000 -0.357800
0.250000 -0.357800
0.250000 -0.357800
0.250000 -0.357800
0.250000 -0.357800
0.250000 -0.357800
0.250000 -0.357800
0.250000 -0.357800
0.250000 -0.357800
0.250000 -0.357800
0.250000 -0.357800
0.250000 -0.357800
0.250000 -0.357800
0.250000 -0.357800
0.250000 -0.357800
0.250000 -0.357800
0.250000 -0.357800
0.250000 -0.357800
0.250000 -0.357800
0.250000 -0.357800
0.250000 -0.343548
0.250000 -0.307704
0.250000 -0.282472
0.250000 -0.257642
0.250000 -0.235554
0.250000 -0.215500
0.250000 -0.197202
0.250000 -0.174216
0.250000 -0.163621
0.250000 -0.147512
0.250000 -0.133964
0.250000 -0.121407
0.250000 -0.109929
0.250000 -0.099401
0.250000 -0.089730
0.250000 -0.080835
0.250000 -0.072653
0.250000 -0.065133
0.250000 -0.058233
0.250000 -0.051918
0.250000 -0.046155
0.250000 -0.040918
0.250000 -0.036182
0.250000 -0.031928
0.250000 -0.028139
0.250000 -0.022866
0.250000 -0.021260
0.250000 -0.018577
0.250000 -0.016723
0.250000 -0.015274
0.250000 -0.014242
0.250000 -0.013567
0.250000 -0.013216
0.250000 -0.013150
0.250000 -0.013338
0.250000 -0.013749
0.250000 -0.014354
0.250000 -0.015128
0.250000 -0.016043
0.250000 -0.017075
0.250000 -0.018199
0.250000 -0.019393
0.250000 -0.020629
0.250000 -0.023753
0.250000 -0.023950
0.250000 -0.025327
0.250000 -0.026354
0.250000 -0.027278
0.250000 -0.028007
0.250000 -0.028518
0.250000 -0.028773
0.250000 -0.028733
0.250000 -0.028358
0.250000 -0.027602
0.250000 -0.026485
0.250000 -0.025058
0.250000 -0.023344
0.250000 -0.021370
0.250000 -0.019157
0.250000 -0.016728
0.250000 -0.014102
0.250000 -0.009855
0.250000 -0.009027
0.250000 -0.004864
0.250000 -0.001168
0.250000 0.002676
0.250000 0.006553
0.250000 0.010479
0.250000 0.014446
0.250000 0.018451
0.250000 0.022484
0.250000 0.026537
0.250000 0.030596
0.250000 0.034338
0.250000 0.037804
0.250000 0.040985
0.250000 0.043874
0.250000 0.046458
0.250000 0.048719
0.250000 0.053693
0.250000 0.051846
0.250000 0.054011
0.250000 0.055114
0.250000 0.056089
0.250000 0.056767
0.250000 0.057203
0.250000 0.057403
0.250000 0.057379
0.250000 0.057137
0.250000 0.056680
0.250000 0.056009
0.250000 0.055122
0.250000 0.054021
0.250000 0.052699
0.250000 0.051146
0.250000 0.049343
0.250000 0.047271
0.250000 0.045252
0.250000 0.043166
0.250000 0.039021
0.250000 0.034673
0.250000 0.029786
0.250000 0.024354
0.250000 0.018451
0.250000 0.012247
0.250000 0.005848
0.250000 -0.000623
0.250000 -0.007041
0.250000 -0.013268
0.250000 -0.019155
0.250000 -0.027381
0.250000 -0.034192
0.250000 -0.039890
0.250000 -0.044248
0.250000 -0.047107
0.250000 -0.050816
0.250000 -0.048227
0.250000 -0.045469
0.250000 -0.041710
0.250000 -0.037363
0.250000 -0.032559
0.250000 -0.027482
0.250000 -0.022300
0.250000 -0.017185
0.250000 -0.012313
0.250000 -0.007865
0.250000 -0.004029
0.250000 -0.001006
0.250000 0.001227
0.250000 0.002818
0.250000 0.003823
0.250000 0.004306
0.250000 0.004326
0.250000 0.003793
0.250000 0.003326
0.250000 0.001757
0.250000 0.000153
0.250000 -0.001614
0.250000 -0.003467
0.250000 -0.005372
0.250000 -0.007281
0.250000 -0.009143
0.250000 -0.010915
0.250000 -0.012557
0.250000 -0.014032
0.250000 -0.015303
0.250000 -0.016331
0.250000 -0.017077
0.250000 -0.017496
0.250000 -0.017542
0.250000 -0.017164
0.250000 -0.015933
0.250000 -0.013707
0.250000 -0.011372
0.250000 -0.008943
0.250000 -0.006538
0.250000 -0.004242
0.250000 -0.002120
0.250000 -0.000214
0.250000 0.001455
0.250000 0.002884
0.250000 0.004080
0.250000 0.005053
0.250000 0.005801
0.250000 0.006341
0.250000 0.006608
0.250000 0.006149
0.250000 0.004976
0.250000 0.002727
0.250000 -0.001194
0.250000 -0.006622
0.250000 -0.014269
0.250000 -0.024660
0.250000 -0.037445
0.250000 -0.053032
0.250000 -0.072687
0.250000 -0.096389
0.250000 -0.123794
0.250000 -0.155206
0.250000 -0.191383
0.250000 -0.235203
0.250000 -0.288378
0.250000 -0.356104
0.250000 -0.357800
0.250000 -0.357800
0.250000 -0.357800
0.250000 -0.357800
0.250000 -0.357800
0.250000 -0.357800
0.250000 -0.357800
0.250000 -0.357800
0.250000 -0.357800
0.250000 -0.357800
0.250000 -0.357800
0.250000 -0.357800
0.250000 -0.357800
0.250000 -0.357800
0.250000 -0.357800
0.250000 -0.357800
0.250000 -0.357800
0.250000 -0.357800
0.250000 -0.357800
0.250000 -0.357800
0.250000 -0.357800
0.250000 -0.357800
0.250000 -0.357800
0.250000 -0.357800
0.250000 -0.357800
0.250000 -0.331798
0.250000 -0.304036
0.250000 -0.281346
0.250000 -0.261926
0.250000 -0.245606
0.250000 -0.231965
0.250000 -0.219070
0.250000 -0.207377
0.250000 -0.200410
0.250000 -0.194764
0.250000 -0.190413
0.250000 -0.187144
0.250000 -0.184821
0.250000 -0.183405
0.250000 -0.182832
0.250000 -0.183061
0.250000 -0.184074
0.250000 -0.185876
0.250000 -0.188420
0.250000 -0.191684
0.250000 -0.196064
0.250000 -0.201586
0.250000 -0.208082
0.250000 -0.215473
0.250000 -0.223774
0.250000 -0.233019
0.250000 -0.243028
0.250000 -0.253740
0.250000 -0.264994
0.250000 -0.276534
0.250000 -0.287916
0.250000 -0.298727
0.250000 -0.309209
0.250000 -0.327189
0.250000 -0.319554
0.250000 -0.323917
0.250000 -0.328205
0.250000 -0.330452
0.250000 -0.331048
0.250000 -0.330882
0.250000 -0.330602
0.250000 -0.330282
0.250000 -0.354806
0.250000 -0.323536
0.250000 -0.332173
0.250000 -0.332131
0.250000 -0.331295
0.250000 -0.327731
0.250000 -0.322185
0.250000 -0.314967
0.250000 -0.306424
0.250000 -0.296991
0.250000 -0.274701
0.250000 -0.264095
0.250000 -0.250152
0.250000 -0.237208
0.250000 -0.224413
0.250000 -0.212240
0.250000 -0.200620
0.250000 -0.189478
0.250000 -0.173577
0.250000 -0.163882
0.250000 -0.152405
0.250000 -0.141989
0.250000 -0.131979
0.250000 -0.122474
0.250000 -0.113399
0.250000 -0.104724
0.250000 -0.096419
0.250000 -0.085456
0.250000 -0.079129
0.250000 -0.071200
0.250000 -0.064246
0.250000 -0.057733
0.250000 -0.051757
0.250000 -0.046286
0.250000 -0.041319
0.250000 -0.036852
0.250000 -0.032884
0.250000 -0.029420
0.250000 -0.026466
0.250000 -0.023957
0.250000 -0.021785
0.250000 -0.019880
0.250000 -0.018182
0.250000 -0.016644
0.250000 -0.015229
0.250000 -0.013755
0.250000 -0.014105
0.250000 -0.012100
0.250000 -0.010512
0.250000 -0.008844
0.250000 -0.007125
0.250000 -0.005339
0.250000 -0.003510
0.250000 -0.001665
0.250000 0.000166
0.250000 0.001960
0.250000 0.003719
0.250000 0.005476
0.250000 0.007300
0.250000 0.009306
0.250000 0.011651
0.250000 0.014529
0.250000 0.018145
0.250000 0.022688
0.250000 0.028221
0.250000 0.033851
0.250000 0.039194
0.250000 0.043846
0.250000 0.047398
0.250000 0.049555
0.250000 0.049515
0.250000 0.046610
0.250000 0.040134
0.250000 0.030321
0.250000 0.016585
0.250000 -0.001842
0.250000 -0.026202
0.250000 -0.055962
0.250000 -0.090544
0.250000 -0.130285
0.250000 -0.178043
0.250000 -0.236155
0.250000 -0.308275
0.250000 -0.357800
0.250000 -0.357800
0.250000 -0.357800
0.250000 -0.357800
0.250000 -0.357800
0.250000 -0.357800
0.250000 -0.357800
0.250000 -0.357800
0.250000 -0.357800
0.250000 -0.357800
0.250000 -0.357800
0.250000 -0.357800
0.250000 -0.357800
0.250000 -0.357800
0.250000 -0.357800
0.250000 -0.357800
0.250000 -0.357800
0.250000 -0.357800
0.250000 -0.357800
0.250000 -0.357800
0.250000 -0.357800
0.250000 -0.357800
0.250000 -0.357800
0.250000 -0.357800
0.250000 -0.357800
0.250000 -0.357800
0.250000 -0.357800
0.250000 -0.357800
0.250000 -0.357800
0.250000 -0.355440
0.250000 -0.310577
0.250000 -0.280117
0.250000 -0.251255
0.250000 -0.224604
0.250000 -0.200687
0.250000 -0.178925
0.250000 -0.159189
0.250000 -0.141248
0.250000 -0.124919
0.250000 -0.110048
0.250000 -0.096502
0.250000 -0.084164
0.250000 -0.072934
0.250000 -0.057199
0.250000 -0.054680
0.250000 -0.044072
0.250000 -0.036018
0.250000 -0.028696
0.250000 -0.022247
0.250000 -0.016561
0.250000 -0.011557
0.250000 -0.007162
0.250000 -0.003313
0.250000 0.000051
0.250000 0.002979
0.250000 0.005520
0.250000 0.007715
0.250000 0.009599
0.250000 0.011208
0.250000 0.012570
0.250000 0.013713
0.250000 0.015835
0.250000 0.014440
0.250000 0.015702
0.250000 0.016248
0.250000 0.016720
0.250000 0.017019
0.250000 0.017189
0.250000 0.017241
0.250000 0.017189
0.250000 0.017043
0.250000 0.016810
0.250000 0.016496
0.250000 0.016112
0.250000 0.015673
0.250000 0.015189
0.250000 0.014668
0.250000 0.014118
0.250000 0.013545
0.250000 0.013036
0.250000 0.012128
0.250000 0.011573
0.250000 0.010944
0.250000 0.010325
0.250000 0.009706
0.250000 0.009088
0.250000 0.008465
0.250000 0.007517
0.250000 0.006402
0.250000 0.005191
0.250000 0.003951
0.250000 0.002732
0.250000 0.001573
0.250000 0.000504
0.250000 -0.000457
0.250000 -0.001296
0.250000 -0.002009
0.250000 -0.003168
0.250000 -0.003607
0.250000 -0.003767
0.250000 -0.003766
0.250000 -0.003614
0.250000 -0.003322
0.250000 -0.002904
0.250000 -0.002375
0.250000 -0.001747
0.250000 -0.001030
0.250000 -0.000224
0.250000 0.000675
0.250000 0.001679
0.250000 0.002780
0.250000 0.003946
0.250000 0.005142
0.250000 0.006329
0.250000 0.007468
0.250000 0.010586
0.250000 0.012808
0.250000 0.013013
0.250000 0.013716
0.250000 0.014467
0.250000 0.015573
0.250000 0.017028
0.250000 0.018894
0.250000 0.020971
0.250000 0.019480
0.250000 0.018851
0.250000 0.018482
0.250000 0.017130
0.250000 0.014338
0.250000 0.009673
0.250000 0.003044
0.250000 -0.006700
0.250000 -0.020083
0.250000 -0.037169
0.250000 -0.058271
0.250000 -0.083573
0.250000 -0.113367
0.250000 -0.148782
0.250000 -0.190804
0.250000 -0.239963
0.250000 -0.298773
0.250000 -0.357800
0.250000 -0.357800
0.250000 -0.357800
0.250000 -0.357800
0.250000 -0.357800
0.250000 -0.357800
0.250000 -0.357800
0.250000 -0.357800
0.250000 -0.357800
0.250000 -0.357800
0.250000 -0.357800
0.250000 -0.357800
0.250000 -0.357800
0.250000 -0.357800
0.250000 -0.357800
0.250000 -0.357800
0.250000 -0.357800
0.250000 -0.357800
0.250000 -0.357800
0.250000 -0.357800
0.250000 -0.357800
0.250000 -0.357800
0.250000 -0.357800
0.250000 -0.357800
0.250000 -0.357800
0.250000 -0.357800
0.250000 -0.357800
0.250000 -0.357601
0.250000 -0.310721
0.250000 -0.293089
0.250000 -0.265284
0.250000 -0.241911
0.250000 -0.220643
0.250000 -0.201234
0.250000 -0.183601
0.250000 -0.167482
0.250000 -0.152725
0.250000 -0.133762
0.250000 -0.126321
0.250000 -0.112961
0.250000 -0.101876
0.250000 -0.091637
0.250000 -0.082305
0.250000 -0.073779
0.250000 -0.065974
0.250000 -0.058818
0.250000 -0.052248
0.250000 -0.046210
0.250000 -0.040656
0.250000 -0.035547
0.250000 -0.030841
0.250000 -0.026500
0.250000 -0.022493
0.250000 -0.018793
0.250000 -0.015378
0.250000 -0.010139
0.250000 -0.009287
0.250000 -0.005926
0.250000 -0.003408
0.250000 -0.001096
0.250000 0.000904
0.250000 0.002630
0.250000 0.004089
0.250000 0.005294
0.250000 0.006252
0.250000 0.006968
0.250000 0.007441
0.250000 0.007670
0.250000 0.007647
0.250000 0.007361
0.250000 0.006798
0.250000 0.005937
0.250000 0.004760
0.250000 0.002922
0.250000 0.003783
0.250000 0.000290
0.250000 -0.002892
0.250000 -0.006446
0.250000 -0.010319
0.250000 -0.014493
0.250000 -0.018993
0.250000 -0.023823
0.250000 -0.028981
0.250000 -0.034468
0.250000 -0.040302
0.250000 -0.046526
0.250000 -0.053302
0.250000 -0.060571
0.250000 -0.068290
0.250000 -0.076584
0.250000 -0.086012
0.250000 -0.096846
0.250000 -0.108679
0.250000 -0.121885
0.250000 -0.136766
0.226981 -0.153399
