0.013 0.000
0.019 0.173
0.026 0.141
0.032 0.136
0.038 0.133
0.045 0.132
0.051 0.131
0.058 0.130
0.064 0.129
0.071 0.129
0.077 0.129
0.083 0.129
0.090 0.129
0.096 0.130
0.103 0.131
0.109 0.132
0.115 0.134
0.122 0.137
0.128 0.139
0.135 0.143
0.141 0.147
0.147 0.151
0.154 0.156
0.160 0.162
0.167 0.168
0.173 0.176
0.179 0.184
0.186 0.194
0.192 0.204
0.199 0.215
0.205 0.226
0.212 0.238
0.218 0.251
0.224 0.263
0.231 0.276
0.237 0.287
0.244 0.299
0.250 0.307
0.250 0.316
0.250 0.322
0.250 0.327
0.250 0.330
0.250 0.332
0.250 0.334
0.250 0.349
0.250 0.332
0.250 0.339
0.250 0.341
0.250 0.343
0.250 0.341
0.250 0.336
0.250 0.328
0.250 0.318
0.250 0.291
0.250 0.275
0.250 0.256
0.250 0.237
0.250 0.219
0.250 0.202
0.250 0.187
0.250 0.172
0.250 0.158
0.250 0.140
0.250 0.130
0.250 0.117
0.250 0.105
0.250 0.094
0.250 0.084
0.250 0.075
0.250 0.067
0.250 0.059
0.250 0.049
0.250 0.045
0.250 0.038
0.250 0.034
0.250 0.029
0.250 0.025
0.250 0.022
0.250 0.019
0.250 0.017
0.250 0.015
0.250 0.013
0.250 0.012
0.250 0.011
0.250 0.010
0.250 0.010
0.250 0.009
0.250 0.009
0.250 0.009
0.250 0.009
0.250 0.009
0.250 0.009
0.250 0.009
0.250 0.010
0.250 0.010
0.250 0.011
0.250 0.011
0.250 0.012
0.250 0.012
0.250 0.013
0.250 0.014
0.250 0.014
0.250 0.015
0.250 0.016
0.250 0.018
0.250 0.019
0.250 0.020
0.250 0.023
0.250 0.021
0.250 0.024
0.250 0.026
0.250 0.029
0.250 0.032
0.250 0.035
0.250 0.038
0.250 0.041
0.250 0.045
0.250 0.049
0.250 0.053
0.250 0.057
0.250 0.063
0.250 0.069
0.250 0.075
0.250 0.080
0.250 0.086
0.250 0.098
0.250 0.094
0.250 0.102
0.250 0.109
0.250 0.117
0.250 0.124
0.250 0.131
0.250 0.139
0.250 0.146
0.250 0.153
0.250 0.161
0.250 0.168
0.250 0.175
0.250 0.182
0.250 0.189
0.250 0.196
0.250 0.202
0.250 0.208
0.250 0.223
0.250 0.214
0.250 0.221
0.250 0.226
0.250 0.230
0.250 0.233
0.250 0.236
0.250 0.239
0.250 0.241
0.250 0.250
0.250 0.239
0.250 0.242
0.250 0.243
0.250 0.243
0.250 0.243
0.250 0.243
0.250 0.243
0.250 0.242
0.250 0.248
0.250 0.236
0.250 0.237
0.250 0.236
0.250 0.235
0.250 0.233
0.250 0.232
0.250 0.230
0.250 0.228
0.250 0.231
0.250 0.220
0.250 0.219
0.250 0.216
0.250 0.213
0.250 0.210
0.250 0.207
0.250 0.203
0.250 0.199
0.250 0.199
0.250 0.189
0.250 0.186
0.250 0.181
0.250 0.177
0.250 0.172
0.250 0.168
0.250 0.163
0.250 0.158
0.250 0.155
0.250 0.147
0.250 0.142
0.250 0.136
0.250 0.129
0.250 0.123
0.250 0.117
0.250 0.111
0.250 0.104
0.250 0.097
0.250 0.091
0.250 0.084
0.250 0.077
0.250 0.070
0.250 0.063
0.250 0.056
0.250 0.050
0.250 0.042
0.250 0.034
0.250 0.027
0.250 0.020
0.250 0.014
0.250 0.008
0.250 0.002
0.250 -0.003
0.250 -0.008
0.250 -0.013
0.250 -0.020
0.250 -0.020
0.250 -0.023
0.250 -0.025
0.250 -0.026
0.250 -0.028
0.250 -0.029
0.250 -0.029
0.250 -0.029
0.250 -0.030
0.250 -0.029
0.250 -0.029
0.250 -0.029
0.250 -0.028
0.250 -0.027
0.250 -0.026
0.250 -0.025
0.250 -0.024
0.250 -0.023
0.250 -0.021
0.250 -0.020
0.250 -0.019
0.250 -0.017
0.250 -0.016
0.250 -0.015
0.250 -0.014
0.250 -0.013
0.250 -0.012
0.250 -0.011
0.250 -0.010
0.250 -0.009
0.250 -0.008
0.250 -0.008
0.250 -0.007
0.250 -0.006
0.250 -0.005
0.250 -0.004
0.250 -0.004
0.250 -0.003
0.250 -0.002
0.250 -0.002
0.250 -0.001
0.250 -0.001
0.250 0.000
0.250 0.001
0.250 0.001
0.250 0.002
0.250 0.002
0.250 0.003
0.250 0.003
0.250 0.004
0.250 0.004
0.250 0.005
0.250 0.005
0.250 0.006
0.250 0.006
0.250 0.006
0.250 0.006
0.250 0.007
0.250 0.007
0.250 0.007
0.250 0.008
0.250 0.008
0.250 0.008
0.250 0.008
0.250 0.008
0.250 0.009
0.250 0.009
0.250 0.009
0.250 0.009
0.250 0.009
0.250 0.008
0.250 0.008
0.250 0.008
0.250 0.008
0.250 0.007
0.250 0.007
0.250 0.007
0.250 0.006
0.250 0.006
0.250 0.006
0.250 0.005
0.250 0.005
0.250 0.005
0.250 0.004
0.250 0.004
0.250 0.004
0.250 0.003
0.250 0.003
0.250 0.003
0.250 0.002
0.250 0.002
0.250 0.002
0.250 0.001
0.250 0.001
0.250 0.000
0.250 0.000
0.250 -0.001
0.250 -0.001
0.250 -0.002
0.250 -0.002
0.250 -0.003
0.250 -0.003
0.250 -0.004
0.250 -0.004
0.250 -0.005
0.250 -0.005
0.250 -0.006
0.250 -0.007
0.250 -0.007
0.250 -0.007
0.250 -0.007
0.250 -0.006
0.250 -0.006
0.250 -0.005
0.250 -0.004
0.250 -0.003
0.250 -0.002
0.250 -0.000
0.250 0.002
0.250 0.004
0.250 0.006
0.250 0.008
0.250 0.011
0.250 0.015
0.250 0.018
0.250 0.023
0.250 0.027
0.250 0.032
0.250 0.038
0.250 0.043
0.250 0.050
0.250 0.056
0.250 0.063
0.250 0.071
0.250 0.079
0.250 0.087
0.250 0.096
0.250 0.106
0.250 0.115
0.250 0.125
0.250 0.134
0.250 0.144
0.250 0.154
0.250 0.163
0.250 0.173
0.250 0.182
0.250 0.192
0.250 0.202
0.250 0.213
0.250 0.224
0.250 0.236
0.250 0.248
0.250 0.278
0.250 0.277
0.250 0.285
0.250 0.288
0.250 0.286
0.250 0.281
0.250 0.270
0.250 0.256
0.250 0.234
0.250 0.145
0.250 0.148
0.250 0.127
0.250 0.094
0.250 0.059
0.250 0.016
0.250 -0.029
0.250 -0.075
0.250 -0.120
0.250 -0.160
0.250 -0.192
0.250 -0.217
0.250 -0.235
0.250 -0.246
0.250 -0.252
0.250 -0.253
0.250 -0.251
0.250 -0.245
0.250 -0.235
0.250 -0.211
0.250 -0.204
0.250 -0.193
0.250 -0.183
0.250 -0.173
0.250 -0.163
0.250 -0.154
0.250 -0.145
0.250 -0.134
0.250 -0.125
0.250 -0.116
0.250 -0.108
0.250 -0.101
0.250 -0.093
0.250 -0.087
0.250 -0.080
0.250 -0.075
0.250 -0.069
0.250 -0.064
0.250 -0.060
0.250 -0.055
0.250 -0.052
0.250 -0.048
0.250 -0.045
0.250 -0.042
0.250 -0.039
0.250 -0.036
0.250 -0.034
0.250 -0.032
0.250 -0.030
0.250 -0.028
0.250 -0.027
0.250 -0.025
0.250 -0.024
0.250 -0.023
0.250 -0.022
0.250 -0.021
0.250 -0.020
0.250 -0.019
0.250 -0.018
0.250 -0.017
0.250 -0.016
0.250 -0.016
0.250 -0.015
0.250 -0.014
0.250 -0.013
0.250 -0.012
0.250 -0.011
0.250 -0.010
0.250 -0.009
0.250 -0.008
0.250 -0.008
0.250 -0.007
0.250 -0.006
0.250 -0.005
0.250 -0.004
0.250 -0.004
0.250 -0.003
0.250 -0.002
0.250 -0.002
0.250 -0.001
0.250 -0.001
0.250 -0.000
0.250 0.000
0.250 0.001
0.250 0.001
0.250 0.001
0.250 0.002
0.250 0.002
0.250 0.002
0.250 0.002
0.250 0.003
0.167 0.003
0.167 0.003
0.167 0.003
0.167 0.004
0.167 0.004
0.167 0.004
0.167 0.005
0.167 0.005
0.167 0.006
0.167 0.006
0.167 0.006
0.167 0.006
0.167 0.007
0.167 0.007
0.167 0.007
0.167 0.007
0.167 0.008
0.167 0.008
0.167 0.008
0.167 0.008
0.167 0.008
0.167 0.008
0.167 0.008
0.167 0.007
0.167 0.007
0.167 0.007
0.167 0.007
0.167 0.006
0.167 0.006
0.167 0.006
0.167 0.006
0.167 0.006
0.167 0.005
0.167 0.005
0.167 0.005
0.167 0.005
0.167 0.005
0.167 0.005
0.167 0.005
0.167 0.004
0.167 0.004
0.167 0.004
0.167 0.004
0.250 0.004
0.250 0.004
0.250 0.004
0.250 0.003
0.250 0.003
0.250 0.003
0.250 0.002
0.250 0.002
0.250 0.002
0.250 0.001
0.250 0.000
0.250 -0.000
0.250 -0.000
0.250 -0.001
0.250 -0.001
0.250 -0.001
0.250 -0.001
0.250 -0.001
0.250 -0.001
0.250 -0.001
0.250 -0.001
0.250 -0.001
0.250 -0.000
0.250 -0.000
0.250 0.000
0.250 0.000
0.250 0.001
0.250 0.001
0.250 0.001
0.250 0.001
0.250 0.001
0.250 0.001
0.250 0.001
0.250 0.001
0.250 0.001
0.250 0.001
0.250 0.000
0.250 0.000
0.250 -0.000
0.250 -0.000
0.250 -0.001
0.250 -0.001
0.250 -0.001
0.250 -0.002
0.250 -0.002
0.250 -0.002
0.250 -0.002
0.250 -0.002
0.250 -0.002
0.250 -0.002
0.250 -0.002
0.250 -0.002
0.250 -0.002
0.250 -0.002
0.250 -0.002
0.250 -0.001
0.250 -0.001
0.250 -0.001
0.250 -0.001
0.250 -0.001
0.250 -0.001
0.250 -0.002
0.250 -0.002
0.250 -0.002
0.250 -0.002
0.250 -0.002
0.250 -0.002
0.250 -0.003
0.250 -0.003
0.250 -0.003
0.250 -0.004
0.250 -0.004
0.250 -0.004
0.250 -0.004
0.250 -0.004
0.250 -0.004
0.250 -0.004
0.250 -0.004
0.250 -0.004
0.250 -0.004
0.250 -0.004
0.250 -0.004
0.250 -0.004
0.250 -0.003
0.250 -0.003
0.250 -0.003
0.250 -0.003
0.250 -0.003
0.250 -0.003
0.250 -0.003
0.250 -0.002
0.250 -0.002
0.250 -0.002
0.250 -0.002
0.250 -0.002
0.250 -0.002
0.250 -0.002
0.250 -0.002
0.250 -0.002
0.250 -0.002
0.250 -0.003
0.250 -0.003
0.250 -0.003
0.250 -0.003
0.250 -0.003
0.250 -0.003
0.250 -0.003
0.250 -0.003
0.250 -0.003
0.250 -0.002
0.250 -0.002
0.250 -0.002
0.250 -0.002
0.250 -0.002
0.250 -0.002
0.250 -0.002
0.250 -0.002
0.250 -0.002
0.250 -0.002
0.250 -0.002
0.250 -0.002
0.250 -0.002
0.250 -0.002
0.250 -0.002
0.250 -0.002
0.250 -0.002
0.250 -0.002
0.250 -0.002
0.250 -0.002
0.250 -0.001
0.250 -0.001
0.250 -0.001
0.250 -0.001
0.250 -0.001
0.250 -0.001
0.250 -0.001
0.250 -0.001
0.250 -0.001
0.250 -0.000
0.250 0.000
0.250 0.001
0.250 0.001
0.250 0.001
0.250 0.002
0.250 0.002
0.250 0.002
0.250 0.003
0.250 0.003
0.250 0.003
0.250 0.003
0.250 0.003
0.250 0.004
0.250 0.004
0.250 0.004
0.250 0.004
0.250 0.004
0.250 0.004
0.250 0.005
0.250 0.005
0.250 0.005
0.250 0.005
0.250 0.005
0.250 0.005
0.250 0.005
0.250 0.005
0.250 0.005
0.250 0.005
0.250 0.006
0.250 0.006
0.250 0.006
0.250 0.006
0.250 0.006
0.250 0.006
0.250 0.006
0.250 0.006
0.250 0.006
0.250 0.006
0.250 0.006
0.250 0.006
0.250 0.006
0.250 0.006
0.250 0.005
0.250 0.005
0.250 0.005
0.250 0.005
0.250 0.005
0.250 0.005
0.250 0.005
0.250 0.004
0.250 0.004
0.250 0.004
0.250 0.004
0.250 0.003
0.250 0.003
0.250 0.003
0.250 0.002
0.250 0.002
0.250 0.001
0.250 0.001
0.250 0.001
0.250 0.001
0.250 0.000
0.250 0.000
0.250 -0.000
0.250 -0.000
0.250 -0.001
0.250 -0.001
0.250 -0.001
0.250 -0.001
0.250 -0.001
0.250 -0.001
0.250 -0.001
0.250 -0.002
0.250 -0.002
0.250 -0.003
0.250 -0.003
0.250 -0.004
0.250 -0.004
0.250 -0.005
0.250 -0.006
0.250 -0.007
0.250 -0.008
0.250 -0.009
0.250 -0.010
0.250 -0.011
0.250 -0.012
0.250 -0.014
0.250 -0.014
0.250 -0.015
0.250 -0.016
0.250 -0.016
0.250 -0.016
0.250 -0.016
0.250 -0.016
0.250 -0.015
0.250 -0.015
0.250 -0.014
0.250 -0.012
0.250 -0.011
0.250 -0.009
0.250 -0.007
0.250 -0.004
0.250 -0.002
0.250 0.001
0.250 0.004
0.250 0.008
0.250 0.011
0.250 0.015
0.250 0.019
0.250 0.023
0.250 0.028
0.250 0.033
0.250 0.038
0.250 0.044
0.250 0.051
0.250 0.058
0.250 0.066
0.250 0.076
0.250 0.087
0.250 0.098
0.250 0.111
0.250 0.124
0.250 0.138
0.250 0.153
0.250 0.168
0.250 0.183
0.250 0.198
0.250 0.214
0.250 0.231
0.250 0.247
0.250 0.264
0.250 0.296
0.250 0.298
0.250 0.312
0.250 0.328
0.250 0.342
0.250 0.350
0.250 0.350
0.250 0.344
0.250 0.337
0.250 0.333
0.250 0.315
0.250 0.315
0.250 0.316
0.250 0.316
0.250 0.317
0.250 0.317
0.250 0.318
0.250 0.319
0.250 0.329
0.250 0.318
0.250 0.326
0.250 0.329
0.250 0.329
0.250 0.328
0.250 0.324
0.250 0.318
0.250 0.310
0.250 0.297
0.250 0.270
0.250 0.256
0.250 0.239
0.250 0.223
0.250 0.208
0.250 0.193
0.250 0.178
0.250 0.164
0.250 0.143
0.250 0.130
0.250 0.117
0.250 0.105
0.250 0.093
0.167 0.083
0.167 0.075
0.167 0.069
0.167 0.062
0.167 0.055
0.167 0.050
0.167 0.045
0.167 0.041
0.167 0.037
0.167 0.034
0.167 0.032
0.167 0.030
0.167 0.029
0.167 0.027
0.167 0.027
0.167 0.027
0.167 0.027
0.167 0.027
0.167 0.027
0.167 0.028
0.167 0.028
0.167 0.028
0.167 0.029
0.167 0.029
0.167 0.029
0.167 0.028
0.167 0.028
0.167 0.027
0.167 0.026
0.167 0.024
0.167 0.023
0.167 0.020
0.167 0.019
0.167 0.016
0.167 0.014
0.167 0.011
0.167 0.009
0.167 0.006
0.167 0.003
0.167 0.000
0.167 -0.003
0.167 -0.005
0.167 -0.008
0.167 -0.010
0.167 -0.012
0.167 -0.013
0.167 -0.014
0.167 -0.015
0.167 -0.015
0.167 -0.013
0.167 -0.014
0.167 -0.011
0.167 -0.008
0.167 -0.004
0.167 -0.000
0.167 0.004
0.167 0.008
0.167 0.013
0.167 0.018
0.167 0.022
0.167 0.027
0.167 0.032
0.167 0.037
0.167 0.042
0.167 0.047
0.167 0.053
0.250 0.058
0.250 0.064
0.250 0.070
0.250 0.078
0.250 0.088
0.250 0.100
0.250 0.112
0.250 0.126
0.250 0.141
0.250 0.154
0.250 0.169
0.250 0.188
0.250 0.210
0.250 0.233
0.250 0.258
0.250 0.285
0.250 0.312
0.250 0.338
0.250 0.357
0.250 0.358
0.250 0.358
0.250 0.358
0.250 0.358
0.250 0.358
0.250 0.358
0.250 0.356
0.250 0.349
0.250 0.347
0.250 0.358
0.250 0.322
0.250 0.321
0.250 0.311
0.250 0.303
0.250 0.293
0.250 0.284
0.250 0.275
0.250 0.265
0.250 0.257
0.250 0.248
0.250 0.235
0.250 0.223
0.250 0.209
0.250 0.197
0.250 0.183
0.250 0.169
0.250 0.153
0.250 0.127
0.250 0.121
0.250 0.100
0.250 0.079
0.250 0.059
0.250 0.037
0.250 0.014
0.250 -0.009
0.250 -0.035
0.250 -0.061
0.250 -0.089
0.250 -0.118
0.250 -0.149
0.250 -0.181
0.250 -0.214
0.250 -0.248
0.250 -0.282
0.250 -0.314
0.250 -0.346
0.250 -0.358
0.250 -0.358
0.250 -0.358
0.250 -0.358
0.250 -0.358
0.250 -0.358
0.250 -0.358
0.250 -0.358
0.250 -0.358
0.250 -0.336
0.250 -0.331
0.250 -0.322
0.250 -0.312
0.250 -0.301
0.250 -0.290
0.250 -0.279
0.250 -0.268
0.250 -0.255
0.250 -0.238
0.250 -0.227
0.250 -0.214
0.250 -0.202
0.250 -0.190
0.250 -0.179
0.250 -0.168
0.250 -0.157
0.250 -0.143
0.250 -0.134
0.250 -0.123
0.250 -0.113
0.250 -0.103
0.250 -0.094
0.250 -0.086
0.250 -0.078
0.250 -0.070
0.250 -0.060
0.250 -0.055
0.250 -0.050
0.250 -0.045
0.250 -0.041
0.250 -0.037
0.250 -0.034
0.250 -0.032
0.250 -0.030
0.250 -0.028
0.250 -0.026
0.250 -0.025
0.250 -0.024
0.250 -0.023
0.250 -0.023
0.250 -0.022
0.250 -0.022
0.250 -0.022
0.250 -0.022
0.250 -0.022
0.250 -0.021
0.250 -0.020
0.250 -0.019
0.250 -0.018
0.250 -0.017
0.250 -0.015
0.250 -0.013
0.250 -0.011
0.250 -0.009
0.250 -0.007
0.250 -0.005
0.250 -0.003
0.250 -0.001
0.250 0.001
0.250 0.003
0.250 0.005
0.250 0.008
0.250 0.010
0.250 0.010
0.250 0.011
0.250 0.011
0.250 0.010
0.250 0.009
0.250 0.008
0.250 0.006
0.250 0.004
0.250 0.001
0.250 -0.003
0.250 -0.008
0.250 -0.014
0.250 -0.021
0.250 -0.029
0.250 -0.038
0.250 -0.047
0.250 -0.057
0.250 -0.068
0.250 -0.079
0.250 -0.091
0.250 -0.102
0.250 -0.114
0.250 -0.125
0.250 -0.137
0.250 -0.147
0.250 -0.157
0.250 -0.167
0.250 -0.175
0.250 -0.183
0.250 -0.189
0.250 -0.194
0.250 -0.199
0.250 -0.202
0.250 -0.203
0.250 -0.211
0.250 -0.203
0.250 -0.199
0.250 -0.191
0.250 -0.181
0.250 -0.170
0.250 -0.158
0.250 -0.145
0.250 -0.131
0.250 -0.110
0.250 -0.100
0.250 -0.083
0.250 -0.066
0.250 -0.050
0.250 -0.035
0.250 -0.020
0.250 -0.005
0.250 0.008
0.250 0.021
0.250 0.033
0.250 0.045
0.250 0.056
0.250 0.066
0.250 0.076
0.250 0.084
0.250 0.093
0.250 0.100
0.250 0.107
0.250 0.112
0.250 0.117
0.250 0.122
0.250 0.125
0.250 0.128
0.250 0.130
0.250 0.131
0.250 0.132
0.250 0.137
0.250 0.130
0.250 0.131
0.250 0.129
0.250 0.128
0.250 0.126
0.250 0.124
0.250 0.121
0.250 0.119
0.250 0.117
0.250 0.111
0.250 0.108
0.250 0.105
0.250 0.101
0.250 0.098
0.250 0.094
0.250 0.091
0.250 0.087
0.250 0.083
0.250 0.078
0.250 0.074
0.250 0.068
0.250 0.063
0.250 0.058
0.250 0.053
0.250 0.048
0.250 0.045
0.250 0.042
0.250 0.039
0.250 0.037
0.250 0.035
0.250 0.033
0.250 0.031
0.250 0.029
0.250 0.028
0.250 0.026
0.250 0.023
0.250 0.021
0.250 0.019
0.250 0.018
0.250 0.016
0.250 0.015
0.250 0.015
0.250 0.015
0.250 0.016
0.250 0.018
0.250 0.021
0.250 0.025
0.250 0.030
0.250 0.036
0.250 0.044
0.250 0.052
0.250 0.062
0.250 0.073
0.250 0.084
0.250 0.093
0.250 0.097
0.250 0.095
0.250 0.085
0.250 0.065
0.250 0.036
0.250 0.003
0.250 -0.032
0.250 -0.062
0.250 -0.094
0.250 -0.125
0.250 -0.154
0.250 -0.182
0.250 -0.207
0.250 -0.230
0.250 -0.250
0.250 -0.267
0.250 -0.282
0.250 -0.295
0.250 -0.305
0.250 -0.313
0.250 -0.318
0.250 -0.320
0.250 -0.319
0.250 -0.315
0.250 -0.310
0.250 -0.296
0.250 -0.251
0.250 -0.248
0.250 -0.238
0.250 -0.230
0.250 -0.222
0.250 -0.216
0.250 -0.212
0.250 -0.211
0.250 -0.218
0.250 -0.210
0.250 -0.217
0.250 -0.226
0.250 -0.234
0.250 -0.244
0.250 -0.253
0.250 -0.262
0.250 -0.272
0.250 -0.282
0.250 -0.293
0.250 -0.304
0.250 -0.316
0.250 -0.326
0.250 -0.335
0.250 -0.342
0.250 -0.347
0.250 -0.348
0.250 -0.353
0.250 -0.314
0.250 -0.304
0.250 -0.283
0.250 -0.265
0.250 -0.246
0.250 -0.227
0.250 -0.208
0.250 -0.190
0.250 -0.152
0.250 -0.145
0.250 -0.124
0.250 -0.108
0.250 -0.094
0.250 -0.081
0.250 -0.070
0.250 -0.061
0.250 -0.053
0.250 -0.046
0.250 -0.040
0.250 -0.035
0.250 -0.031
0.250 -0.027
0.250 -0.024
0.250 -0.022
0.250 -0.020
0.250 -0.018
0.250 -0.015
0.250 -0.015
0.250 -0.012
0.250 -0.011
0.250 -0.009
0.250 -0.008
0.250 -0.006
0.250 -0.005
0.250 -0.004
0.250 -0.003
0.250 -0.002
0.250 -0.001
0.250 -0.000
0.250 0.001
0.250 0.001
0.250 0.002
0.250 0.003
0.250 0.003
0.250 0.004
0.250 0.004
0.250 0.004
0.250 0.004
0.250 0.004
0.250 0.004
0.250 0.004
0.250 0.003
0.250 0.003
0.250 0.002
0.250 0.002
0.250 0.001
0.250 0.000
0.250 -0.001
0.250 -0.002
0.250 -0.002
0.250 -0.003
0.250 -0.004
0.250 -0.006
0.250 -0.007
0.250 -0.007
0.250 -0.008
0.250 -0.008
0.250 -0.009
0.250 -0.009
0.250 -0.009
0.250 -0.008
0.250 -0.008
0.250 -0.007
0.250 -0.005
0.250 -0.004
0.250 -0.002
0.250 0.001
0.250 0.003
0.250 0.007
0.250 0.010
0.250 0.014
0.250 0.019
0.250 0.024
0.250 0.029
0.250 0.035
0.250 0.042
0.250 0.049
0.250 0.057
0.250 0.066
0.250 0.075
0.250 0.084
0.250 0.094
0.250 0.104
0.250 0.115
0.250 0.125
0.250 0.135
0.250 0.146
0.250 0.155
0.250 0.165
0.250 0.173
0.250 0.181
0.250 0.188
0.250 0.195
0.250 0.201
0.250 0.206
0.250 0.212
0.250 0.216
0.250 0.229
0.250 0.220
0.250 0.226
0.250 0.231
0.250 0.235
0.250 0.238
0.250 0.242
0.250 0.245
0.250 0.247
0.250 0.258
0.250 0.247
0.250 0.251
0.250 0.254
0.250 0.255
0.250 0.256
0.250 0.257
0.250 0.258
0.250 0.258
0.250 0.272
0.250 0.246
0.250 0.250
0.250 0.248
0.250 0.247
0.250 0.245
0.250 0.243
0.250 0.240
0.250 0.237
0.250 0.238
0.250 0.226
0.250 0.224
0.250 0.221
0.250 0.217
0.250 0.213
0.250 0.209
0.250 0.205
0.250 0.201
0.250 0.200
0.250 0.189
0.250 0.186
0.250 0.181
0.250 0.177
0.250 0.172
0.250 0.168
0.250 0.163
0.250 0.158
0.250 0.155
0.250 0.147
0.250 0.142
0.250 0.137
0.250 0.132
0.250 0.127
0.250 0.122
0.250 0.117
0.250 0.112
0.250 0.106
0.250 0.099
0.250 0.095
0.250 0.089
0.250 0.085
0.250 0.080
0.250 0.076
0.250 0.073
0.250 0.069
0.250 0.067
0.250 0.065
0.250 0.063
0.250 0.062
0.250 0.061
0.250 0.061
0.250 0.061
0.250 0.062
0.250 0.062
0.250 0.066
0.250 0.062
0.250 0.066
0.250 0.068
0.250 0.071
0.250 0.074
0.250 0.078
0.250 0.081
0.250 0.084
0.250 0.088
0.250 0.092
0.250 0.096
0.250 0.100
0.250 0.104
0.250 0.108
0.250 0.113
0.250 0.118
0.250 0.123
0.250 0.128
0.250 0.133
0.250 0.139
0.250 0.145
0.250 0.151
0.250 0.157
0.250 0.164
0.250 0.171
0.250 0.178
0.250 0.196
0.250 0.189
0.250 0.199
0.250 0.209
0.250 0.218
0.250 0.226
0.250 0.235
0.250 0.243
0.250 0.250
0.250 0.270
0.250 0.261
0.250 0.269
0.250 0.273
0.250 0.277
0.250 0.279
0.250 0.280
0.250 0.280
0.250 0.280
0.250 0.292
0.250 0.267
0.250 0.268
0.250 0.262
0.250 0.257
0.250 0.251
0.250 0.245
0.250 0.239
0.250 0.232
0.250 0.227
0.250 0.210
0.250 0.203
0.250 0.195
0.250 0.187
0.250 0.179
0.250 0.172
0.250 0.164
0.250 0.157
0.250 0.151
0.250 0.142
0.250 0.136
0.250 0.130
0.250 0.125
0.250 0.119
0.250 0.114
0.250 0.109
0.250 0.104
0.250 0.099
0.250 0.094
0.250 0.089
0.250 0.085
0.250 0.080
0.250 0.076
0.250 0.072
0.250 0.068
0.250 0.064
0.250 0.061
0.250 0.057
0.250 0.054
0.250 0.050
0.250 0.046
0.250 0.043
0.250 0.040
0.250 0.036
0.250 0.034
0.250 0.030
0.250 0.028
0.250 0.025
0.250 0.022
0.250 0.020
0.250 0.018
0.250 0.015
0.250 0.013
0.250 0.011
0.250 0.009
0.250 0.007
0.250 0.005
0.250 0.003
0.250 0.002
0.250 0.000
0.250 -0.001
0.250 -0.003
0.250 -0.004
0.250 -0.006
0.250 -0.006
0.250 -0.007
0.250 -0.008
0.250 -0.008
0.250 -0.008
0.250 -0.008
0.250 -0.007
0.250 -0.007
0.250 -0.006
0.250 -0.005
0.250 -0.004
0.250 -0.003
0.250 -0.002
0.250 -0.000
0.250 0.001
0.250 0.003
0.250 0.005
0.250 0.008
0.250 0.007
0.250 0.010
0.250 0.013
0.250 0.015
0.250 0.018
0.250 0.021
0.250 0.023
0.250 0.026
0.250 0.029
0.250 0.032
0.250 0.035
0.250 0.038
0.250 0.041
0.250 0.045
0.250 0.048
0.250 0.052
0.250 0.055
0.250 0.059
0.250 0.062
0.250 0.066
0.250 0.070
0.250 0.074
0.250 0.078
0.250 0.082
0.250 0.086
0.250 0.091
0.250 0.095
0.250 0.100
0.250 0.105
0.250 0.111
0.250 0.116
0.250 0.122
0.250 0.129
0.250 0.136
0.250 0.144
0.250 0.152
0.250 0.160
0.250 0.169
0.250 0.177
0.250 0.186
0.250 0.195
0.250 0.203
0.250 0.212
0.250 0.219
0.250 0.239
0.250 0.231
0.250 0.239
0.250 0.243
0.250 0.248
0.250 0.251
0.250 0.253
0.250 0.255
0.250 0.256
0.250 0.265
0.250 0.252
0.250 0.254
0.250 0.252
0.250 0.249
0.250 0.245
0.250 0.241
0.250 0.237
0.250 0.231
0.250 0.228
0.250 0.206
0.250 0.204
0.250 0.199
0.250 0.194
0.250 0.190
0.250 0.187
0.250 0.185
0.250 0.183
0.250 0.186
0.250 0.178
0.250 0.180
0.250 0.180
0.250 0.180
0.250 0.180
0.250 0.180
0.250 0.180
0.250 0.179
0.250 0.183
0.250 0.174
0.250 0.172
0.250 0.167
0.250 0.163
0.250 0.158
0.250 0.153
0.250 0.147
0.250 0.141
0.250 0.134
0.250 0.128
0.250 0.120
0.250 0.111
0.250 0.103
0.250 0.095
0.250 0.086
0.250 0.078
0.250 0.069
0.250 0.056
0.250 0.054
0.250 0.042
0.250 0.032
0.250 0.021
0.250 0.011
0.250 0.000
0.250 -0.010
0.250 -0.020
0.250 -0.031
0.250 -0.041
0.250 -0.052
0.250 -0.062
0.250 -0.073
0.250 -0.084
0.250 -0.095
0.250 -0.106
0.250 -0.117
0.250 -0.128
0.250 -0.140
0.250 -0.151
0.250 -0.163
0.250 -0.175
0.250 -0.186
0.250 -0.198
0.250 -0.209
0.250 -0.220
0.250 -0.231
0.250 -0.241
0.250 -0.250
0.250 -0.259
0.250 -0.267
0.250 -0.274
0.250 -0.280
0.250 -0.285
0.250 -0.290
0.250 -0.315
0.250 -0.285
0.250 -0.294
0.250 -0.297
0.250 -0.299
0.250 -0.301
0.250 -0.301
0.250 -0.301
0.250 -0.301
0.250 -0.317
0.250 -0.291
0.250 -0.293
0.250 -0.290
0.250 -0.286
0.250 -0.282
0.250 -0.278
0.250 -0.272
0.250 -0.266
0.250 -0.265
0.250 -0.246
0.250 -0.238
0.250 -0.227
0.250 -0.216
0.250 -0.206
0.250 -0.195
0.250 -0.184
0.250 -0.174
0.250 -0.160
0.250 -0.149
0.250 -0.138
0.250 -0.128
0.250 -0.117
0.250 -0.108
0.250 -0.099
0.250 -0.090
0.250 -0.082
0.250 -0.071
0.250 -0.065
0.250 -0.058
0.250 -0.054
0.250 -0.049
0.250 -0.046
0.250 -0.043
0.250 -0.041
0.250 -0.039
0.250 -0.038
0.250 -0.037
0.250 -0.036
0.250 -0.036
0.250 -0.036
0.250 -0.036
0.250 -0.036
0.250 -0.036
0.250 -0.035
0.250 -0.036
0.250 -0.035
0.250 -0.035
0.250 -0.035
0.250 -0.035
0.250 -0.035
0.250 -0.036
0.250 -0.036
0.250 -0.036
0.250 -0.036
0.250 -0.036
0.250 -0.035
0.250 -0.035
0.250 -0.034
0.250 -0.033
0.250 -0.031
0.250 -0.029
0.250 -0.027
0.250 -0.024
0.333 -0.023
0.333 -0.018
0.333 -0.010
0.332 -0.002
0.333 0.007
0.333 0.016
0.333 0.025
0.333 0.033
0.333 0.039
0.333 0.042
0.333 0.042
0.332 0.039
0.333 0.035
0.333 0.029
0.333 0.022
0.333 0.016
0.333 0.011
0.333 0.005
0.333 0.003
0.333 -0.002
0.333 -0.006
0.333 -0.011
0.333 -0.014
0.333 -0.017
0.333 -0.020
0.333 -0.023
0.333 -0.025
0.333 -0.027
0.333 -0.029
0.333 -0.031
0.333 -0.032
0.333 -0.033
0.333 -0.034
0.333 -0.035
0.333 -0.036
0.333 -0.038
0.333 -0.035
0.333 -0.036
0.333 -0.036
0.333 -0.037
0.333 -0.038
0.333 -0.038
0.333 -0.039
0.333 -0.040
0.333 -0.041
0.333 -0.042
0.333 -0.043
0.333 -0.044
0.333 -0.045
0.333 -0.046
0.333 -0.048
0.333 -0.049
0.333 -0.051
0.333 -0.056
0.332 -0.052
0.332 -0.056
0.333 -0.058
0.332 -0.061
0.333 -0.063
0.333 -0.065
0.333 -0.067
0.333 -0.069
0.333 -0.071
0.333 -0.073
0.333 -0.074
0.333 -0.075
0.333 -0.075
0.333 -0.075
0.333 -0.074
0.333 -0.074
0.333 -0.073
0.333 -0.074
0.333 -0.069
0.333 -0.068
0.332 -0.066
0.333 -0.064
0.333 -0.061
0.333 -0.059
0.333 -0.057
0.333 -0.055
0.333 -0.053
0.333 -0.051
0.333 -0.050
0.333 -0.048
0.333 -0.046
0.333 -0.044
0.333 -0.042
0.333 -0.041
0.333 -0.039
0.332 -0.038
0.333 -0.036
0.333 -0.034
0.333 -0.031
0.333 -0.029
0.333 -0.026
0.333 -0.024
0.333 -0.022
0.333 -0.019
0.333 -0.017
0.333 -0.014
0.333 -0.012
0.333 -0.009
0.333 -0.006
0.333 -0.004
0.333 -0.001
0.332 0.001
0.333 0.004
0.333 0.008
0.333 0.007
0.333 0.010
0.333 0.013
0.333 0.015
0.333 0.017
0.333 0.019
0.333 0.022
0.333 0.024
0.332 0.026
0.333 0.028
0.333 0.030
0.333 0.032
0.333 0.034
0.333 0.036
0.333 0.038
0.333 0.040
0.333 0.043
0.333 0.048
0.333 0.045
0.333 0.049
0.333 0.051
0.333 0.054
0.333 0.056
0.333 0.059
0.333 0.061
0.333 0.063
0.333 0.065
0.333 0.067
0.333 0.069
0.333 0.070
0.332 0.071
0.333 0.072
0.333 0.073
0.333 0.073
0.333 0.073
0.333 0.077
0.333 0.072
0.333 0.072
0.333 0.071
0.333 0.071
0.333 0.070
0.333 0.069
0.333 0.067
0.333 0.066
0.333 0.065
0.332 0.064
0.333 0.063
0.333 0.061
0.333 0.059
0.332 0.058
0.333 0.056
0.333 0.054
0.333 0.052
0.333 0.051
0.333 0.046
0.333 0.045
0.333 0.042
0.333 0.041
0.333 0.039
0.333 0.037
0.333 0.036
0.333 0.035
0.333 0.034
0.333 0.034
0.333 0.033
0.333 0.033
0.333 0.033
0.333 0.033
0.333 0.033
0.333 0.033
0.333 0.033
0.333 0.034
0.333 0.032
0.333 0.031
0.333 0.031
0.333 0.030
0.333 0.029
0.333 0.029
0.333 0.028
0.333 0.028
0.332 0.028
0.333 0.030
0.333 0.032
0.333 0.035
0.333 0.040
0.333 0.045
0.333 0.052
0.333 0.060
0.333 0.069
0.333 0.078
0.333 0.086
0.333 0.091
0.332 0.094
0.333 0.092
0.333 0.086
0.333 0.076
0.332 0.064
0.250 0.049
0.250 0.020
0.250 0.010
0.250 -0.016
0.250 -0.038
0.250 -0.060
0.250 -0.077
0.250 -0.090
0.250 -0.097
0.250 -0.101
0.250 -0.101
0.250 -0.098
0.250 -0.092
0.250 -0.085
0.250 -0.077
0.250 -0.068
0.250 -0.059
0.250 -0.050
0.250 -0.041
0.250 -0.031
0.250 -0.028
0.250 -0.020
0.250 -0.014
0.250 -0.010
0.250 -0.006
0.250 -0.004
0.250 -0.002
0.250 -0.001
0.250 0.000
0.250 0.000
0.250 0.001
0.250 0.000
0.250 0.000
0.250 0.000
0.250 0.000
0.250 0.000
0.250 0.000
0.250 -0.000
0.250 -0.000
0.250 -0.000
0.250 -0.001
0.250 -0.001
0.250 -0.001
0.250 -0.002
0.250 -0.002
0.250 -0.003
0.250 -0.003
0.250 -0.004
0.250 -0.004
0.250 -0.005
0.250 -0.005
0.250 -0.006
0.250 -0.006
0.250 -0.007
0.250 -0.007
0.250 -0.008
0.250 -0.008
0.250 -0.008
0.250 -0.008
0.250 -0.008
0.250 -0.008
0.250 -0.008
0.250 -0.008
0.250 -0.008
0.250 -0.008
0.250 -0.007
0.250 -0.007
0.250 -0.007
0.250 -0.007
0.250 -0.006
0.250 -0.006
0.250 -0.006
0.250 -0.005
0.250 -0.005
0.250 -0.005
0.250 -0.005
0.250 -0.004
0.250 -0.004
0.250 -0.004
0.250 -0.004
0.250 -0.004
0.250 -0.003
0.250 -0.003
0.250 -0.003
0.250 -0.003
0.250 -0.002
0.250 -0.002
0.250 -0.001
0.250 -0.001
0.250 -0.000
0.250 0.000
0.250 0.001
0.250 0.001
0.250 0.002
0.250 0.003
0.250 0.003
0.250 0.004
0.250 0.005
0.250 0.005
0.250 0.006
0.250 0.006
0.250 0.007
0.250 0.007
0.250 0.007
0.250 0.007
0.250 0.007
0.250 0.007
0.250 0.007
0.250 0.007
0.250 0.007
0.250 0.007
0.250 0.007
0.250 0.006
0.250 0.006
0.250 0.006
0.250 0.006
0.250 0.005
0.250 0.005
0.250 0.005
0.250 0.005
0.250 0.005
0.250 0.005
0.250 0.004
0.250 0.004
0.250 0.004
0.250 0.004
0.250 0.004
0.250 0.004
0.250 0.003
0.250 0.003
0.250 0.003
0.250 0.002
0.250 0.002
0.250 0.002
0.250 0.001
0.250 0.001
0.250 0.000
0.250 -0.000
0.250 -0.000
0.250 -0.001
0.250 -0.001
0.250 -0.002
0.250 -0.002
0.250 -0.002
0.250 -0.003
0.250 -0.003
0.250 -0.003
0.250 -0.003
0.250 -0.004
0.250 -0.004
0.250 -0.004
0.250 -0.004
0.250 -0.005
0.250 -0.005
0.250 -0.005
0.250 -0.005
0.250 -0.006
0.250 -0.006
0.250 -0.006
0.250 -0.006
0.250 -0.007
0.250 -0.007
0.250 -0.007
0.250 -0.008
0.250 -0.008
0.250 -0.008
0.250 -0.008
0.250 -0.008
0.250 -0.008
0.250 -0.008
0.250 -0.008
0.250 -0.008
0.250 -0.008
0.250 -0.008
0.250 -0.007
0.250 -0.007
0.250 -0.006
0.250 -0.005
0.250 -0.004
0.250 -0.003
0.250 -0.002
0.250 0.000
0.250 0.000
0.250 0.003
0.250 0.006
0.250 0.008
0.250 0.011
0.250 0.014
0.250 0.018
0.250 0.021
0.250 0.024
0.250 0.028
0.250 0.031
0.250 0.035
0.250 0.039
0.250 0.044
0.250 0.048
0.250 0.052
0.250 0.057
0.250 0.061
0.250 0.066
0.250 0.071
0.250 0.076
0.250 0.081
0.250 0.087
0.250 0.092
0.250 0.098
0.250 0.104
0.250 0.110
0.250 0.116
0.250 0.122
0.250 0.128
0.250 0.135
0.250 0.141
0.250 0.148
0.250 0.155
0.250 0.161
0.250 0.178
0.250 0.171
0.250 0.180
0.250 0.188
0.250 0.195
0.250 0.201
0.250 0.208
0.250 0.213
0.250 0.219
0.250 0.233
0.250 0.224
0.250 0.230
0.250 0.234
0.250 0.237
0.250 0.239
0.250 0.241
0.250 0.242
0.250 0.243
0.250 0.250
0.250 0.238
0.250 0.241
0.250 0.241
0.250 0.241
0.250 0.240
0.250 0.239
0.250 0.238
0.250 0.237
0.250 0.248
0.250 0.225
0.250 0.228
0.250 0.226
0.250 0.224
0.250 0.222
0.250 0.219
0.250 0.217
0.250 0.214
0.250 0.215
0.250 0.204
0.250 0.202
0.250 0.199
0.250 0.195
0.250 0.192
0.250 0.188
0.250 0.184
0.250 0.180
0.250 0.179
0.250 0.170
0.250 0.167
0.250 0.162
0.250 0.158
0.250 0.154
0.250 0.149
0.250 0.144
0.250 0.139
0.250 0.135
0.250 0.128
0.250 0.123
0.250 0.117
0.250 0.111
0.250 0.105
0.250 0.099
0.250 0.093
0.250 0.087
0.250 0.080
0.250 0.075
0.250 0.069
0.250 0.062
0.250 0.056
0.250 0.050
0.250 0.045
0.250 0.039
0.250 0.034
0.250 0.029
0.250 0.024
0.250 0.019
0.250 0.014
0.250 0.010
0.250 0.006
0.250 0.002
0.250 -0.002
0.250 -0.005
0.250 -0.011
0.250 -0.011
0.250 -0.014
0.250 -0.016
0.250 -0.017
0.250 -0.019
0.250 -0.020
0.250 -0.021
0.250 -0.021
0.250 -0.022
0.250 -0.022
0.250 -0.022
0.250 -0.022
0.250 -0.022
0.250 -0.022
0.250 -0.022
0.250 -0.021
0.250 -0.021
0.250 -0.020
0.250 -0.019
0.250 -0.018
0.250 -0.018
0.250 -0.017
0.250 -0.016
0.250 -0.015
0.250 -0.014
0.250 -0.013
0.250 -0.012
0.250 -0.011
0.250 -0.010
0.250 -0.009
0.250 -0.007
0.250 -0.006
0.250 -0.005
0.250 -0.004
0.250 -0.003
0.250 -0.001
0.250 0.000
0.250 0.002
0.250 0.003
0.250 0.004
0.250 0.006
0.250 0.007
0.250 0.008
0.250 0.009
0.250 0.010
0.250 0.011
0.250 0.011
0.250 0.012
0.250 0.012
0.250 0.012
0.250 0.012
0.250 0.011
0.250 0.011
0.250 0.010
0.250 0.009
0.250 0.008
0.250 0.007
0.250 0.006
0.250 0.005
0.250 0.003
0.250 0.002
0.250 0.001
0.250 0.000
0.250 -0.001
0.250 -0.001
0.250 -0.002
0.250 -0.003
0.250 -0.003
0.250 -0.003
0.250 -0.003
0.250 -0.003
0.250 -0.003
0.250 -0.003
0.250 -0.001
0.250 0.001
0.250 0.003
0.250 0.005
0.250 0.007
0.250 0.009
0.250 0.012
0.250 0.015
0.250 0.017
0.250 0.021
0.250 0.024
0.250 0.027
0.250 0.031
0.250 0.035
0.250 0.039
0.250 0.043
0.250 0.052
0.250 0.049
0.250 0.055
0.250 0.060
0.250 0.066
0.250 0.071
0.250 0.076
0.250 0.082
0.250 0.087
0.250 0.099
0.250 0.094
0.250 0.102
0.250 0.108
0.250 0.113
0.250 0.118
0.250 0.122
0.250 0.126
0.250 0.130
0.250 0.139
0.250 0.129
0.250 0.134
0.250 0.137
0.250 0.140
0.250 0.143
0.250 0.146
0.250 0.149
0.250 0.153
0.250 0.158
0.250 0.165
0.250 0.172
0.250 0.181
0.250 0.191
0.250 0.202
0.250 0.215
0.250 0.227
0.250 0.240
0.250 0.252
0.250 0.264
0.250 0.275
0.250 0.285
0.250 0.294
0.250 0.302
0.250 0.308
0.250 0.313
0.250 0.318
0.250 0.322
0.250 0.326
0.250 0.329
0.250 0.331
0.250 0.332
0.250 0.334
0.250 0.336
0.250 0.339
0.250 0.339
0.250 0.358
0.250 0.325
0.250 0.319
0.250 0.297
0.250 0.278
0.250 0.256
0.250 0.233
0.250 0.210
0.250 0.186
0.250 0.128
0.250 0.119
0.250 0.095
0.250 0.077
0.250 0.062
0.250 0.052
0.250 0.045
0.250 0.040
0.250 0.037
0.250 0.036
0.250 0.036
0.250 0.037
0.250 0.039
0.250 0.041
0.250 0.042
0.250 0.042
0.250 0.041
0.250 0.037
0.250 0.032
0.250 0.024
0.250 0.014
0.250 0.002
0.250 -0.014
0.250 -0.031
0.250 -0.051
0.250 -0.074
0.250 -0.101
0.250 -0.130
0.250 -0.163
0.250 -0.201
0.250 -0.245
0.250 -0.297
0.250 -0.358
0.250 -0.358
0.250 -0.358
0.250 -0.358
0.250 -0.358
0.250 -0.358
0.250 -0.358
0.250 -0.358
0.250 -0.358
0.250 -0.358
0.250 -0.358
0.250 -0.358
0.250 -0.358
0.250 -0.358
0.250 -0.358
0.250 -0.358
0.250 -0.358
0.250 -0.358
0.250 -0.358
0.250 -0.358
0.250 -0.358
0.250 -0.358
0.250 -0.358
0.250 -0.358
0.250 -0.344
0.250 -0.308
0.250 -0.282
0.250 -0.258
0.250 -0.236
0.250 -0.216
0.250 -0.197
0.250 -0.174
0.250 -0.164
0.250 -0.148
0.250 -0.134
0.250 -0.121
0.250 -0.110
0.250 -0.099
0.250 -0.090
0.250 -0.081
0.250 -0.073
0.250 -0.065
0.250 -0.058
0.250 -0.052
0.250 -0.046
0.250 -0.041
0.250 -0.036
0.250 -0.032
0.250 -0.028
0.250 -0.023
0.250 -0.021
0.250 -0.019
0.250 -0.017
0.250 -0.015
0.250 -0.014
0.250 -0.014
0.250 -0.013
0.250 -0.013
0.250 -0.013
0.250 -0.014
0.250 -0.014
0.250 -0.015
0.250 -0.016
0.250 -0.017
0.250 -0.018
0.250 -0.019
0.250 -0.021
0.250 -0.024
0.250 -0.024
0.250 -0.025
0.250 -0.026
0.250 -0.027
0.250 -0.028
0.250 -0.029
0.250 -0.029
0.250 -0.029
0.250 -0.028
0.250 -0.028
0.250 -0.026
0.250 -0.025
0.250 -0.023
0.250 -0.021
0.250 -0.019
0.250 -0.017
0.250 -0.014
0.250 -0.010
0.250 -0.009
0.250 -0.005
0.250 -0.001
0.250 0.003
0.250 0.007
0.250 0.010
0.250 0.014
0.250 0.018
0.250 0.022
0.250 0.027
0.250 0.031
0.250 0.034
0.250 0.038
0.250 0.041
0.250 0.044
0.250 0.046
0.250 0.049
0.250 0.054
0.250 0.052
0.250 0.054
0.250 0.055
0.250 0.056
0.250 0.057
0.250 0.057
0.250 0.057
0.250 0.057
0.250 0.057
0.250 0.057
0.250 0.056
0.250 0.055
0.250 0.054
0.250 0.053
0.250 0.051
0.250 0.049
0.250 0.047
0.250 0.045
0.250 0.043
0.250 0.039
0.250 0.035
0.250 0.030
0.250 0.024
0.250 0.018
0.250 0.012
0.250 0.006
0.250 -0.001
0.250 -0.007
0.250 -0.013
0.250 -0.019
0.250 -0.027
0.250 -0.034
0.250 -0.040
0.250 -0.044
0.250 -0.047
0.250 -0.051
0.250 -0.048
0.250 -0.045
0.250 -0.042
0.250 -0.037
0.250 -0.033
0.250 -0.027
0.250 -0.022
0.250 -0.017
0.250 -0.012
0.250 -0.008
0.250 -0.004
0.250 -0.001
0.250 0.001
0.250 0.003
0.250 0.004
0.250 0.004
0.250 0.004
0.250 0.004
0.250 0.003
0.250 0.002
0.250 0.000
0.250 -0.002
0.250 -0.003
0.250 -0.005
0.250 -0.007
0.250 -0.009
0.250 -0.011
0.250 -0.013
0.250 -0.014
0.250 -0.015
0.250 -0.016
0.250 -0.017
0.250 -0.017
0.250 -0.018
0.250 -0.017
0.250 -0.016
0.250 -0.014
0.250 -0.011
0.250 -0.009
0.250 -0.007
0.250 -0.004
0.250 -0.002
0.250 -0.000
0.250 0.001
0.250 0.003
0.250 0.004
0.250 0.005
0.250 0.006
0.250 0.006
0.250 0.007
0.250 0.006
0.250 0.005
0.250 0.003
0.250 -0.001
0.250 -0.007
0.250 -0.014
0.250 -0.025
0.250 -0.037
0.250 -0.053
0.250 -0.073
0.250 -0.096
0.250 -0.124
0.250 -0.155
0.250 -0.191
0.250 -0.235
0.250 -0.288
0.250 -0.356
0.250 -0.358
0.250 -0.358
0.250 -0.358
0.250 -0.358
0.250 -0.358
0.250 -0.358
0.250 -0.358
0.250 -0.358
0.250 -0.358
0.250 -0.358
0.250 -0.358
0.250 -0.358
0.250 -0.358
0.250 -0.358
0.250 -0.358
0.250 -0.358
0.250 -0.358
0.250 -0.358
0.250 -0.358
0.250 -0.358
0.250 -0.358
0.250 -0.358
0.250 -0.358
0.250 -0.358
0.250 -0.358
0.250 -0.332
0.250 -0.304
0.250 -0.281
0.250 -0.262
0.250 -0.246
0.250 -0.232
0.250 -0.219
0.250 -0.207
0.250 -0.200
0.250 -0.195
0.250 -0.190
0.250 -0.187
0.250 -0.185
0.250 -0.183
0.250 -0.183
0.250 -0.183
0.250 -0.184
0.250 -0.186
0.250 -0.188
0.250 -0.192
0.250 -0.196
0.250 -0.202
0.250 -0.208
0.250 -0.215
0.250 -0.224
0.250 -0.233
0.250 -0.243
0.250 -0.254
0.250 -0.265
0.250 -0.277
0.250 -0.288
0.250 -0.299
0.250 -0.309
0.250 -0.327
0.250 -0.320
0.250 -0.324
0.250 -0.328
0.250 -0.330
0.250 -0.331
0.250 -0.331
0.250 -0.331
0.250 -0.330
0.250 -0.355
0.250 -0.324
0.250 -0.332
0.250 -0.332
0.250 -0.331
0.250 -0.328
0.250 -0.322
0.250 -0.315
0.250 -0.306
0.250 -0.297
0.250 -0.275
0.250 -0.264
0.250 -0.250
0.250 -0.237
0.250 -0.224
0.250 -0.212
0.250 -0.201
0.250 -0.189
0.250 -0.174
0.250 -0.164
0.250 -0.152
0.250 -0.142
0.250 -0.132
0.250 -0.122
0.250 -0.113
0.250 -0.105
0.250 -0.096
0.250 -0.085
0.250 -0.079
0.250 -0.071
0.250 -0.064
0.250 -0.058
0.250 -0.052
0.250 -0.046
0.250 -0.041
0.250 -0.037
0.250 -0.033
0.250 -0.029
0.250 -0.026
0.250 -0.024
0.250 -0.022
0.250 -0.020
0.250 -0.018
0.250 -0.017
0.250 -0.015
0.250 -0.014
0.250 -0.014
0.250 -0.012
0.250 -0.011
0.250 -0.009
0.250 -0.007
0.250 -0.005
0.250 -0.004
0.250 -0.002
0.250 0.000
0.250 0.002
0.250 0.004
0.250 0.005
0.250 0.007
0.250 0.009
0.250 0.012
0.250 0.015
0.250 0.018
0.250 0.023
0.250 0.028
0.250 0.034
0.250 0.039
0.250 0.044
0.250 0.047
0.250 0.050
0.250 0.050
0.250 0.047
0.250 0.040
0.250 0.030
0.250 0.017
0.250 -0.002
0.250 -0.026
0.250 -0.056
0.250 -0.091
0.250 -0.130
0.250 -0.178
0.250 -0.236
0.250 -0.308
0.250 -0.358
0.250 -0.358
0.250 -0.358
0.250 -0.358
0.250 -0.358
0.250 -0.358
0.250 -0.358
0.250 -0.358
0.250 -0.358
0.250 -0.358
0.250 -0.358
0.250 -0.358
0.250 -0.358
0.250 -0.358
0.250 -0.358
0.250 -0.358
0.250 -0.358
0.250 -0.358
0.250 -0.358
0.250 -0.358
0.250 -0.358
0.250 -0.358
0.250 -0.358
0.250 -0.358
0.250 -0.358
0.250 -0.358
0.250 -0.358
0.250 -0.358
0.250 -0.358
0.250 -0.355
0.250 -0.311
0.250 -0.280
0.250 -0.251
0.250 -0.225
0.250 -0.201
0.250 -0.179
0.250 -0.159
0.250 -0.141
0.250 -0.125
0.250 -0.110
0.250 -0.097
0.250 -0.084
0.250 -0.073
0.250 -0.057
0.250 -0.055
0.250 -0.044
0.250 -0.036
0.250 -0.029
0.250 -0.022
0.250 -0.017
0.250 -0.012
0.250 -0.007
0.250 -0.003
0.250 0.000
0.250 0.003
0.250 0.006
0.250 0.008
0.250 0.010
0.250 0.011
0.250 0.013
0.250 0.014
0.250 0.016
0.250 0.014
0.250 0.016
0.250 0.016
0.250 0.017
0.250 0.017
0.250 0.017
0.250 0.017
0.250 0.017
0.250 0.017
0.250 0.017
0.250 0.016
0.250 0.016
0.250 0.016
0.250 0.015
0.250 0.015
0.250 0.014
0.250 0.014
0.250 0.013
0.250 0.012
0.250 0.012
0.250 0.011
0.250 0.010
0.250 0.010
0.250 0.009
0.250 0.008
0.250 0.008
0.250 0.006
0.250 0.005
0.250 0.004
0.250 0.003
0.250 0.002
0.250 0.001
0.250 -0.000
0.250 -0.001
0.250 -0.002
0.250 -0.003
0.250 -0.004
0.250 -0.004
0.250 -0.004
0.250 -0.004
0.250 -0.003
0.250 -0.003
0.250 -0.002
0.250 -0.002
0.250 -0.001
0.250 -0.000
0.250 0.001
0.250 0.002
0.250 0.003
0.250 0.004
0.250 0.005
0.250 0.006
0.250 0.007
0.250 0.011
0.250 0.013
0.250 0.013
0.250 0.014
0.250 0.014
0.250 0.016
0.250 0.017
0.250 0.019
0.250 0.021
0.250 0.019
0.250 0.019
0.250 0.018
0.250 0.017
0.250 0.014
0.250 0.010
0.250 0.003
0.250 -0.007
0.250 -0.020
0.250 -0.037
0.250 -0.058
0.250 -0.084
0.250 -0.113
0.250 -0.149
0.250 -0.191
0.250 -0.240
0.250 -0.299
0.250 -0.358
0.250 -0.358
0.250 -0.358
0.250 -0.358
0.250 -0.358
0.250 -0.358
0.250 -0.358
0.250 -0.358
0.250 -0.358
0.250 -0.358
0.250 -0.358
0.250 -0.358
0.250 -0.358
0.250 -0.358
0.250 -0.358
0.250 -0.358
0.250 -0.358
0.250 -0.358
0.250 -0.358
0.250 -0.358
0.250 -0.358
0.250 -0.358
0.250 -0.358
0.250 -0.358
0.250 -0.358
0.250 -0.358
0.250 -0.358
0.250 -0.358
0.250 -0.311
0.250 -0.293
0.250 -0.265
0.250 -0.242
0.250 -0.221
0.250 -0.201
0.250 -0.184
0.250 -0.167
0.250 -0.153
0.250 -0.134
0.250 -0.126
0.250 -0.113
0.250 -0.102
0.250 -0.092
0.250 -0.082
0.250 -0.074
0.250 -0.066
0.250 -0.059
0.250 -0.052
0.250 -0.046
0.250 -0.041
0.250 -0.036
0.250 -0.031
0.250 -0.026
0.250 -0.022
0.250 -0.019
0.250 -0.015
0.250 -0.010
0.250 -0.009
0.250 -0.006
0.250 -0.003
0.250 -0.001
0.250 0.001
0.250 0.003
0.250 0.004
0.250 0.005
0.250 0.006
0.250 0.007
0.250 0.007
0.250 0.008
0.250 0.008
0.250 0.007
0.250 0.007
0.250 0.006
0.250 0.005
0.250 0.003
0.250 0.004
0.250 0.000
0.250 -0.003
0.250 -0.006
0.250 -0.010
0.250 -0.014
0.250 -0.019
0.250 -0.024
0.250 -0.029
0.250 -0.034
0.250 -0.040
0.250 -0.047
0.250 -0.053
0.250 -0.061
0.250 -0.068
0.250 -0.077
0.250 -0.086
0.250 -0.097
0.250 -0.109
0.250 -0.122
0.250 -0.137
0.227 -0.153
