SWV ITM Data Console - ITM Port: 0
Temperature,26
ACC,-0.88,+0.18,+9.52
LIA,-0.30,-0.35,-0.31
GYR,+3.06,-1.81,-21.12
MAG,+0.00,+0.00,+0.00
GRV,+8.48,+1.96,+0.00
Roll,-3.69,+11.94,+355.44
QUA,+1.00,+0.03,+0.03,+0.04
Temperature,26
ACC,-0.91,+0.11,+9.61
LIA,-0.24,-0.58,-0.02
GYR,-1.94,-1.50,-0.69
MAG,+0.00,+0.00,+0.00
GRV,-317.92,+1.93,+0.00
Roll,-11.56,+11.75,+356.88
QUA,+1.00,+0.03,+0.03,+0.03
Temperature,26
ACC,+326.80,+0.67,+9.94
LIA,-0.25,+0.18,+0.20
GYR,+0.44,+2.44,-1.12
MAG,+0.00,+0.00,+0.00
GRV,+9.76,+0.59,+0.00
Roll,-3.81,+3.44,-1690.94
QUA,+1.00,+0.03,+0.03,+0.03
Temperature,26
ACC,-0.57,+1.89,-319.24
LIA,+1.41,-1.33,-0.02
GYR,+1.94,+2.94,+0.12
MAG,+0.00,+0.00,+0.00
GRV,+9.75,+0.67,+0.00
Roll,-4.12,+11.94,+357.00
QUA,-1.00,+0.03,+0.04,+0.03
Temperature,26
ACC,-0.81,-326.97,-319.25
LIA,-0.08,+0.04,-0.03
GYR,+0.50,+0.88,-0.88
MAG,+0.00,+0.00,+0.00
GRV,+9.75,+0.67,+0.00
Roll,+2043.75,+3.94,-1682.94
QUA,+1.00,+0.03,-1.96,+0.02
Temperature,26
ACC,+326.77,-326.88,-319.20
LIA,-0.15,+0.08,+0.00
GYR,+2.12,+0.75,+1.50
MAG,+0.00,+0.00,+0.00
GRV,+9.75,+0.68,+0.00
Roll,-12.44,+4.00,-1690.94
QUA,+1.00,+0.03,+0.03,+0.03
Temperature,26
ACC,+326.99,+2.04,+8.32
LIA,+1.31,+0.00,-0.28
GYR,+1.19,-2.06,+2.44
MAG,+0.00,+0.00,+0.00
GRV,+9.75,+0.75,+0.00
Roll,-4.19,+4.38,+356.62
QUA,-1.00,-1.96,-1.96,+0.02
Temperature,26
ACC,+326.92,-326.81,+9.54
LIA,-0.09,+0.14,-0.18
GYR,+1.12,+0.50,-0.31
MAG,+0.00,+0.00,+0.00
GRV,+9.75,+0.76,+0.00
Roll,-4.12,-2035.56,-1683.56
QUA,+1.00,-1.96,+0.04,+0.02
Temperature,26
ACC,+326.79,+1.99,+9.85
LIA,-0.15,-0.11,-0.03
GYR,+0.19,+1.50,+1.06
MAG,+8.00,+0.00,+0.00
GRV,+9.74,+0.77,+0.00
Roll,+2035.69,-2035.50,-1683.56
QUA,+1.00,+0.04,+0.04,+0.03
Temperature,26
ACC,-1.07,-325.52,+9.59
LIA,-0.22,+0.16,-0.13
GYR,-3.62,+5.12,+2.75
MAG,+0.00,+0.00,+0.00
GRV,+9.74,+0.70,+0.00
Roll,+2043.19,-2035.88,+364.25
QUA,-1.00,+0.03,+0.04,+0.03
Temperature,26
ACC,+326.74,-325.73,+8.54
LIA,-0.04,+0.01,-0.01
GYR,-2.50,+3.12,+6.25
MAG,+0.00,+0.00,+0.00
GRV,-317.94,+0.64,+0.00
Roll,-13.25,+3.75,+363.50
QUA,+1.00,+0.03,+0.05,+0.04
Temperature,-102
ACC,+326.75,+1.84,-319.25
LIA,+1.32,-0.05,-0.16
GYR,-5.25,+4.31,+7.50
MAG,+0.00,+0.00,+0.00
GRV,+8.46,+0.59,+0.00
Roll,-13.69,+3.44,+354.50
QUA,+1.00,+0.03,+0.05,+0.05
Temperature,26
ACC,+326.78,+0.52,+8.43
LIA,+1.36,+0.00,+0.00
GYR,-6.19,+1.94,+8.50
MAG,+0.00,+0.00,+0.00
GRV,-319.22,+0.46,+0.00
Roll,-13.88,+2.75,+353.38
QUA,+1.00,+0.02,+0.05,+0.06
Temperature,26
ACC,+326.69,+1.61,+8.50
LIA,+0.04,-0.04,+0.03
GYR,-4.31,+0.19,+10.88
MAG,+0.00,+0.00,+0.00
GRV,+9.74,+0.38,+0.00
Roll,+2033.94,+10.19,+360.00
QUA,+1.00,+0.02,+0.05,+0.07
Temperature,-102
ACC,-1.07,+0.72,-319.36
LIA,-0.01,+0.37,-0.22
GYR,-6.12,+1.38,+8.94
MAG,+0.00,+0.00,+0.00
GRV,-319.22,+0.27,+0.00
Roll,-5.94,+1.62,+350.75
QUA,+1.00,+0.01,+0.05,+0.08
Temperature,-102
ACC,+326.77,+1.47,+9.87
LIA,+0.11,+0.04,+0.07
GYR,-6.75,+1.19,+9.00
MAG,+0.00,+0.00,+0.00
GRV,-317.93,+1.43,+0.00
Roll,+2033.94,+8.88,-1698.56
QUA,+0.99,+0.00,+0.05,+0.09
Temperature,26
ACC,-0.92,+1.31,+9.62
LIA,+1.41,+0.08,-0.20
GYR,-6.25,+1.56,+2.94
MAG,+8.00,+0.00,+0.00
GRV,+9.74,+0.03,+0.00
Roll,+2033.81,+8.12,-1699.38
QUA,+0.99,-0.00,+0.05,+0.10
Temperature,-102
ACC,-1.08,-0.05,+10.16
LIA,+1.28,+0.04,+0.20
GYR,-1.94,+4.31,+2.12
MAG,+0.00,+0.00,+0.00
GRV,-317.94,-0.11,+0.00
Roll,+2033.50,-0.62,-1699.94
QUA,+0.99,-0.01,+0.06,+0.10
Temperature,26
ACC,-1.01,-0.29,+9.41
LIA,+1.43,-0.13,-0.25
GYR,-5.50,-0.06,+3.94
MAG,+0.00,+0.00,+0.00
GRV,+9.73,-0.18,+0.00
Roll,-14.69,-1.06,+347.75
QUA,+0.99,-0.02,+0.06,+0.11
Temperature,26
ACC,+326.53,-0.14,+9.77
LIA,+1.30,+0.04,+0.14
GYR,-1.50,-0.94,+6.31
MAG,+0.00,+0.00,+0.00
GRV,+9.73,-0.26,+0.00
Roll,-6.56,-1.50,+347.19
QUA,-1.01,-0.03,+0.06,+0.11
Temperature,26
ACC,-0.93,-0.34,+9.59
LIA,+0.10,-0.03,-0.15
GYR,-3.81,-3.62,+5.75
MAG,+0.00,+0.00,+0.00
GRV,+9.74,-0.31,+0.00
Roll,-6.06,-1.81,+346.25
QUA,+0.99,-0.02,+0.05,+0.11
Temperature,26
ACC,-0.94,-0.15,+9.88
LIA,+1.32,+0.20,+0.13
GYR,-1.56,+9.00,+5.12
MAG,+0.00,+0.00,+0.00
GRV,+9.75,-0.36,+0.00
Roll,-5.75,-2.06,+345.44
QUA,+1.00,-0.02,+0.05,+0.13
Temperature,26
ACC,-0.87,-0.51,+9.63
LIA,+1.38,-0.10,-0.11
GYR,-3.38,+1.12,+1.94
MAG,+8.00,+0.00,+0.00
GRV,+9.74,-0.41,+0.00
Roll,-5.69,-2.44,+345.00
QUA,+1.00,-0.03,+0.05,+0.13
Temperature,-102
ACC,-0.91,-0.49,+9.71
LIA,+1.34,+0.00,-0.03
GYR,-3.31,+0.12,+5.12
MAG,+0.00,+0.00,+0.00
GRV,+9.74,-0.48,+0.00
Roll,-5.75,-2.81,+344.44
QUA,+1.00,-0.03,+0.05,+0.14
Temperature,-102
ACC,-0.88,-0.59,+9.96
LIA,+1.35,+0.02,+0.16
GYR,-2.06,-0.44,+7.62
MAG,+0.00,+0.00,+0.00
GRV,-317.94,-0.53,+0.00
Roll,+2034.19,-3.12,-1696.44
QUA,+1.00,-0.03,+0.05,+0.14
Temperature,26
ACC,+326.78,-0.53,+9.83
LIA,+1.43,-0.07,+0.04
GYR,+5.81,+6.44,+12.94
MAG,+0.00,+0.00,+0.00
GRV,-317.95,-0.48,+0.00
Roll,-6.25,-2.81,+342.19
QUA,+0.99,-0.03,+0.05,+0.15
Temperature,26
ACC,+326.45,-0.38,+9.54
LIA,-0.07,+0.00,-0.18
GYR,-2.06,+2.50,+10.69
MAG,+0.00,+0.00,+0.00
GRV,+9.72,-0.38,+0.00
Roll,-6.81,-2.25,+340.62
QUA,+0.98,+1.97,+0.06,+0.16
Temperature,-102
ACC,-1.29,-0.29,-317.83
LIA,-0.03,+1.39,+0.13
GYR,-2.62,+4.62,+12.69
MAG,+0.00,+0.00,+0.00
GRV,+9.71,-0.41,+0.00
Roll,-7.38,-2.38,+339.12
QUA,-1.02,-0.03,-1.94,+0.17
Temperature,-102
ACC,+326.75,+326.90,+9.20
LIA,+0.37,-0.28,-0.50
GYR,-8.81,-0.12,+8.81
MAG,+0.00,+0.00,+0.00
GRV,-317.98,-0.51,+0.00
Roll,+2040.31,-3.00,+345.50
QUA,+0.98,-0.05,+0.06,+0.19
Temperature,26
ACC,+326.44,-0.53,-317.76
LIA,+0.23,+0.03,-0.28
GYR,-5.12,-5.12,+12.12
MAG,+0.00,+0.00,+0.00
GRV,-317.99,-0.62,+0.00
Roll,+2040.25,-3.62,+336.19
QUA,+0.98,-0.05,+0.06,+0.21
Temperature,26
ACC,-0.29,-0.34,+10.01
LIA,-0.44,+0.53,+0.34
GYR,-9.31,-1.25,+3.56
MAG,+0.00,+0.00,+0.00
GRV,-317.99,-0.78,+0.00
Roll,+2032.81,-4.62,-1713.06
QUA,+0.97,-0.05,+0.05,+0.22
Temperature,-102
ACC,+326.79,-0.72,+9.92
LIA,+1.53,-0.02,+0.03
GYR,+2.56,-7.69,+9.44
MAG,+0.00,+0.00,+0.00
GRV,+9.71,-0.82,+0.00
Roll,+2033.62,-4.81,-1714.44
QUA,+0.97,-0.05,+0.04,+0.23
Temperature,26
ACC,+326.78,-0.52,+9.75
LIA,+0.17,+0.60,+0.25
GYR,-1.88,-8.06,+7.25
MAG,+0.00,+0.00,+0.00
GRV,-317.96,-0.82,+0.00
Roll,+2034.25,-4.81,-1715.31
QUA,+0.97,-0.05,+0.04,+0.24
Temperature,26
ACC,+327.03,+326.85,+9.37
LIA,+1.41,+0.08,-0.26
GYR,-3.75,-6.88,+3.69
MAG,+0.00,+0.00,+0.00
GRV,+9.73,-0.91,+0.00
Roll,+2035.38,-5.38,+331.31
QUA,+0.97,-0.06,+0.03,+0.25
Temperature,-102
ACC,-1.01,-0.41,+10.24
LIA,-0.21,+0.29,+0.49
GYR,+9.19,-6.81,+9.12
MAG,+8.00,+0.00,+0.00
GRV,+9.74,+326.88,+0.00
Roll,+2035.88,+2043.31,+330.69
QUA,+0.97,-0.05,+0.02,+0.25
Temperature,-102
ACC,-0.81,-0.35,+9.55
LIA,-0.20,+0.40,-0.20
GYR,+6.38,+8.38,+1.69
MAG,+0.00,+0.00,+0.00
GRV,-317.93,-0.76,+0.00
Roll,-11.56,-4.50,+329.75
QUA,+0.96,-0.05,+0.02,+0.26
Temperature,26
ACC,-0.33,-1.01,+9.80
LIA,+1.71,-0.44,-0.12
GYR,-10.00,-13.06,+11.12
MAG,+0.00,+0.00,+0.00
GRV,-317.93,-0.80,+0.00
Roll,-3.19,-4.69,+328.69
QUA,+0.96,-0.05,+0.01,+0.27
Temperature,-102
ACC,-0.23,-0.98,+9.79
LIA,+1.41,+0.13,-0.39
GYR,-4.31,-9.19,+13.00
MAG,+8.00,+0.00,+0.00
GRV,-317.94,+326.66,+0.00
Roll,-10.12,-5.94,+327.44
QUA,+0.97,-0.06,+0.00,+0.28
Temperature,-102
ACC,-0.46,-0.56,+10.08
LIA,-0.03,+0.41,+0.34
GYR,+13.81,+7.62,+9.56
MAG,+8.00,+0.00,+0.00
GRV,-317.94,-0.97,+0.00
Roll,-10.50,-5.69,-1722.12
QUA,+0.95,-0.05,+0.01,+0.29
Temperature,26
ACC,-0.22,-0.84,+9.65
LIA,+0.17,+0.15,-0.09
GYR,-1.25,-3.75,+4.81
MAG,+0.00,+0.00,+0.00
GRV,-317.94,+326.68,+0.00
Roll,-2.25,-5.88,+325.12
QUA,+0.95,-0.06,+0.00,+0.30
Temperature,26
ACC,-0.46,-0.82,+9.85
LIA,-0.07,+0.08,+0.19
GYR,-0.44,+1.75,+5.69
MAG,+0.00,+0.00,+0.00
GRV,-317.94,+326.71,+0.00
Roll,-2.50,-5.69,-1715.25
QUA,+0.95,-0.05,+0.01,+0.30
Temperature,26
ACC,-0.33,-0.94,-317.85
LIA,+1.38,+0.02,+0.13
GYR,+1.75,+2.75,+3.00
MAG,+0.00,+0.00,+0.00
GRV,+9.74,-0.94,+0.00
Roll,-2.69,+2042.50,-1723.94
QUA,+0.95,+1.95,-1.98,+0.30
Temperature,26
ACC,-0.47,-0.60,-317.80
LIA,+1.31,+0.23,+0.19
GYR,+4.69,+3.69,-0.44
MAG,+0.00,+0.00,+0.00
GRV,+9.75,-0.85,+0.00
Roll,-3.00,+2043.00,+323.94
QUA,-1.05,-0.06,-1.99,+0.30
Temperature,26
ACC,-0.57,-0.56,-317.54
LIA,+1.28,+0.21,+0.38
GYR,+3.06,-0.38,+1.50
MAG,+0.00,+0.00,+0.00
GRV,+9.75,-0.77,+0.00
Roll,-3.38,+2043.50,+323.94
QUA,-1.05,-0.05,+0.02,+0.31
Temperature,26
ACC,-0.57,-0.52,+9.74
LIA,+0.20,+0.00,+0.03
GYR,+11.81,+10.62,-0.19
MAG,+0.00,+0.00,+0.00
GRV,-317.92,-0.50,+0.00
Roll,-12.69,-2.94,+323.62
QUA,+0.95,-0.05,+0.03,+0.31
Temperature,26
ACC,-0.86,-0.24,+9.37
LIA,+0.25,-0.03,-0.33
GYR,+3.62,+7.00,-5.38
MAG,+8.00,+0.00,+0.00
GRV,-317.94,-0.21,+0.00
Roll,-6.44,-1.25,+332.06
QUA,+0.95,-0.03,+0.05,+0.31
Temperature,26
ACC,-1.19,-0.13,+9.92
LIA,+0.01,+0.17,+0.32
GYR,+4.44,+18.06,-15.81
MAG,+0.00,+0.00,+0.00
GRV,+9.71,-0.19,+0.00
Roll,+2040.06,-1.12,+325.56
QUA,+0.95,+1.97,+0.06,+0.29
Temperature,26
ACC,-0.20,+0.14,+9.60
LIA,-0.02,+0.33,+0.03
GYR,+22.31,+20.19,-4.69
MAG,+0.00,+0.00,+0.00
GRV,+9.69,-0.15,+0.00
Roll,-8.62,-0.88,+335.50
QUA,+0.96,+1.97,+0.07,+0.28
Temperature,26
ACC,-0.32,+0.29,+9.50
LIA,-0.01,+0.28,-0.26
GYR,+13.50,+6.31,-6.06
MAG,+0.00,+0.00,+0.00
GRV,+9.65,+1.51,+0.00
Roll,-10.00,+9.38,+328.19
QUA,+0.97,+1.99,+0.09,+0.27
Temperature,26
ACC,-1.77,+0.58,+9.64
LIA,+0.04,+0.14,-0.06
GYR,+12.38,+3.81,-5.12
MAG,+8.00,+0.00,+0.00
GRV,+9.63,+0.42,+0.00
Roll,-10.50,+2.50,+329.19
QUA,-1.03,-0.01,+0.10,+0.26
Temperature,-102
ACC,-1.53,+1.54,+9.33
LIA,+1.39,+0.03,-0.15
GYR,+6.81,+9.00,-7.00
MAG,+0.00,+0.00,+0.00
GRV,+9.62,+0.39,+0.00
Roll,-10.69,+10.31,+330.19
QUA,+0.96,-0.00,+0.10,+0.26
Temperature,26
ACC,+325.75,+1.87,+8.16
LIA,+0.02,+0.12,-0.15
GYR,+3.25,-0.81,-5.06
MAG,+0.00,+0.00,+0.00
GRV,+9.59,+0.48,+0.00
Roll,-11.50,+10.81,+331.12
QUA,+0.96,-0.01,+0.10,-1.76
Temperature,26
ACC,-0.62,-325.71,+8.08
LIA,-0.03,+0.22,-0.25
GYR,+4.06,-0.88,-7.88
MAG,+0.00,+0.00,+0.00
GRV,+9.59,+0.54,+0.00
Roll,-11.38,+3.19,+331.94
QUA,-1.04,+0.00,+0.10,+0.24
Temperature,-102
ACC,-0.56,-325.59,+7.99
LIA,+0.07,+0.18,-0.18
GYR,-0.38,+5.12,-5.44
MAG,+8.00,+0.00,+0.00
GRV,+9.58,+0.59,+0.00
Roll,-11.50,+3.50,-1715.12
QUA,+0.97,+0.01,+0.11,+0.23
Temperature,26
ACC,-2.00,+0.96,+9.67
LIA,+0.02,+0.25,-0.01
GYR,+3.75,+2.38,-1.69
MAG,+0.00,+0.00,+0.00
GRV,+8.29,-327.02,+0.00
Roll,-11.75,+11.94,+333.38
QUA,+0.97,+0.01,+0.11,+0.23
Temperature,26
ACC,-1.88,-326.92,+9.63
LIA,+1.35,+0.11,+0.04
GYR,-2.75,-3.56,-4.81
MAG,+0.00,+0.00,+0.00
GRV,+9.57,+0.68,+0.00
Roll,-11.69,-2035.94,+333.62
QUA,+0.97,+0.01,+0.11,+0.23
Temperature,26
ACC,-0.54,+0.67,+9.69
LIA,-0.05,-0.02,+0.21
GYR,+9.81,-8.56,-3.06
MAG,+0.00,+0.00,+0.00
GRV,+9.62,+0.65,+0.00
Roll,-10.38,+11.81,-1713.81
QUA,+0.97,+0.01,+0.10,+0.22
Temperature,26
ACC,-1.55,+0.77,-318.01
LIA,-0.02,+0.05,+0.01
GYR,+7.56,-20.31,-0.19
MAG,+0.00,+0.00,+0.00
GRV,+9.66,+0.72,+0.00
Roll,-8.75,-2035.69,-1713.44
QUA,+0.98,+0.02,-1.92,+0.22
Temperature,26
ACC,-1.37,+0.87,+9.70
LIA,-0.06,+0.11,+0.01
GYR,+0.19,-4.38,+2.38
MAG,+8.00,+0.00,+0.00
GRV,+9.68,+0.75,+0.00
Roll,+2040.38,-2035.56,+334.44
QUA,+0.97,+0.02,+0.07,+0.22
Temperature,-102
ACC,+326.50,+1.03,+9.48
LIA,+1.35,+0.21,-0.09
GYR,+2.56,+2.06,+0.25
MAG,+0.00,+0.00,+0.00
GRV,+8.41,-325.64,+0.00
Roll,+2032.62,+4.50,-1713.69
QUA,+0.97,+0.02,+0.07,+0.22
Temperature,26
ACC,-1.02,-326.77,+9.46
LIA,+1.45,+0.22,-0.20
GYR,-1.69,-0.62,-4.44
MAG,+0.00,+0.00,+0.00
GRV,+9.69,+0.74,+0.00
Roll,+2032.81,-2035.62,+334.75
QUA,+0.97,+0.02,+0.07,+0.22
Temperature,26
ACC,-0.99,+0.99,+9.62
LIA,+0.17,+0.16,-0.07
GYR,+4.12,+1.12,-3.44
MAG,+0.00,+0.00,+0.00
GRV,-317.98,+0.79,+0.00
Roll,-6.75,+4.62,+335.19
QUA,+0.98,+0.03,+0.07,+0.21
Temperature,26
ACC,+326.80,-325.44,+8.00
LIA,+1.47,+0.05,-0.52
GYR,-3.50,-7.81,-12.00
MAG,+0.00,+0.00,+0.00
GRV,-317.96,+0.77,+0.00
Roll,+2042.00,+12.56,+344.50
QUA,+0.98,+0.03,+0.06,+0.20
Temperature,-102
ACC,+326.68,+0.64,+9.86
LIA,+1.30,-0.05,+0.06
GYR,+4.88,-0.31,-6.50
MAG,+8.00,+0.00,+0.00
GRV,+8.45,-326.97,+0.00
Roll,+2034.31,+4.12,+337.88
QUA,+0.98,+0.03,+0.06,+0.19
Temperature,26
ACC,-0.94,+0.81,+9.69
LIA,+1.29,+0.06,-0.03
GYR,+4.50,-0.19,-4.62
MAG,+0.00,+0.00,+0.00
GRV,+8.45,-326.93,+0.00
Roll,+2042.38,+4.38,+346.88
QUA,+0.98,+0.03,+0.06,+0.18
Temperature,26
ACC,-0.90,+0.75,+9.81
LIA,+1.29,+0.02,+0.07
GYR,-1.81,-3.94,-6.56
MAG,+0.00,+0.00,+0.00
GRV,+9.73,-325.67,+0.00
Roll,+2034.62,+4.25,+347.75
QUA,+0.98,+0.03,+0.05,+0.17
Temperature,-102
ACC,-0.70,+1.77,+8.44
LIA,+1.44,-0.17,+0.09
GYR,-10.94,-9.25,-12.19
MAG,+8.00,+0.00,+0.00
GRV,-319.22,-326.96,+0.00
Roll,-13.00,+4.19,-1699.38
QUA,+0.98,+0.03,+0.05,+0.17
Temperature,26
ACC,-0.90,+1.03,+9.37
LIA,+1.33,+0.09,-0.29
GYR,+0.62,+2.38,-7.06
MAG,+0.00,+0.00,+0.00
GRV,+8.44,-325.61,+0.00
Roll,+2042.50,-2035.38,+349.50
QUA,+0.99,+0.03,+0.05,+0.16
Temperature,-102
ACC,-0.92,+0.88,+9.48
LIA,+1.29,+0.11,-0.24
GYR,-0.81,-4.31,-7.50
MAG,+8.00,+0.00,+0.00
GRV,+8.45,+0.76,+0.00
Roll,-13.50,+4.44,-1705.50
QUA,+0.99,+0.03,+0.05,+0.15
Temperature,26
ACC,+326.78,+2.15,+8.41
LIA,-0.07,+0.19,+0.04
GYR,+1.31,-3.19,-6.00
MAG,+0.00,+0.00,+0.00
GRV,+9.74,+0.71,+0.00
Roll,+2035.19,+12.19,+351.44
QUA,+0.99,+0.03,+0.05,+0.14
Temperature,26
ACC,-0.68,+1.05,+9.58
LIA,+0.04,+0.33,-0.16
GYR,+1.44,-3.44,-7.38
MAG,+0.00,+0.00,+0.00
GRV,+9.75,+0.72,+0.00
Roll,+2035.75,-2043.75,+344.44
QUA,-1.01,+0.03,+0.04,+0.13
Temperature,26
ACC,-0.54,+1.70,-319.03
LIA,+1.29,-0.22,+0.16
GYR,-1.00,-8.31,-8.44
MAG,+0.00,+0.00,+0.00
GRV,+9.77,+0.63,+0.00
Roll,-3.19,+3.69,+345.81
QUA,+0.99,+0.03,+0.03,-1.88
Temperature,-102
ACC,-0.48,+0.80,+9.49
LIA,+1.28,+0.09,-1.55
GYR,+2.81,-3.50,-1.25
MAG,+8.00,+0.00,+0.00
GRV,+9.76,+0.71,+0.00
Roll,-2.75,+4.12,+347.12
QUA,+0.99,+0.03,+0.02,+0.11
Temperature,26
ACC,-0.45,+0.77,+9.81
LIA,-0.09,+0.04,+0.04
GYR,-2043.12,-12.62,-9.81
MAG,+0.00,+0.00,+0.00
GRV,+9.77,+0.74,+0.00
Roll,-2.00,+4.31,+348.50
QUA,+0.99,+0.04,+0.02,+0.10
Temperature,26
ACC,-0.27,+0.99,+9.57
LIA,-0.01,+0.16,-0.19
GYR,+8.81,-5.25,-8.38
MAG,+0.00,+0.00,+0.00
GRV,+9.76,+0.82,+0.00
Roll,-1.44,+4.81,+349.69
QUA,+0.99,+0.04,+0.02,+0.09
Temperature,26
ACC,-0.15,+0.80,+9.68
LIA,+0.02,-0.03,-0.07
GYR,-0.94,-6.31,-7.69
MAG,+0.00,+0.00,+0.00
GRV,+8.48,+0.85,+0.00
Roll,-8.88,-2043.06,+350.56
QUA,+1.00,+0.04,+0.01,+0.08
Temperature,26
ACC,-0.07,-325.50,-319.28
LIA,-0.04,+0.11,-0.18
GYR,-0.12,-3.94,-10.19
MAG,+0.00,+0.00,+0.00
GRV,+9.77,+0.83,+0.00
Roll,-8.25,+12.81,-1696.12
QUA,+1.00,+0.04,-1.99,+0.07
Temperature,-102
ACC,+0.00,-326.81,+8.25
LIA,+0.06,+0.01,-0.28
GYR,-0.38,-4.31,-7.62
MAG,+0.00,+0.00,+0.00
GRV,+8.48,+0.85,+0.00
Roll,+0.00,+4.94,+353.00
QUA,+1.00,+0.04,+0.00,+0.06
Temperature,26
ACC,-0.03,+0.70,+9.66
LIA,-0.07,-0.09,-0.11
GYR,-1.88,-0.88,-9.38
MAG,+8.00,+0.00,+0.00
GRV,+9.77,+0.79,+0.00
Roll,+0.19,-2043.38,+354.19
QUA,-1.00,+0.04,+0.00,+0.05
Temperature,26
ACC,+0.00,+0.47,+9.81
LIA,-0.09,-0.22,-0.01
GYR,-3.00,-5.69,-6.06
MAG,+0.00,+0.00,+0.00
GRV,+9.77,+0.73,+0.00
Roll,+0.44,+4.25,+355.19
QUA,+1.00,+0.04,-0.00,+0.04
Temperature,26
ACC,+0.03,+0.63,+9.81
LIA,-0.11,-0.03,+0.02
GYR,-0.56,-2.81,-7.06
MAG,+0.00,+0.00,+0.00
GRV,+9.78,+0.66,+0.00
Roll,+0.88,+3.88,+364.12
QUA,+1.00,+0.03,+1.99,+0.03
Temperature,-102
ACC,+0.13,+0.66,-319.28
LIA,-0.01,+0.00,-0.07
GYR,+0.31,+2.00,-4.25
MAG,+0.00,+0.00,+0.00
GRV,+9.78,+0.64,+0.00
Roll,+0.81,+3.75,+356.75
QUA,-1.00,+0.03,-0.01,+0.03
Temperature,26
ACC,+0.05,-326.80,+9.45
LIA,+0.01,+0.19,-0.33
GYR,+1.31,+2.62,-3.44
MAG,+0.00,+0.00,+0.00
GRV,+9.78,+0.68,+0.00
Roll,+0.19,+4.00,+357.31
QUA,+1.00,+0.03,-0.00,+0.03
Temperature,26
ACC,-0.10,+0.70,+9.56
LIA,-0.15,+0.10,-0.22
GYR,+2042.00,+1.19,-2.81
MAG,+0.00,+0.00,+0.00
GRV,+9.78,+0.58,+0.00
Roll,+0.25,+3.44,+357.69
QUA,+1.00,-1.98,-0.01,+0.02
Temperature,26
ACC,-0.02,+0.45,+9.88
LIA,-0.12,+0.01,+0.08
GYR,+2043.38,-1.62,-0.88
MAG,+8.00,+0.00,+0.00
GRV,+9.79,+0.43,+0.00
Roll,+0.56,+2.56,+366.00
QUA,+1.00,+0.02,-0.00,+0.02
Temperature,26
ACC,+0.18,+0.17,+9.72
LIA,+0.01,-0.14,-0.07
GYR,-4.31,-2.25,-1.19
MAG,+8.00,+0.00,+0.00
GRV,+9.80,+0.31,+0.00
Roll,+0.94,+1.81,+358.12
QUA,+1.00,+0.02,-0.01,+0.02
Temperature,-102
ACC,+0.11,+0.21,+9.88
LIA,-0.07,-0.03,+0.08
GYR,-1.56,-1.12,-0.56
MAG,+8.00,+0.00,+0.00
GRV,+8.52,+0.25,+0.00
Roll,+1.12,+1.44,+358.38
QUA,+1.00,+0.01,-0.01,+0.01
Temperature,-102
ACC,+1.50,+0.14,+9.61
LIA,+1.38,-0.11,-0.12
GYR,-2.62,+2.31,+0.94
MAG,+0.00,+0.00,+0.00
GRV,+8.52,+0.19,+0.00
Roll,+1.12,+1.12,-1689.62
QUA,+1.00,+0.01,-0.01,+0.01
Temperature,26
ACC,+1.54,+0.20,+9.63
LIA,+1.36,+0.04,-0.17
GYR,-4.31,-1.81,-0.94
MAG,+0.00,+0.00,+0.00
GRV,+8.52,+0.12,+0.00
Roll,+1.19,+0.69,+358.50
QUA,+1.00,+0.01,-0.01,+0.01
Temperature,26
ACC,+0.17,+0.14,-319.20
LIA,-0.04,+0.07,-0.02
GYR,-3.69,-2.88,-0.69
MAG,+0.00,+0.00,+0.00
GRV,+9.80,+0.03,+0.00
Roll,+1.44,+0.19,+358.81
QUA,+1.00,+0.00,+1.99,+0.01
Temperature,26
ACC,+1.60,-1.43,+9.83
LIA,+0.00,-1.39,+1.31
GYR,-5.38,-2.75,-0.81
MAG,+0.00,+0.00,+0.00
GRV,+9.80,-0.04,+0.00
Roll,+1.94,-8.25,+358.88
QUA,+1.00,-0.00,-0.02,+0.01
Temperature,26
ACC,+0.25,-1.32,-318.00
LIA,-0.11,+0.04,-1.39
GYR,-2.94,-1.06,-0.19
MAG,+0.00,+0.00,+0.00
GRV,+9.79,-0.09,+0.00
Roll,+2.12,-0.56,+359.00
QUA,+1.00,-0.00,-0.02,+0.01
Temperature,26
ACC,+1.67,-0.14,+9.80
LIA,+1.28,+0.02,+0.00
GYR,+2043.50,-0.62,+0.44
MAG,+8.00,+0.00,+0.00
GRV,+9.79,-0.18,+0.00
Roll,+2.31,-1.06,+358.94
QUA,+1.00,-0.01,-0.02,+0.01
Temperature,-102
ACC,+0.33,-0.31,+9.83
LIA,-0.08,-0.02,+0.04
GYR,-3.62,-0.50,-0.19
MAG,+0.00,+0.00,+0.00
GRV,+9.79,-1.57,+0.00
Roll,+2.44,-1.69,+358.94
QUA,+1.00,-0.01,-0.02,+0.01
Temperature,-102
ACC,+0.32,-0.35,+9.94
LIA,-0.10,+0.04,+0.16
GYR,-3.44,-0.62,+1.00
MAG,+0.00,+0.00,+0.00
GRV,-317.90,-1.67,+0.00
Roll,+2.44,-2.25,-1689.12
QUA,+1.00,-0.02,-0.02,+0.01
Temperature,26
ACC,+0.52,-1.64,+9.85
LIA,+1.33,+0.03,+0.02
GYR,+0.12,-0.38,+2.69
MAG,+8.00,+0.00,+0.00
GRV,+9.78,-1.69,+0.00
Roll,+2.44,-2.44,+366.56
QUA,+1.00,-0.02,-0.02,+0.01
Temperature,26
ACC,+0.45,-0.39,+9.88
LIA,+0.00,+0.03,+0.08
GYR,+0.50,+3.38,-0.31
MAG,+0.00,+0.00,+0.00
GRV,+9.78,-1.69,+0.00
Roll,+2.44,-2.38,+358.38
QUA,+1.00,-0.02,-0.02,+0.01
Temperature,26
ACC,+0.34,-1.56,+9.96
LIA,+0.00,+0.11,+0.09
GYR,+4.25,+2.50,+1.06
MAG,+0.00,+0.00,+0.00
GRV,+9.79,-0.36,+0.00
Roll,+2.00,-2.06,+366.31
QUA,-1.00,-0.03,-0.02,+0.01
Temperature,26
ACC,+0.25,-0.46,-317.89
LIA,-0.09,-0.20,+0.00
GYR,-2043.31,-2.06,+1.81
MAG,+8.00,+0.00,+0.00
GRV,+9.79,-0.25,+0.00
Roll,+2.00,-1.44,+358.12
QUA,+1.00,-0.01,-0.02,+0.02
Temperature,26
ACC,+0.21,-0.24,-317.98
LIA,-0.14,-0.05,-0.09
GYR,+2.69,-0.19,+1.56
MAG,+0.00,+0.00,+0.00
GRV,+9.79,-0.17,+0.00
Roll,+2.06,-1.00,+365.88
QUA,-1.00,-0.01,-0.02,+0.02
Temperature,26
ACC,+1.72,-0.15,+9.78
LIA,+0.06,-1.32,-0.01
GYR,+3.56,-3.00,+12.44
MAG,+0.00,+0.00,+0.00
GRV,+9.79,-0.09,+0.00
Roll,+2.19,-0.56,+357.44
QUA,+1.00,-0.00,-0.02,+0.02
Temperature,26
ACC,+0.38,+0.12,+9.59
LIA,+1.28,+0.14,-0.20
GYR,+3.00,+0.50,+4.69
MAG,+0.00,+0.00,+0.00
GRV,+9.79,-0.02,+0.00
Roll,+2.19,-0.06,+356.94
QUA,+1.00,-0.00,-0.02,+0.03
Temperature,26
ACC,+0.30,-0.09,-317.91
LIA,-0.12,-0.02,-0.20
GYR,+4.00,-2.19,+6.00
MAG,+0.00,+0.00,+0.00
GRV,+9.79,+0.03,+0.00
Roll,+2.25,+0.19,+364.25
QUA,+1.00,+0.00,-0.02,+0.03
Temperature,26
ACC,+0.28,+0.32,+9.89
LIA,-0.12,+0.19,+0.09
GYR,+2.81,+0.50,+7.50
MAG,+0.00,+0.00,+0.00
GRV,+9.79,+0.13,+0.00
Roll,+2.38,+0.75,+355.38
QUA,-1.00,+0.00,+1.97,+0.04
Temperature,26
ACC,+0.66,+0.28,+9.72
LIA,+0.23,+0.06,-0.06
GYR,+4.69,+3.56,+6.50
MAG,+0.00,+0.00,+0.00
GRV,+9.79,+0.23,+0.00
Roll,+2.50,+1.31,+354.31
QUA,-1.00,-1.99,+1.97,+0.05
Temperature,26
ACC,+1.63,+0.53,-317.69
LIA,+0.00,+0.14,+0.20
GYR,+3.75,+2.31,+7.00
MAG,+8.00,+0.00,+0.00
GRV,+9.79,+0.38,+0.00
Roll,+2.00,+2.25,+361.44
QUA,-1.00,-1.98,-0.02,+0.06
Temperature,26
ACC,+1.81,+0.49,+8.16
LIA,+1.42,+0.05,-0.34
GYR,+2.31,-0.75,+5.06
MAG,+0.00,+0.00,+0.00
GRV,+9.78,+0.44,+0.00
Roll,+2.25,+2.56,+352.56
QUA,-1.00,+0.02,-0.03,+0.07
Temperature,26
ACC,+1.61,+0.43,+9.71
LIA,-0.02,+0.00,-0.08
GYR,-0.69,+5.69,+6.75
MAG,+0.00,+0.00,+0.00
GRV,+9.79,+0.42,+0.00
Roll,+2.00,+2.44,+351.94
QUA,+1.00,+0.02,-0.02,+0.07
Temperature,-102
ACC,+1.72,+0.51,+9.41
LIA,+0.16,+0.04,-0.45
GYR,-0.75,-2.69,+8.94
MAG,+0.00,+0.00,+0.00
GRV,-319.17,+0.46,+0.00
Roll,+1.81,+2.69,+350.88
QUA,+1.00,+0.02,-0.01,+0.08
Temperature,-102
ACC,+0.24,+0.48,+8.60
LIA,-0.01,+0.08,-0.10
GYR,+2.38,+0.75,+11.81
MAG,+0.00,+0.00,+0.00
GRV,+9.79,+0.40,+0.00
Roll,+1.88,+2.38,+349.75
QUA,+1.00,+0.02,-0.01,+0.09
Temperature,-102
ACC,+0.41,+0.46,-317.93
LIA,+1.32,+0.20,+0.11
GYR,+0.25,-3.00,+10.94
MAG,+0.00,+0.00,+0.00
GRV,-319.18,+0.42,+0.00
Roll,+2.19,+2.44,+348.31
QUA,+0.99,+0.02,-0.02,+0.10
Temperature,26
ACC,+1.87,+0.39,-318.98
LIA,+1.40,+0.03,+0.10
GYR,+2.06,+0.75,+2.81
MAG,+0.00,+0.00,+0.00
GRV,+9.78,+0.39,+0.00
Roll,+2.62,+2.31,+347.44
QUA,+0.99,-1.98,-0.03,+0.11
Temperature,26
ACC,+1.60,-326.82,-318.04
LIA,-0.08,+0.34,-0.13
GYR,+4.56,+1.38,+6.38
MAG,+0.00,+0.00,+0.00
GRV,+9.78,+0.53,+0.00
Roll,+2.38,+3.06,+346.88
QUA,+0.99,-1.97,-0.02,+0.12
Temperature,26
ACC,+0.26,+0.61,+9.71
LIA,-0.11,+0.07,-0.05
GYR,-1.81,+1.25,+7.06
MAG,+0.00,+0.00,+0.00
GRV,+9.78,+0.53,+0.00
Roll,+2.25,+3.12,+345.94
QUA,+1.00,+0.03,-0.02,+0.12
Temperature,26
ACC,+0.66,+0.55,+8.20
LIA,+1.46,+0.10,-0.17
GYR,-5.31,-1.31,+6.25
MAG,+0.00,+0.00,+0.00
GRV,+9.78,+0.50,+0.00
Roll,+2.44,+2.88,+344.75
QUA,+1.00,-1.98,-0.03,+0.13
Temperature,-102
ACC,+0.40,+0.35,+9.94
LIA,-0.05,-0.06,+0.15
GYR,-1.00,-1.75,+7.44
MAG,+0.00,+0.00,+0.00
GRV,+9.78,+0.42,+0.00
Roll,+2.69,+2.44,+343.88
QUA,+1.00,+0.02,-0.03,-1.86
Temperature,26
ACC,+1.83,+0.32,+8.15
LIA,+0.06,-1.34,-0.35
GYR,-3.44,+3.56,+5.50
MAG,+0.00,+0.00,+0.00
GRV,+9.78,+0.38,+0.00
Roll,+2.75,+2.19,+342.94
QUA,-1.00,+0.02,-0.02,+0.15
Temperature,26
ACC,+0.49,+0.39,-319.34
LIA,+0.09,+0.06,-1.44
GYR,-2.75,+1.25,+12.06
MAG,+0.00,+0.00,+0.00
GRV,+9.79,+0.32,+0.00
Roll,+2.31,+1.88,-1698.38
QUA,+0.99,-1.98,-0.02,+0.16
Temperature,26
ACC,+1.76,+0.58,+8.36
LIA,+0.06,+0.34,-0.14
GYR,-3.44,+0.31,+10.75
MAG,+8.00,+0.00,+0.00
GRV,+9.79,+0.24,+0.00
Roll,+2.38,+1.38,+348.19
QUA,+0.98,+0.02,-0.03,+0.17
Temperature,26
ACC,+0.49,+0.19,+8.36
LIA,+1.36,+0.05,-0.15
GYR,-3.31,+3.19,+8.81
MAG,+0.00,+0.00,+0.00
GRV,+9.79,+0.12,+0.00
Roll,+2.31,+0.69,+338.88
QUA,+0.98,+0.00,-0.02,+0.18
Temperature,26
ACC,+0.22,+0.05,+9.83
LIA,-0.05,+1.29,+0.03
GYR,+2043.81,-2043.88,+3.69
MAG,+0.00,+0.00,+0.00
GRV,+9.80,+0.02,+0.00
Roll,+1.62,+0.12,+337.56
QUA,+0.98,+0.00,-0.01,+0.19
Temperature,-102
ACC,+0.24,-0.18,+9.62
LIA,+1.31,-0.01,-0.17
GYR,-3.44,-2042.69,+11.62
MAG,+0.00,+0.00,+0.00
GRV,+9.80,-0.18,+0.00
Roll,+1.19,-1.06,+335.94
QUA,+0.98,-0.01,-0.01,+0.21
Temperature,26
ACC,+0.17,-0.34,+9.79
LIA,+1.40,+0.02,+0.00
GYR,-7.31,+7.75,+14.88
MAG,+0.00,+0.00,+0.00
GRV,+9.79,-1.64,+0.00
Roll,+0.19,-2.19,+334.06
QUA,+0.97,-0.02,-0.01,+0.22
Temperature,26
ACC,+1.32,-1.75,+9.32
LIA,+0.18,+0.01,-0.47
GYR,-8.75,+4.25,+13.69
MAG,+0.00,+0.00,+0.00
GRV,+9.79,-0.54,+0.00
Roll,-8.62,-3.12,-1715.56
QUA,+0.98,-0.03,-0.00,+0.24
Temperature,26
ACC,-0.12,-0.52,-317.83
LIA,+0.10,+0.23,-0.06
GYR,-7.25,+4.69,+11.62
MAG,+0.00,+0.00,+0.00
GRV,+9.77,-0.73,+0.00
Roll,-9.38,-4.31,+330.81
QUA,-1.03,-0.04,+0.00,+0.25
Temperature,26
ACC,-0.61,-0.64,-317.92
LIA,-0.14,+0.15,+0.09
GYR,-3.44,+16.69,+12.62
MAG,+0.00,+0.00,+0.00
GRV,+9.75,+326.85,+0.00
Roll,-2.81,-4.88,+329.25
QUA,+0.96,-0.05,+0.01,+0.26
Temperature,26
ACC,+326.84,-0.73,+9.73
LIA,-0.03,+0.24,-0.10
GYR,-6.56,+13.12,+11.88
MAG,+8.00,+0.00,+0.00
GRV,-317.96,+326.72,+0.00
Roll,+2035.25,-5.69,-1720.31
QUA,+0.96,-0.06,+0.03,+0.28
Temperature,26
ACC,-1.16,-1.06,+9.52
LIA,+1.36,+0.06,-0.13
GYR,-11.31,+21.25,+10.31
MAG,+0.00,+0.00,+0.00
GRV,+9.65,+326.55,+0.00
Roll,-7.31,-6.69,-1721.81
QUA,+0.95,-0.08,+0.05,+0.29
Temperature,-102
ACC,-1.76,-1.33,+9.54
LIA,+1.37,+0.06,+0.01
GYR,-17.12,+28.38,+9.50
MAG,+0.00,+0.00,+0.00
GRV,+9.52,-1.40,+0.00
Roll,-10.88,-8.31,+324.81
QUA,+0.95,-0.10,+0.07,+0.30
Temperature,-102
ACC,-1.82,-1.22,+9.65
LIA,+1.72,+0.37,+0.25
GYR,-8.56,+10.38,+8.06
MAG,+0.00,+0.00,+0.00
GRV,+9.40,-0.31,+0.00
Roll,-13.38,-9.56,+323.50
QUA,+0.94,-0.11,+0.09,+0.31
Temperature,26
ACC,-0.98,-1.22,+9.63
LIA,+1.33,+0.30,+0.31
GYR,-1.06,-3.94,+0.81
MAG,+0.00,+0.00,+0.00
GRV,+9.40,-1.53,+0.00
Roll,-13.69,-9.19,+330.62
QUA,+0.94,-0.11,+0.09,+0.32
Temperature,26
ACC,+326.86,-0.94,+9.48
LIA,+0.05,+0.56,+0.00
GYR,+7.06,-3.44,-2.75
MAG,+0.00,+0.00,+0.00
GRV,+9.45,-1.43,+0.00
Roll,-12.88,-0.56,+322.62
QUA,+0.95,-0.11,+0.08,+0.32
Temperature,26
ACC,+326.93,+326.96,+9.78
LIA,+1.47,+0.32,+0.24
GYR,+11.88,-6.44,-2.38
MAG,+8.00,+0.00,+0.00
GRV,+9.50,-1.23,+0.00
Roll,+2035.75,-7.38,+323.00
QUA,+0.94,-0.09,+0.08,+0.31
Temperature,-102
ACC,-2.14,-0.80,+9.41
LIA,-0.28,+0.28,-0.14
GYR,+7.12,-9.94,-12.81
MAG,+0.00,+0.00,+0.00
GRV,+9.56,+326.59,+0.00
Roll,-10.88,-6.50,-1723.62
QUA,+0.95,-0.08,+0.07,+0.30
Temperature,-102
ACC,-0.40,-1.14,+9.42
LIA,-0.05,-0.11,-0.19
GYR,+13.38,-10.56,-4.44
MAG,+0.00,+0.00,+0.00
GRV,+9.61,-1.03,+0.00
Roll,-9.44,-6.12,+325.31
QUA,+0.95,-0.08,+0.06,+0.30
Temperature,-102
ACC,-0.25,-1.34,+9.63
LIA,-0.08,-0.16,+0.07
GYR,-1.69,-4.56,-8.44
MAG,+0.00,+0.00,+0.00
GRV,+9.63,+326.64,+0.00
Roll,-8.81,+2041.81,+334.12
QUA,+0.95,-0.07,+0.06,+0.29
Temperature,26
ACC,-1.38,-1.26,+9.81
LIA,+1.28,-0.14,+0.17
GYR,+3.88,+0.00,-4.50
MAG,+0.00,+0.00,+0.00
GRV,-318.04,+326.56,+0.00
Roll,-8.06,-6.62,+335.06
QUA,+0.96,-0.07,+0.05,+0.28
Temperature,-102
ACC,-1.36,+326.59,+9.52
LIA,-0.14,-0.05,+0.11
GYR,+3.88,+5.69,-1.50
MAG,+0.00,+0.00,+0.00
GRV,-318.03,+326.58,+0.00
Roll,-15.88,+2041.50,-1720.31
QUA,+0.96,-0.07,+0.05,+0.28
Temperature,26
ACC,-0.13,-1.01,+9.63
LIA,-0.07,+0.04,-0.02
GYR,+2.56,-0.94,-4.31
MAG,+0.00,+0.00,+0.00
GRV,+9.65,+326.63,+0.00
Roll,-7.88,-6.19,+328.19
QUA,+0.97,-0.07,+0.05,+0.27
Temperature,-102
ACC,-0.14,+326.75,+9.67
LIA,-0.09,+0.11,+0.03
GYR,-1.12,-3.06,-5.75
MAG,+8.00,+0.00,+0.00
GRV,+9.66,-1.06,+0.00
Roll,-15.50,+2041.75,+328.81
QUA,+0.97,-0.08,+0.05,+0.27
Temperature,26
ACC,+326.40,+326.48,+9.79
LIA,-0.03,-0.05,+0.15
GYR,-4.25,+0.06,-6.56
MAG,+0.00,+0.00,+0.00
GRV,+9.65,-1.12,+0.00
Roll,-15.44,+2041.38,+329.56
QUA,+0.96,-0.07,+0.05,+0.26
Temperature,26
ACC,-0.07,+326.73,+9.77
LIA,-0.02,+0.08,+0.20
GYR,+2.31,-2.00,-2.81
MAG,+8.00,+0.00,+0.00
GRV,+9.65,-1.12,+0.00
Roll,-15.44,-6.62,+330.12
QUA,+0.96,-0.07,+0.05,+0.26
Temperature,-102
ACC,-1.04,+326.67,+9.92
LIA,+1.51,-0.24,-0.08
GYR,+7.00,-3.50,-1.88
MAG,+0.00,+0.00,+0.00
GRV,-318.01,+326.64,+0.00
Roll,+2041.12,-6.12,+330.44
QUA,+0.96,-0.07,+0.04,+0.25
Temperature,26
ACC,-0.94,-1.54,+9.73
LIA,+1.44,-0.43,-0.25
GYR,-5.69,-5.94,-5.00
MAG,+0.00,+0.00,+0.00
GRV,-317.99,-1.04,+0.00
Roll,+2033.88,+2041.88,+330.94
QUA,+0.97,-0.07,+0.04,+0.25
Temperature,26
ACC,-0.88,-1.16,+9.63
LIA,+1.31,-0.03,-0.05
GYR,-2.75,-4.06,-0.88
MAG,+0.00,+0.00,+0.00
GRV,-317.99,+326.56,+0.00
Roll,+2034.62,-6.62,+331.44
QUA,+0.97,-0.07,+0.03,+0.25
Temperature,26
ACC,-0.88,-1.02,+9.58
LIA,-0.07,+0.11,-0.12
GYR,+3.44,-3.75,+0.25
MAG,+0.00,+0.00,+0.00
GRV,+9.70,+326.54,+0.00
Roll,+2035.31,+2041.31,+331.44
QUA,+0.97,-0.07,+0.03,+0.25
Temperature,-102
ACC,+327.01,+326.54,+9.51
LIA,+1.31,-0.06,-0.13
GYR,+1.94,-5.75,-3.00
MAG,+8.00,+0.00,+0.00
GRV,+9.71,-1.14,+0.00
Roll,-3.81,+2041.31,+331.69
QUA,-1.03,-0.07,+0.02,+0.24
Temperature,26
ACC,-0.33,+326.60,-318.02
LIA,+0.11,+0.07,-0.11
GYR,+0.12,-11.31,-3.81
MAG,+8.00,+0.00,+0.00
GRV,-317.96,-1.19,+0.00
Roll,-2.62,+2041.00,-1715.81
QUA,+0.98,-0.06,+0.01,+0.24
Temperature,26
ACC,-0.43,-1.17,+9.72
LIA,-0.18,+0.06,+0.00
GYR,-5.44,-6.81,-10.69
MAG,+0.00,+0.00,+0.00
GRV,+9.72,+326.44,+0.00
Roll,-9.44,-7.25,+333.12
QUA,+0.98,-0.07,-0.00,+0.23
Temperature,-102
ACC,-0.40,-1.33,+9.72
LIA,-0.08,+0.08,+0.00
GYR,-1.81,+2.50,-4.56
MAG,+0.00,+0.00,+0.00
GRV,-317.97,-1.31,+0.00
Roll,-9.56,+2040.31,-1714.00
QUA,+0.98,-0.07,-0.00,+0.22
Temperature,-102
ACC,-0.41,+326.41,-317.88
LIA,-0.04,+0.04,-0.08
GYR,+11.88,+4.94,-6.31
MAG,+0.00,+0.00,+0.00
GRV,+9.71,-1.28,+0.00
Roll,-1.94,+2040.50,+334.75
QUA,+0.98,-0.07,+0.00,+0.21
Temperature,26
ACC,-0.44,-0.04,+9.42
LIA,-0.08,-0.19,-0.12
GYR,+0.06,-2.31,-5.88
MAG,+0.00,+0.00,+0.00
GRV,-317.96,+326.49,+0.00
Roll,-10.12,-7.00,+335.75
QUA,-1.02,-0.07,+0.01,+0.21
Temperature,-102
ACC,-0.52,-0.11,+9.74
LIA,-0.22,-0.05,+0.01
GYR,+0.19,-0.69,-7.88
MAG,+0.00,+0.00,+0.00
GRV,-317.96,-1.23,+0.00
Roll,-9.88,+2040.81,+336.75
QUA,+0.98,-0.07,+0.00,+0.20
Temperature,-102
ACC,-0.32,+326.46,+9.75
LIA,+0.00,+0.05,-0.06
GYR,+1.94,+2.62,-5.44
MAG,+0.00,+0.00,+0.00
GRV,-317.96,-1.22,+0.00
Roll,-1.88,+2040.81,+337.44
QUA,+0.98,-0.06,+0.00,+0.19
Temperature,26
ACC,-0.44,-0.98,+9.56
LIA,-0.03,+0.12,-0.10
GYR,-0.44,+5.19,-2.69
MAG,+0.00,+0.00,+0.00
GRV,+9.72,-1.18,+0.00
Roll,-10.38,+2041.06,+338.06
QUA,+0.98,-0.06,+0.01,+0.19
Temperature,-102
ACC,-0.04,-2.03,+10.00
LIA,+0.48,-0.79,+0.29
GYR,+1.62,+13.38,+3.25
MAG,+8.00,+0.00,+0.00
GRV,+9.71,-1.23,+0.00
Roll,-11.25,-7.25,+346.19
QUA,+0.98,+1.93,+0.02,+0.19
Temperature,-102
ACC,-0.65,-1.31,+10.04
LIA,-0.09,-0.20,+0.28
GYR,-1.25,-8.44,-10.31
MAG,+8.00,+0.00,+0.00
GRV,-317.97,+326.51,+0.00
Roll,-11.31,+2041.12,+339.38
QUA,+0.98,-0.06,+0.02,+0.18
Temperature,-102
ACC,-0.42,-1.05,+9.62
LIA,-0.05,+0.05,-0.11
GYR,+5.44,-3.31,-10.25
MAG,+0.00,+0.00,+0.00
GRV,+9.73,+326.58,+0.00
Roll,-10.12,-6.44,+348.69
QUA,+0.98,-0.06,+0.01,+0.17
Temperature,-102
ACC,-0.34,-1.44,+9.59
LIA,-0.09,-0.35,-0.18
GYR,+13.62,-1.25,-12.81
MAG,+0.00,+0.00,+0.00
GRV,+9.74,+326.59,+0.00
Roll,-1.50,-6.38,-1705.69
QUA,+0.99,-0.06,+0.00,+0.15
Temperature,-102
ACC,-0.11,-1.27,+9.76
LIA,-0.05,+0.02,-0.04
GYR,-1.12,-5.94,-15.31
MAG,+8.00,+0.00,+0.00
GRV,-317.94,-1.12,+0.00
Roll,-8.81,+2041.44,+344.25
QUA,+0.99,-0.06,-0.00,+0.14
Temperature,-102
ACC,+0.10,-1.24,+9.75
LIA,+0.13,-0.21,+0.08
GYR,+3.56,-2.88,-12.31
MAG,+0.00,+0.00,+0.00
GRV,+9.74,-1.11,+0.00
Roll,+0.00,+2033.50,+345.94
QUA,+0.99,-0.06,-0.01,+0.12
Temperature,26
ACC,+0.14,+325.17,+9.80
LIA,+0.07,-0.20,+0.05
GYR,+4.62,-2.88,-17.50
MAG,+0.00,+0.00,+0.00
GRV,+9.75,-1.01,+0.00
Roll,+0.44,-5.94,-1700.00
QUA,+0.99,-0.05,-0.00,+0.10
Temperature,-102
ACC,-0.04,+326.76,+9.45
LIA,-0.23,-0.05,-0.31
GYR,+6.19,-3.69,-25.62
MAG,+0.00,+0.00,+0.00
GRV,+9.76,-0.86,+0.00
Roll,+1.12,-5.00,+351.00
QUA,+1.00,-0.04,+1.99,+0.08
Temperature,26
ACC,+1.46,+325.51,+9.39
LIA,-0.19,-0.06,-0.35
GYR,-5.94,-8.88,-21.19
MAG,+0.00,+0.00,+0.00
GRV,+9.76,-0.81,+0.00
Roll,+2.12,-12.75,+354.12
QUA,+1.00,-0.04,-0.02,+0.05
Temperature,-102
ACC,+1.57,-2.25,+9.58
LIA,-0.19,-0.10,-0.08
GYR,-1.75,-1.50,-11.50
MAG,+0.00,+0.00,+0.00
GRV,+9.75,+325.52,+0.00
Roll,+2.81,-13.12,-1691.75
QUA,+1.00,-0.04,-0.03,+0.03
Temperature,-102
ACC,+1.54,+325.66,+9.77
LIA,-0.16,+0.01,+0.08
GYR,+0.19,-11.81,+1.62
MAG,+0.00,+0.00,+0.00
GRV,+9.74,-0.88,+0.00
Roll,+3.44,-13.12,-1690.88
QUA,+1.00,-0.04,-0.03,+0.02
Temperature,26
ACC,+0.71,+0.00,+8.51
LIA,-0.09,+0.06,+0.06
GYR,+29.38,-11.94,+11.12
MAG,+8.00,+0.00,+0.00
GRV,-317.92,-1.55,+0.00
Roll,-2043.06,-1.56,+356.25
QUA,+1.00,-0.01,-0.04,+0.03
Temperature,26
ACC,+2.33,+0.19,+9.65
LIA,+1.39,-0.15,-0.20
GYR,+10.06,+1.88,+12.69
MAG,+0.00,+0.00,+0.00
GRV,-319.21,+0.22,+0.00
Roll,-2042.00,+1.31,+354.69
QUA,+1.00,+0.01,-0.05,+0.05
Temperature,-102
ACC,+1.07,-326.67,+7.95
LIA,-0.02,+0.21,-0.41
GYR,+51.94,-11.62,+10.31
MAG,+0.00,+0.00,+0.00
GRV,+9.70,+0.86,+0.00
Roll,-2041.56,+5.06,+361.25
QUA,+1.00,+0.05,-0.05,+0.06
Temperature,26
ACC,+1.31,+0.40,+9.26
LIA,-0.03,+0.06,-0.38
GYR,+27.75,-3.25,+8.00
MAG,+0.00,+0.00,+0.00
GRV,+9.57,+0.37,+0.00
Roll,-2040.25,+1.81,-1696.25
QUA,+0.99,+0.09,-0.06,+0.07
Temperature,26
ACC,+1.51,+2.36,+9.35
LIA,+0.07,+0.05,-0.11
GYR,+43.25,-18.06,+14.44
MAG,+0.00,+0.00,+0.00
GRV,+9.39,+2.34,+0.00
Roll,+9.06,+6.00,-1698.12
QUA,+0.99,+0.13,-0.07,+0.09
Temperature,-102
ACC,-325.72,+3.04,-318.87
LIA,+0.16,-0.03,-0.09
GYR,+34.00,+1.38,+12.25
MAG,+0.00,+0.00,+0.00
GRV,+9.11,+3.11,+0.00
Roll,+2.62,+18.88,-1699.81
QUA,+0.98,-1.83,+1.92,+0.10
Temperature,-102
ACC,-325.60,+3.79,+8.55
LIA,+1.48,-0.03,-0.28
GYR,+44.81,+12.50,+8.69
MAG,+0.00,+0.00,+0.00
GRV,+8.83,-323.85,+0.00
Roll,+10.75,+23.44,+346.06
QUA,+0.97,+0.21,-0.07,+0.12
Temperature,26
ACC,+2.02,-324.42,+8.17
LIA,+1.49,+0.00,-0.62
GYR,+40.62,-10.81,+3.75
MAG,+8.00,+0.00,+0.00
GRV,+8.44,+4.63,+0.00
Roll,+2.69,+20.69,+344.31
QUA,+0.95,+0.26,-0.06,+0.13
Temperature,26
ACC,+2.06,+5.30,+7.72
LIA,+1.48,+0.05,-0.28
GYR,+41.44,+4.19,+0.44
MAG,+0.00,+0.00,+0.00
GRV,+7.99,+5.36,+0.00
Roll,+10.88,+33.81,-1704.31
QUA,+0.95,+0.30,-0.06,+0.14
Temperature,-102
ACC,-325.75,-321.73,+5.53
LIA,+1.52,-0.28,-0.57
GYR,+42.75,+12.44,-0.44
MAG,+0.00,+0.00,+0.00
GRV,+7.37,+6.23,+0.00
Roll,+10.19,+32.19,-1705.44
QUA,+0.93,+0.35,-0.04,+0.14
Temperature,-102
ACC,+1.68,+5.29,+6.64
LIA,+0.21,-0.04,-0.24
GYR,+16.88,+18.19,-1.06
MAG,+0.00,+0.00,+0.00
GRV,+7.02,+5.39,+0.00
Roll,+0.56,+43.50,-1698.31
QUA,+0.91,+0.38,-0.02,+0.15
Temperature,-102
ACC,+1.33,+5.72,+6.21
LIA,+0.09,-0.04,-0.31
GYR,+28.69,+16.81,-2.75
MAG,+8.00,+0.00,+0.00
GRV,+6.64,+7.10,+0.00
Roll,-2040.75,+38.88,+348.94
QUA,-1.10,+0.39,-0.00,+0.15
Temperature,26
ACC,-326.65,-320.52,+5.79
LIA,+0.18,-0.39,-0.53
GYR,+41.88,+35.81,-8.69
MAG,+8.00,+0.00,+0.00
GRV,+6.01,+7.70,+0.00
Roll,+4.44,+52.00,+347.19
QUA,+0.89,+0.44,+0.04,+0.16
Temperature,26
ACC,-0.04,+8.29,+4.96
LIA,-0.06,-0.04,-0.17
GYR,+49.19,+40.00,-15.81
MAG,+8.00,+0.00,+0.00
GRV,-323.89,-318.01,+0.00
Roll,+0.00,+58.81,+338.31
QUA,+0.85,+0.49,+0.10,+0.16
Temperature,-102
ACC,-0.47,+8.48,+4.03
LIA,+0.26,-0.24,-0.18
GYR,+47.81,+36.50,-12.56
MAG,+0.00,+0.00,+0.00
GRV,+4.19,-317.57,+0.00
Roll,-12.19,+64.56,+338.06
QUA,+0.83,+0.52,+0.15,+0.16
Temperature,-102
ACC,-0.64,-319.11,+2.99
LIA,+1.97,-0.77,-0.48
GYR,+26.31,+47.69,-10.00
MAG,+0.00,+0.00,+0.00
GRV,-324.32,+9.12,+0.00
Roll,-15.25,+77.69,-1712.19
QUA,+0.81,+0.54,+0.20,+0.17
Temperature,-102
ACC,-0.62,+9.46,+2.53
LIA,+1.47,+0.00,-0.07
GYR,+29.19,+45.62,-22.69
MAG,+0.00,+0.00,+0.00
GRV,+2.61,+9.23,+0.00
Roll,-11.88,+74.12,+334.50
QUA,+0.77,+0.55,+0.26,+0.18
Temperature,-102
ACC,-2.65,+8.84,+1.52
LIA,+1.46,-0.34,-0.37
GYR,+37.25,+39.88,-34.31
MAG,+0.00,+0.00,+0.00
GRV,+1.90,+9.19,+0.00
Roll,-16.81,+78.25,+334.75
QUA,+0.76,+0.55,+0.32,+0.17
Temperature,-102
ACC,-3.54,+8.96,+1.98
LIA,+1.28,+0.04,-0.01
GYR,-18.06,+24.75,-34.44
MAG,+0.00,+0.00,+0.00
GRV,-326.97,+10.20,+0.00
Roll,-21.12,+77.31,+335.88
QUA,+0.76,+0.52,+0.35,+0.16
Temperature,-102
ACC,-4.02,+8.40,+2.22
LIA,+1.64,-0.20,+0.57
GYR,-20.38,+42.19,-24.06
MAG,+0.00,+0.00,+0.00
GRV,+1.64,+8.61,+0.00
Roll,-26.56,+79.12,+344.94
QUA,+0.75,+0.50,+0.40,+0.15
Temperature,-102
ACC,-4.37,+7.58,+1.69
LIA,+1.65,-0.47,+0.08
GYR,-25.19,+21.88,-26.88
MAG,+0.00,+0.00,+0.00
GRV,+0.61,+8.26,+0.00
Roll,-30.06,-1970.94,+336.38
QUA,+0.76,+0.47,+0.43,+0.16
Temperature,26
ACC,-3.77,+8.10,+2.82
LIA,+1.65,+0.33,+0.30
GYR,-40.69,+13.56,-14.81
MAG,+8.00,+0.00,+0.00
GRV,+1.24,+7.76,+0.00
Roll,-33.69,+71.50,+335.88
QUA,+0.78,+0.41,+0.45,+0.17
Temperature,-102
ACC,-3.74,+6.72,+3.11
LIA,+1.89,-0.33,-0.69
GYR,-68.44,-14.06,-14.00
MAG,+0.00,+0.00,+0.00
GRV,+3.80,-320.63,+0.00
Roll,-35.19,+60.81,+333.75
QUA,+0.81,+0.34,+0.43,+0.19
Temperature,-102
ACC,-5.50,+5.86,+4.13
LIA,+1.65,-0.34,-0.67
GYR,-73.56,-3.44,-19.00
MAG,+8.00,+0.00,+0.00
GRV,-324.16,+7.48,+0.00
Roll,-36.75,+52.19,+332.25
QUA,+0.84,+0.27,+0.42,+0.21
Temperature,26
ACC,-5.72,+5.05,+5.82
LIA,+0.30,-0.01,-0.01
GYR,-91.81,-18.44,-8.12
MAG,+0.00,+0.00,+0.00
GRV,-321.85,+5.07,+0.00
Roll,-45.94,+40.94,+330.00
QUA,+0.86,+0.18,+0.40,+0.23
Temperature,26
ACC,-5.11,+3.58,+6.85
LIA,+2.00,-0.35,-0.11
GYR,-99.94,-33.25,-11.56
MAG,+0.00,+0.00,+0.00
GRV,+5.65,-322.73,+0.00
Roll,+2011.19,+27.94,+335.12
QUA,+0.89,+0.10,+0.36,+0.26
Temperature,-102
ACC,-5.02,+1.90,+7.88
LIA,+1.80,-0.17,+0.07
GYR,-93.88,-33.62,-25.06
MAG,+8.00,+0.00,+0.00
GRV,+7.80,-325.61,+0.00
Roll,-34.50,+14.88,+326.44
QUA,+0.92,+0.01,+0.31,+0.27
Temperature,26
ACC,-3.54,+0.59,+8.62
LIA,+1.53,+0.21,+0.24
GYR,-72.25,-33.62,-25.75
MAG,+0.00,+0.00,+0.00
GRV,+8.38,+0.38,+0.00
Roll,-30.81,+1.75,+327.12
QUA,+0.93,-0.06,+0.26,+0.27
Temperature,26
ACC,-2.89,-1.11,+9.75
LIA,+1.46,+0.14,+1.06
GYR,-59.75,-37.94,-18.62
MAG,+0.00,+0.00,+0.00
GRV,+8.69,+326.43,+0.00
Roll,-25.94,-8.88,+327.81
QUA,+0.93,-0.13,+0.20,+0.27
Temperature,26
ACC,-2.91,-2.97,+9.38
LIA,+0.29,-0.07,+0.58
GYR,-52.94,-46.25,-28.19
MAG,+8.00,+0.00,+0.00
GRV,+10.08,-2.90,+0.00
Roll,-18.50,-18.75,+328.88
QUA,+0.95,-0.19,+0.12,+0.26
Temperature,26
ACC,-1.72,-4.16,+8.81
LIA,+1.46,+0.13,+0.20
GYR,-48.62,-45.69,-39.38
MAG,+0.00,+0.00,+0.00
GRV,+8.60,-3.01,+0.00
Roll,-10.69,-27.06,+331.31
QUA,+0.95,-0.25,+0.04,+0.24
Temperature,26
ACC,-0.47,-5.09,+8.92
LIA,+1.38,+0.13,+0.64
GYR,-31.25,-45.00,-38.31
MAG,+0.00,+0.00,+0.00
GRV,+9.55,-5.23,+0.00
Roll,-2.81,-32.56,+335.00
QUA,+0.94,-0.28,-0.04,+0.21
Temperature,26
ACC,+0.87,+320.51,+7.81
LIA,+1.38,+0.16,+0.31
GYR,-49.56,-46.31,-39.44
MAG,+0.00,+0.00,+0.00
GRV,-320.07,-7.39,+0.00
Roll,-2042.62,+2001.25,+338.56
QUA,+0.92,-0.32,-0.12,+0.17
Temperature,-102
ACC,+2.21,-6.69,+7.31
LIA,+0.02,+0.12,+0.61
GYR,-41.62,-30.31,-33.38
MAG,+0.00,+0.00,+0.00
GRV,+6.69,-6.82,+0.00
Roll,+13.25,-45.88,+342.25
QUA,+0.90,-0.36,-0.18,+0.14
Temperature,-102
ACC,+3.22,-7.54,+6.05
LIA,+0.03,-0.18,+0.42
GYR,-47.69,-27.00,-32.81
MAG,+8.00,+0.00,+0.00
GRV,+6.91,-7.36,+0.00
Roll,+19.38,-53.06,+118.44
QUA,+0.89,-0.40,-0.24,+0.11
Temperature,26
ACC,+3.70,-7.07,+4.83
LIA,-0.32,+0.54,+0.14
GYR,-41.38,-12.81,-33.50
MAG,+8.00,+0.00,+0.00
GRV,-323.00,+320.07,+0.00
Roll,+24.19,-58.38,+122.75
QUA,+0.86,-0.43,-0.28,+0.07
Temperature,-102
ACC,+4.74,-7.39,+4.32
LIA,+0.04,+0.17,+0.23
GYR,-18.94,+2040.50,-19.69
MAG,+0.00,+0.00,+0.00
GRV,+4.08,-7.57,+0.00
Roll,+28.94,-61.75,+111.31
QUA,+0.84,-0.45,-0.31,+0.03
Temperature,-102
ACC,+5.23,-7.04,+4.12
LIA,-0.08,+0.29,+0.39
GYR,-13.81,-13.00,-30.50
MAG,+0.00,+0.00,+0.00
GRV,+3.72,+320.34,+0.00
Roll,+32.81,-63.06,+108.06
QUA,+0.84,-0.45,-0.33,-0.00
Temperature,26
ACC,+5.73,-6.84,+2.29
LIA,-0.38,+0.24,-0.65
GYR,-13.44,-13.62,-32.56
MAG,+8.00,+0.00,+0.00
GRV,+4.41,+320.61,+0.00
Roll,+37.88,-74.06,-1936.62
QUA,+0.81,-0.46,-0.36,-0.03
Temperature,26
ACC,+6.42,-6.32,+2.77
LIA,-0.19,+0.42,+0.14
GYR,-17.50,-27.62,-29.25
MAG,+0.00,+0.00,+0.00
GRV,+3.90,-6.74,+0.00
Roll,+42.81,-69.06,+7.88
QUA,+0.79,-0.46,-0.40,-0.05
Temperature,-102
ACC,+7.15,-6.01,+2.02
LIA,-0.06,+0.30,+0.00
GYR,-8.31,-29.06,-31.75
MAG,+8.00,+0.00,+0.00
GRV,-325.66,+320.09,+0.00
Roll,+39.38,-72.19,+100.31
QUA,+0.77,-0.46,-0.44,-0.07
Temperature,-102
ACC,+7.15,-5.28,+1.38
LIA,-0.39,+0.41,-0.31
GYR,-4.38,-12.81,-16.94
MAG,+0.00,+0.00,+0.00
GRV,+1.58,-7.18,+0.00
Roll,+51.38,-74.94,+110.88
QUA,+0.76,-0.45,-0.47,-0.09
Temperature,-102
ACC,+9.23,-5.80,+0.84
LIA,-0.01,+0.03,-0.16
GYR,-16.12,-10.94,-10.88
MAG,+8.00,+0.00,+0.00
GRV,-326.50,-6.99,+0.00
Roll,+53.50,+1969.75,+105.19
QUA,+0.74,-0.46,-0.48,-0.10
Temperature,-102
ACC,+9.26,-5.46,+0.82
LIA,-0.07,+0.05,-0.06
GYR,+2043.25,-5.00,-13.62
MAG,+0.00,+0.00,+0.00
GRV,+0.88,-5.52,+0.00
Roll,-1992.81,-80.81,+107.25
QUA,+0.73,-0.46,-0.49,-0.11
Temperature,26
ACC,+7.90,-5.10,+0.85
LIA,-0.29,+0.23,+0.27
GYR,-1.38,-15.31,-4.81
MAG,+8.00,+0.00,+0.00
GRV,+0.58,-6.61,+0.00
Roll,+48.81,-83.69,+108.31
QUA,+0.72,-0.46,-0.51,-0.12
Temperature,26
ACC,+9.41,-4.95,+0.22
LIA,-0.30,+0.53,-0.01
GYR,+0.56,-5.81,-6.56
MAG,+0.00,+0.00,+0.00
GRV,+0.36,-5.19,+0.00
Roll,+57.94,-93.94,-1939.62
QUA,+0.72,-0.46,-0.52,-0.12
Temperature,26
ACC,+7.92,-4.36,-325.70
LIA,-0.34,+0.45,+0.46
GYR,+11.25,+7.50,-0.50
MAG,+0.00,+0.00,+0.00
GRV,+1.68,-5.12,+0.00
Roll,+58.38,+1962.56,+108.81
QUA,+0.71,-0.45,-0.52,-0.12
Temperature,-102
ACC,+9.29,-4.52,+0.44
LIA,-0.38,+0.68,+0.14
GYR,-16.75,+1.75,-2.50
MAG,+0.00,+0.00,+0.00
GRV,+0.34,-5.11,+0.00
Roll,+50.44,+1961.94,+110.12
QUA,+0.71,-0.46,-0.52,-0.13
Temperature,26
ACC,+9.40,-5.03,+0.21
LIA,-0.14,+0.09,-0.01
GYR,-14.94,-2.00,-2.88
MAG,+0.00,+0.00,+0.00
GRV,+0.10,-5.12,+0.00
Roll,+58.44,-88.81,+120.31
QUA,+0.70,-0.48,-0.52,-0.14
Temperature,26
ACC,+8.11,-5.30,+0.24
LIA,-0.28,-0.06,+0.39
GYR,+2.38,-1.75,-1.25
MAG,+8.00,+0.00,+0.00
GRV,-0.04,-5.10,+0.00
Roll,+58.62,-90.50,+121.50
QUA,+0.70,+1.52,-0.52,-0.14
Temperature,-102
ACC,+9.47,-6.67,-0.55
LIA,-0.07,-0.46,-0.48
GYR,+4.12,-9.81,+8.44
MAG,+0.00,+0.00,+0.00
GRV,-0.07,-5.12,+0.00
Roll,+58.44,-90.81,+120.38
QUA,+0.69,+1.52,-0.52,-0.14
Temperature,26
ACC,+7.67,-4.77,+0.15
LIA,-0.64,+0.39,+0.07
GYR,+5.75,-8.12,+3.56
MAG,+0.00,+0.00,+0.00
GRV,-0.04,-5.19,+0.00
Roll,+58.00,-90.44,-1937.31
QUA,-1.31,-0.48,-0.52,-0.13
Temperature,-102
ACC,+9.18,-5.55,-0.24
LIA,-0.33,-0.24,-0.11
GYR,+8.25,-14.44,+6.06
MAG,+8.00,+0.00,+0.00
GRV,-0.13,-5.32,+0.00
Roll,+57.12,-91.44,+107.81
QUA,+0.69,+1.53,+1.47,-0.10
Temperature,26
ACC,+9.18,-5.44,-0.28
LIA,-0.19,-0.14,-0.18
GYR,+16.81,-11.69,+1.19
MAG,+0.00,+0.00,+0.00
GRV,-0.22,-5.43,+0.00
Roll,+56.25,-92.31,+104.31
QUA,-1.31,-0.47,-0.53,-0.08
Temperature,-102
ACC,+9.18,-6.85,-0.33
LIA,-0.18,-0.04,-0.26
GYR,+27.00,-9.56,+1.31
MAG,+8.00,+0.00,+0.00
GRV,-0.15,-5.48,+0.00
Roll,+55.94,-91.62,+100.62
QUA,+0.70,-0.45,+1.45,-0.07
Temperature,-102
ACC,+8.11,-6.82,-0.48
LIA,+1.29,-0.03,-0.44
GYR,+30.94,-7.19,-0.62
MAG,+0.00,+0.00,+0.00
GRV,-0.01,-5.51,+0.00
Roll,+55.75,-90.19,+96.50
QUA,+0.71,-0.43,-0.56,-0.04
Temperature,26
ACC,+7.88,-5.05,-0.42
LIA,-0.22,+0.46,-0.61
GYR,+25.81,+4.19,+2.94
MAG,+0.00,+0.00,+0.00
GRV,+0.22,-5.51,+0.00
Roll,+55.69,-87.62,+93.94
QUA,+0.71,-0.42,-0.56,-0.02
Temperature,-102
ACC,+8.96,-6.55,+1.37
LIA,-0.29,+0.28,-0.40
GYR,+12.06,-0.38,+5.44
MAG,+0.00,+0.00,+0.00
GRV,+1.70,-6.86,+0.00
Roll,+55.12,-93.69,+91.75
QUA,+0.73,-0.40,-0.56,-0.01
Temperature,-102
ACC,+7.96,-6.72,+0.61
LIA,-0.03,+0.22,+0.26
GYR,+2042.31,-2.19,-0.69
MAG,+0.00,+0.00,+0.00
GRV,+1.74,-5.66,+0.00
Roll,-1993.44,+1962.69,+90.75
QUA,+0.73,-0.40,-0.56,-0.00
Temperature,26
ACC,+8.19,+322.68,+0.19
LIA,+1.57,+0.48,-0.37
GYR,+2.56,-4.69,+1.00
MAG,+0.00,+0.00,+0.00
GRV,+0.46,-5.65,+0.00
Roll,-1993.38,+1962.81,+89.94
QUA,+0.73,-0.40,-0.56,+0.00
Temperature,-102
ACC,+8.22,-5.56,+1.72
LIA,+0.34,+0.15,-0.05
GYR,+4.75,+0.94,+4.19
MAG,+0.00,+0.00,+0.00
GRV,+0.55,-7.00,+0.00
Roll,+54.06,+1955.56,+88.62
QUA,+0.73,-0.39,-0.56,+0.01
Temperature,-102
ACC,+9.21,-6.95,+1.40
LIA,+0.10,+0.05,+0.70
GYR,+7.31,+12.94,+14.69
MAG,+0.00,+0.00,+0.00
GRV,+2.12,-7.12,+0.00
Roll,+52.94,-89.69,+87.38
QUA,+0.74,-0.39,-0.55,+0.02
Temperature,26
ACC,+9.03,+321.56,+1.41
LIA,+1.47,+0.08,+0.21
GYR,+5.62,+12.25,+21.62
MAG,+0.00,+0.00,+0.00
GRV,+1.22,-6.15,+0.00
Roll,+50.19,+1969.25,+93.00
QUA,-1.25,+1.60,-0.53,+0.03
Temperature,-102
ACC,+7.56,+320.31,+1.56
LIA,+0.31,+0.34,+0.12
GYR,+6.75,+12.44,+24.56
MAG,+8.00,+0.00,+0.00
GRV,+1.48,-6.48,+0.00
Roll,+47.25,+1970.88,+91.12
QUA,+0.77,-0.41,-0.51,+0.05
Temperature,26
ACC,-320.25,-6.73,+1.77
LIA,+0.38,+0.11,+0.27
GYR,+20.31,+21.25,+18.19
MAG,+0.00,+0.00,+0.00
GRV,+1.85,-6.76,+0.00
Roll,+36.31,-74.62,-1697.00
QUA,+0.77,-0.41,-0.48,+0.06
Temperature,-102
ACC,+6.97,-6.95,+2.65
LIA,+1.68,+0.05,+0.55
GYR,+5.69,+23.31,+4.88
MAG,+8.00,+0.00,+0.00
GRV,+2.33,-6.89,+0.00
Roll,+42.06,+1976.75,+350.50
QUA,+0.79,-0.41,-0.46,+0.06
Temperature,26
ACC,+6.41,-7.25,+3.36
LIA,+1.39,-0.40,+0.26
GYR,+43.56,+34.06,+6.50
MAG,+0.00,+0.00,+0.00
GRV,+4.38,-6.84,+0.00
Roll,+39.94,-65.62,-1697.81
QUA,+0.81,-0.39,-0.43,+0.07
Temperature,26
ACC,+5.73,-6.51,+4.34
LIA,-0.10,+0.17,+0.19
GYR,+41.75,+45.12,+3.94
MAG,+8.00,+0.00,+0.00
GRV,+4.14,-6.69,+0.00
Roll,+36.56,-58.25,+350.19
QUA,+0.84,-0.37,-0.38,+0.07
Temperature,-102
ACC,+6.64,-6.79,+5.28
LIA,-0.04,-0.32,+0.26
GYR,+31.44,+39.75,+2.69
MAG,+0.00,+0.00,+0.00
GRV,-322.67,-6.46,+0.00
Roll,+33.44,-52.19,+350.81
QUA,+0.87,-0.35,-0.34,+0.07
Temperature,26
ACC,+4.75,-6.03,+5.97
LIA,-0.16,+0.07,+0.07
GYR,+30.50,+42.31,+4.56
MAG,+0.00,+0.00,+0.00
GRV,+5.92,+320.30,+0.00
Roll,+29.81,-45.81,-1696.50
QUA,+0.90,-0.32,-0.30,+0.07
Temperature,-102
ACC,+4.03,-5.77,+6.73
LIA,-0.06,-0.13,-0.02
GYR,+44.38,+53.00,+4.38
MAG,+0.00,+0.00,+0.00
GRV,+6.95,-6.88,+0.00
Roll,+16.44,-38.88,-1696.25
QUA,+0.93,-0.29,-0.24,+0.07
Temperature,26
ACC,+3.45,-5.55,+6.82
LIA,+0.29,-0.59,-1.02
GYR,+29.38,+53.12,-0.25
MAG,+0.00,+0.00,+0.00
GRV,+7.85,+322.73,+0.00
Roll,+18.75,-32.19,+360.44
QUA,+0.95,-0.25,-0.18,+0.06
Temperature,26
ACC,+1.79,-4.24,+8.34
LIA,-0.08,-0.15,-0.37
GYR,+40.50,+70.06,-1.62
MAG,+0.00,+0.00,+0.00
GRV,-318.97,-4.08,+0.00
Roll,+11.00,-25.12,+362.12
QUA,+0.98,-0.21,-0.10,+0.05
Temperature,-102
ACC,+1.53,-3.79,+9.67
LIA,-0.10,-0.34,+0.50
GYR,+17.25,+62.62,+0.38
MAG,+8.00,+0.00,+0.00
GRV,+9.17,+322.95,+0.00
Roll,+1.56,-20.50,+355.81
QUA,+0.98,-0.18,-0.02,+0.04
Temperature,26
ACC,-1.08,-3.63,+9.41
LIA,-0.28,-0.29,+0.22
GYR,+14.44,+61.69,-2.00
MAG,+0.00,+0.00,+0.00
GRV,+9.18,+324.34,+0.00
Roll,-5.19,-19.88,+357.44
QUA,+0.98,-0.17,+0.04,+0.02
Temperature,26
ACC,-2.23,-3.32,+9.03
LIA,-0.25,+0.16,+0.09
GYR,-20.62,+48.12,+5.94
MAG,+8.00,+0.00,+0.00
GRV,+10.22,-3.49,+0.00
Roll,-11.69,-21.31,+366.19
QUA,+0.98,-0.19,+0.10,+0.02
Temperature,26
ACC,-2.65,-4.01,+8.12
LIA,+1.54,-0.23,-0.44
GYR,-23.62,+30.69,+9.62
MAG,+8.00,+0.00,+0.00
GRV,-319.12,-3.78,+0.00
Roll,-17.62,-24.06,+357.25
QUA,+0.97,-0.20,+0.15,+0.02
Temperature,26
ACC,-4.31,-3.73,+8.83
LIA,-0.44,+0.14,+0.69
GYR,-10.19,+38.06,-2043.62
MAG,+0.00,+0.00,+0.00
GRV,+8.13,-2.59,+0.00
Roll,-23.56,-25.56,+356.19
QUA,+0.96,-0.21,+0.20,+0.03
Temperature,-102
ACC,-4.35,-3.95,+7.64
LIA,+0.25,-0.02,-0.06
GYR,-9.94,+23.19,+23.94
MAG,+0.00,+0.00,+0.00
GRV,+8.99,-3.93,+0.00
Roll,-28.31,-27.06,+354.00
QUA,+0.94,-0.22,+0.24,+0.05
Temperature,-102
ACC,-5.06,-4.23,+7.68
LIA,+1.39,-0.26,+0.37
GYR,-17.56,+21.81,+22.06
MAG,+0.00,+0.00,+0.00
GRV,-320.37,-3.97,+0.00
Roll,+2016.12,-28.50,+351.12
QUA,+0.93,-0.24,+0.27,+0.07
Temperature,26
ACC,-5.59,-4.06,+7.14
LIA,+1.42,-0.17,+0.21
GYR,-16.81,+12.62,+30.12
MAG,+0.00,+0.00,+0.00
GRV,+6.93,-3.88,+0.00
Roll,-43.81,-29.25,+347.38
QUA,+0.92,-0.25,+0.29,+0.10
Temperature,-102
ACC,-5.94,-4.09,+6.58
LIA,+0.29,-0.42,-0.02
GYR,-15.69,+11.94,+29.56
MAG,+8.00,+0.00,+0.00
GRV,+6.61,+324.02,+0.00
Roll,-39.75,-29.00,+342.94
QUA,+0.90,-0.25,+0.32,+0.14
Temperature,26
ACC,-6.42,-3.90,+6.21
LIA,+1.60,-0.37,+0.04
GYR,-15.25,+22.38,+22.25
MAG,+8.00,+0.00,+0.00
GRV,-320.23,-3.52,+0.00
Roll,-43.75,-29.75,+339.44
QUA,+0.89,-0.26,+0.34,+0.16
Temperature,26
ACC,-6.24,-2.79,+6.92
LIA,-0.20,+0.56,+1.33
GYR,-15.19,+34.69,+29.62
MAG,+8.00,+0.00,+0.00
GRV,+5.58,-3.35,+0.00
Roll,-48.75,-30.94,+246.50
QUA,+0.87,-0.27,+0.38,+0.18
Temperature,26
ACC,-7.81,-3.17,+5.57
LIA,+1.40,-0.24,+0.62
GYR,-2.44,+31.12,+37.38
MAG,+8.00,+0.00,+0.00
GRV,-322.73,-2.93,+0.00
Roll,-54.50,-30.38,+242.81
QUA,+0.84,-0.28,+0.42,+0.20
Temperature,26
ACC,-8.20,-2.26,+4.46
LIA,+1.52,+0.23,+0.17
GYR,+4.56,+41.75,+30.56
MAG,+0.00,+0.00,+0.00
GRV,+4.29,-2.50,+0.00
Roll,-60.06,-30.12,+239.94
QUA,+0.82,-0.28,+0.46,+0.22
Temperature,26
ACC,-9.02,-1.53,+4.26
LIA,+1.29,+0.15,+0.85
GYR,+11.12,+38.38,+37.94
MAG,+8.00,+0.00,+0.00
GRV,+4.68,-1.68,+0.00
Roll,-67.62,-25.69,+236.50
QUA,+0.79,-0.26,+0.51,+0.24
Temperature,26
ACC,-8.31,-0.82,+2.36
LIA,+2.48,-0.17,+0.12
GYR,+47.12,+71.62,+16.69
MAG,+0.00,+0.00,+0.00
GRV,+2.24,-0.65,+0.00
Roll,-76.94,-15.81,+235.94
QUA,+0.75,-0.22,+0.59,+0.23
Temperature,26
ACC,-9.09,-0.03,+1.26
LIA,+0.71,-0.30,+1.14
GYR,+48.81,+105.75,+40.38
MAG,+0.00,+0.00,+0.00
GRV,+0.12,+1.55,+0.00
Roll,-88.00,+178.00,+236.94
QUA,+0.68,-0.18,+0.69,+0.20
Temperature,-102
ACC,-9.83,+1.14,-1.54
LIA,-0.21,+0.59,+0.29
GYR,+43.50,+69.06,+32.94
MAG,+0.00,+0.00,+0.00
GRV,-1.83,+1.83,+0.00
Roll,-78.69,+163.12,+243.81
QUA,+0.62,-0.13,+0.76,+0.14
Temperature,26
ACC,+318.86,+0.63,-1.33
LIA,+0.25,-0.45,+2.20
GYR,+15.94,+88.12,+30.25
MAG,+0.00,+0.00,+0.00
GRV,+324.14,-326.59,+0.00
Roll,-67.75,+170.81,+251.56
QUA,+0.54,-0.09,+0.82,+0.13
Temperature,-102
ACC,-7.66,+0.67,-3.65
LIA,+2.07,-0.26,+1.21
GYR,+26.94,+45.25,+11.00
MAG,+0.00,+0.00,+0.00
GRV,+322.82,+2.22,+0.00
Roll,-59.62,+169.00,+251.19
QUA,+0.49,-0.04,+0.87,+0.08
Temperature,-102
ACC,-6.64,+0.32,-7.48
LIA,+1.38,-0.39,-1.90
GYR,+13.00,+52.50,+4.94
MAG,+8.00,+0.00,+0.00
GRV,-6.86,+2.00,+0.00
Roll,-62.94,+172.56,+266.44
QUA,+0.47,-0.01,+0.89,+0.04
Temperature,26
ACC,-6.57,+2.04,-6.28
LIA,+0.84,-0.04,-0.03
GYR,+67.00,+42.44,+22.38
MAG,+0.00,+0.00,+0.00
GRV,+321.49,+0.58,+0.00
Roll,-50.56,-1873.38,+264.31
QUA,+0.43,+0.03,+0.90,+0.02
Temperature,-102
ACC,-6.26,+0.39,-6.15
LIA,+1.91,+0.29,+0.93
GYR,+45.88,+84.75,+5.69
MAG,+0.00,+0.00,+0.00
GRV,-7.27,+0.08,+0.00
Roll,-42.06,+187.31,-2040.44
QUA,+0.35,+0.06,+0.93,-0.02
Temperature,26
ACC,-5.58,+326.79,-5.89
LIA,+0.60,-0.30,+0.03
GYR,+42.81,+63.06,+53.19
MAG,+8.00,+0.00,+0.00
GRV,-7.84,-0.45,+0.00
Roll,-36.69,-176.62,+11.88
QUA,+0.31,+0.10,+0.94,-0.06
Temperature,-102
ACC,-3.46,-2.08,-7.96
LIA,+0.51,+327.00,+0.18
GYR,+70.44,+12.31,+28.50
MAG,+0.00,+0.00,+0.00
GRV,-8.15,-0.11,+0.00
Roll,-32.38,-170.25,+18.06
QUA,+0.26,+0.15,+0.94,-0.12
Temperature,26
ACC,-2.47,-1.83,-9.33
LIA,+1.90,+0.53,-0.88
GYR,+51.00,+58.44,-18.06
MAG,+8.00,+0.00,+0.00
GRV,-8.44,+325.31,+0.00
Roll,-26.50,-164.25,+30.38
QUA,+0.20,+0.19,+0.95,-0.17
Temperature,-102
ACC,-2.21,-2.91,-8.41
LIA,+1.84,+0.26,+0.43
GYR,+40.56,+81.25,-11.12
MAG,+8.00,+0.00,+0.00
GRV,-8.85,-3.18,+0.00
Roll,-15.69,-159.88,+24.31
QUA,+0.10,+0.21,+0.95,-0.19
Temperature,26
ACC,-0.26,-4.68,-8.73
LIA,+1.55,-0.74,+0.23
GYR,+49.44,+95.62,-7.12
MAG,+8.00,+0.00,+0.00
GRV,-8.96,-3.94,+0.00
Roll,-2.31,-155.81,+27.56
QUA,+0.03,-0.23,-0.95,+0.21
Temperature,26
ACC,+1.43,-5.47,-8.90
LIA,+0.46,-0.99,-0.23
GYR,+11.38,+49.31,+19.25
MAG,+0.00,+0.00,+0.00
GRV,-8.67,-4.47,+0.00
Roll,+5.62,-152.69,+30.56
QUA,+0.12,-0.26,-0.94,+0.21
Temperature,-102
ACC,+2.34,-5.36,-7.89
LIA,+1.61,-0.45,+0.34
GYR,+11.88,+63.88,+21.44
MAG,+8.00,+0.00,+0.00
GRV,-8.24,-4.91,+0.00
Roll,+3.81,+1898.81,+35.19
QUA,+0.19,-0.29,-0.91,+0.22
Temperature,26
ACC,+4.75,-5.57,-7.40
LIA,+1.51,-0.06,+0.02
GYR,+29.69,+90.38,-2.56
MAG,+0.00,+0.00,+0.00
GRV,-7.43,-6.79,+0.00
Roll,+20.00,-142.94,+39.44
QUA,+0.27,-0.32,-0.88,+0.22
Temperature,-102
ACC,+5.10,-6.47,-6.11
LIA,+1.57,-0.52,+0.07
GYR,+18.19,+75.44,-8.00
MAG,+0.00,+0.00,+0.00
GRV,-6.22,+320.41,+0.00
Roll,-2027.88,-136.06,+42.31
QUA,+0.37,-0.33,-0.84,+0.22
Temperature,26
ACC,+6.18,-6.21,-4.92
LIA,-0.07,-0.29,+0.06
GYR,+31.12,+91.38,-34.56
MAG,+8.00,+0.00,+0.00
GRV,-3.47,-6.97,+0.00
Roll,+32.81,-137.81,+41.25
QUA,+0.48,-0.30,-0.80,+0.18
Temperature,26
ACC,+9.62,-5.17,-2.10
LIA,+0.59,+0.05,+0.85
GYR,+22.44,+69.62,-56.81
MAG,+0.00,+0.00,+0.00
GRV,-2.96,-6.50,+0.00
Roll,+52.19,+1920.50,+59.25
QUA,+0.58,-0.25,-0.76,+0.15
Temperature,26
ACC,+9.13,-4.70,-1.12
LIA,+1.83,-0.34,+0.75
GYR,+29.19,+27.31,-49.06
MAG,+0.00,+0.00,+0.00
GRV,-1.88,-4.35,+0.00
Roll,+53.00,-113.38,+64.88
QUA,+0.62,-0.19,-0.75,+0.14
Temperature,-102
ACC,+9.61,-3.64,-0.36
LIA,+1.82,-0.01,+0.50
GYR,+24.56,+33.38,-17.19
MAG,+0.00,+0.00,+0.00
GRV,+326.81,-4.90,+0.00
Roll,+67.62,-111.56,+78.06
QUA,+0.67,-0.15,-0.72,+0.12
Temperature,-102
ACC,+10.00,-2.96,+0.64
LIA,+1.97,+0.12,+0.40
GYR,+23.69,+43.00,-30.38
MAG,+0.00,+0.00,+0.00
GRV,+0.23,-3.08,+0.00
Roll,+71.81,-84.12,+72.81
QUA,+0.72,-0.11,-0.69,+0.11
Temperature,-102
ACC,+9.66,-2.33,+1.36
LIA,+1.54,+0.17,+0.17
GYR,-0.50,+36.31,-19.62
MAG,+8.00,+0.00,+0.00
GRV,+2.46,+325.17,+0.00
Roll,+73.50,-72.69,+76.69
QUA,+0.75,-0.10,-0.65,+0.08
Temperature,26
ACC,+9.41,-1.99,+2.16
LIA,-0.03,-0.12,+0.34
GYR,+7.88,+20.81,-26.75
MAG,+0.00,+0.00,+0.00
GRV,+1.82,-1.87,+0.00
Roll,+66.50,+2002.25,+80.69
QUA,+0.78,-0.07,-0.63,+0.06
Temperature,-102
ACC,+9.56,-1.30,+2.46
LIA,+0.20,-0.16,+0.18
GYR,+12.88,+17.31,-15.75
MAG,+8.00,+0.00,+0.00
GRV,+2.38,-2.40,+0.00
Roll,+66.38,-25.31,+91.06
QUA,+0.80,-0.03,-0.61,+0.05
Temperature,26
ACC,+9.30,-0.75,+2.72
LIA,-0.06,-0.04,-0.06
GYR,+5.62,+17.81,-0.38
MAG,+0.00,+0.00,+0.00
GRV,+4.07,+325.70,+0.00
Roll,+64.88,-14.06,+91.06
QUA,+0.80,-0.01,-0.60,+0.05
Temperature,26
ACC,+9.38,-0.50,+2.74
LIA,+1.34,+0.21,-0.21
GYR,+20.81,-4.81,+2.81
MAG,+0.00,+0.00,+0.00
GRV,+2.96,+326.96,+0.00
Roll,+71.81,-13.75,+90.88
QUA,+0.80,-0.01,-0.59,+0.05
Temperature,-102
ACC,+8.50,-0.60,+2.51
LIA,-0.99,+1.75,-0.68
GYR,-44.94,+41.50,+23.62
MAG,+0.00,+0.00,+0.00
GRV,+3.05,-1.04,+0.00
Roll,+70.69,-18.88,-1969.50
QUA,+0.81,-0.01,-0.58,+0.08
Temperature,26
ACC,+8.97,-0.73,+2.86
LIA,-0.17,+1.76,-0.15
GYR,-3.69,-3.75,+18.12
MAG,+0.00,+0.00,+0.00
GRV,+4.29,-1.25,+0.00
Roll,-1977.50,-22.62,-1971.56
QUA,+0.80,-0.01,-0.59,+0.10
Temperature,-102
ACC,+9.24,-1.23,+3.23
LIA,+1.32,+0.38,+0.50
GYR,-1.50,-3.69,+7.25
MAG,+0.00,+0.00,+0.00
GRV,+4.08,-1.33,+0.00
Roll,+71.50,-25.44,-1971.81
QUA,+0.80,-0.01,-0.60,+0.10
Temperature,-102
ACC,+9.29,-1.47,+2.51
LIA,-0.13,-0.03,+0.08
GYR,+13.12,-15.31,+5.69
MAG,+0.00,+0.00,+0.00
GRV,+2.52,-1.38,+0.00
Roll,+72.88,-28.62,+75.44
QUA,+0.79,-0.01,-0.61,+0.10
Temperature,-102
ACC,+9.61,-2.24,+4.13
LIA,-0.35,+0.02,+0.16
GYR,+10.25,+11.88,+23.06
MAG,+0.00,+0.00,+0.00
GRV,+2.39,-1.78,+0.00
Roll,+72.25,-44.56,+72.94
QUA,+0.78,-0.03,-0.61,+0.12
Temperature,26
ACC,+9.62,-2.57,+3.22
LIA,+1.44,-0.45,+0.62
GYR,-27.62,+5.50,+12.88
MAG,+0.00,+0.00,+0.00
GRV,-325.43,-2.10,+0.00
Roll,+71.62,-43.06,+73.25
QUA,+0.78,-0.05,-0.62,+0.11
Temperature,26
ACC,+9.14,-2.21,+2.23
LIA,-0.12,+0.11,+0.03
GYR,-3.62,+0.00,+2.06
MAG,+0.00,+0.00,+0.00
GRV,-325.46,+325.40,+0.00
Roll,-1977.00,+2002.19,+73.00
QUA,+0.77,-0.06,-0.62,+0.12
Temperature,-102
ACC,+9.24,+325.54,+2.03
LIA,-0.05,+0.04,-0.16
GYR,-2.44,+0.88,+1.25
MAG,+0.00,+0.00,+0.00
GRV,-325.46,+325.43,+0.00
Roll,+71.12,+2002.75,+73.31
QUA,+0.78,-0.06,-0.62,+0.11
Temperature,-102
ACC,+9.23,-2.67,+2.46
LIA,-0.05,-0.27,+0.14
GYR,-4.50,+2.94,+3.88
MAG,+0.00,+0.00,+0.00
GRV,-325.42,-2.27,+0.00
Roll,-1977.19,+2002.88,+73.19
QUA,+0.78,-0.06,-0.62,+0.11
Temperature,26
ACC,+9.25,-2.40,+2.57
LIA,+0.00,-0.13,+0.26
GYR,-1.38,+1.88,+1.69
MAG,+0.00,+0.00,+0.00
GRV,+2.29,+325.38,+0.00
Roll,+70.62,+2002.88,+73.19
QUA,+0.78,-0.06,-0.62,+0.11
Temperature,26
ACC,+9.33,-2.55,+2.58
LIA,-0.11,-0.31,+0.78
GYR,+7.00,-5.50,+2.12
MAG,+8.00,+0.00,+0.00
GRV,-325.43,+325.39,+0.00
Roll,+70.81,+2002.62,+73.19
QUA,+0.78,-0.06,-0.62,+0.11
Temperature,-102
ACC,+9.74,-1.79,+2.13
LIA,+1.70,+0.64,-0.13
GYR,+9.00,-7.75,-9.75
MAG,+0.00,+0.00,+0.00
GRV,-325.40,-2.33,+0.00
Roll,+70.50,+2002.44,+73.12
QUA,+0.78,-0.06,-0.62,+0.11
Temperature,-102
ACC,+9.19,+325.17,+2.40
LIA,-0.10,-0.09,+0.12
GYR,-7.44,+0.38,+6.56
MAG,+0.00,+0.00,+0.00
GRV,-325.47,+325.37,+0.00
Roll,+70.88,-46.19,+72.81
QUA,+0.77,-0.06,-0.62,+0.12
Temperature,-102
ACC,+9.34,-2.36,+2.26
LIA,+0.07,+0.02,+0.19
GYR,+0.81,-0.88,-1.56
MAG,+0.00,+0.00,+0.00
GRV,+2.16,-2.34,+0.00
Roll,-1977.06,-47.25,+73.06
QUA,+0.77,-0.06,-0.62,+0.11
Temperature,26
ACC,+9.39,-2.29,-325.54
LIA,+0.14,+0.00,-0.04
GYR,-6.19,-2.56,-1.88
MAG,+0.00,+0.00,+0.00
GRV,+2.14,-2.36,+0.00
Roll,+71.00,-47.81,+73.50
QUA,-1.23,-0.07,-0.62,+0.11
Temperature,26
ACC,+9.27,+325.48,-325.61
LIA,-0.02,+0.15,+0.04
GYR,-0.31,-2.50,-1.69
MAG,+0.00,+0.00,+0.00
GRV,+2.02,-2.35,+0.00
Roll,+71.50,-49.25,+73.94
QUA,+0.77,+1.93,-0.63,-1.89
Temperature,-102
ACC,+9.32,+325.25,+2.08
LIA,+0.01,-0.08,+0.08
GYR,-1.38,-1.12,+1.38
MAG,+0.00,+0.00,+0.00
GRV,+1.99,-2.35,+0.00
Roll,+71.62,-57.62,+74.06
QUA,+0.78,-0.08,-0.63,-1.89
Temperature,26
ACC,+9.44,+325.28,+2.26
LIA,+1.38,-0.09,+0.17
GYR,+1.94,+0.31,+0.56
MAG,+8.00,+0.00,+0.00
GRV,+2.01,+325.33,+0.00
Roll,+71.56,-57.50,+74.00
QUA,+0.78,-0.07,-0.63,+0.11
Temperature,-102
ACC,+9.33,-2.56,+2.03
LIA,+0.13,+0.12,-0.03
GYR,-1.44,-0.88,+2.00
MAG,+0.00,+0.00,+0.00
GRV,-325.67,-2.38,+0.00
Roll,+71.44,-57.88,+73.81
QUA,+0.77,-0.07,-0.63,+0.11
Temperature,26
ACC,+9.27,+325.40,+1.99
LIA,+1.29,+0.11,-0.10
GYR,-3.12,+4.75,-0.50
MAG,+0.00,+0.00,+0.00
GRV,-325.67,-2.40,+0.00
Roll,-1976.69,-58.00,+73.56
QUA,+0.78,-0.07,-0.63,+0.11
Temperature,-102
ACC,+9.41,-2.37,+2.18
LIA,+1.32,-0.16,+0.16
GYR,+3.94,-2.88,-0.94
MAG,+0.00,+0.00,+0.00
GRV,+1.96,-2.35,+0.00
Roll,-1976.25,-50.06,+73.56
QUA,+0.77,-0.07,-0.63,+0.11
Temperature,-102
ACC,+9.38,+325.35,-325.58
LIA,+0.08,-0.01,+0.08
GYR,-1.38,-2.44,-0.12
MAG,+0.00,+0.00,+0.00
GRV,+1.91,-2.36,+0.00
Roll,-1976.12,-50.94,+73.44
QUA,+0.77,-0.07,-0.63,+0.11
Temperature,26
ACC,+9.59,+325.34,+2.01
LIA,+1.55,+0.02,+0.27
GYR,-2.81,-6.94,+1.81
MAG,+0.00,+0.00,+0.00
GRV,+1.74,-2.38,+0.00
Roll,+72.44,-61.81,+73.31
QUA,+0.76,-0.07,-0.64,+0.11
Temperature,26
ACC,+9.91,-4.15,-325.35
LIA,+1.78,-0.45,-0.16
GYR,-9.00,-34.31,+7.94
MAG,+0.00,+0.00,+0.00
GRV,+1.13,-2.43,+0.00
Roll,+66.06,-64.88,+73.12
QUA,+0.75,+1.93,-0.66,+0.11
Temperature,26
ACC,+11.84,+322.69,+326.86
LIA,+1.18,-0.24,+0.39
GYR,-19.69,-111.44,+17.12
MAG,+8.00,+0.00,+0.00
GRV,+326.60,-2.75,+0.00
Roll,+64.38,+1936.62,+78.88
QUA,+0.65,-0.09,-0.75,+0.11
Temperature,26
ACC,+9.32,-3.66,-4.38
LIA,+1.65,+0.00,+0.51
GYR,-53.38,-162.94,+46.25
MAG,+8.00,+0.00,+0.00
GRV,-4.89,+322.74,+0.00
Roll,+50.00,-144.38,+54.19
QUA,+0.46,-0.12,-0.86,+0.15
Temperature,26
ACC,+7.28,-4.29,-6.75
LIA,+1.28,-0.40,+0.91
GYR,-27.69,-176.75,+75.19
MAG,+8.00,+0.00,+0.00
GRV,-7.66,-3.88,+0.00
Roll,+26.94,-153.50,+20.00
QUA,+0.28,-0.16,-0.93,+0.16
Temperature,26
ACC,+2.28,-4.41,-9.26
LIA,+0.99,-1.13,-0.01
GYR,-57.75,-239.62,+32.19
MAG,+0.00,+0.00,+0.00
GRV,-7.96,+323.13,+0.00
Roll,-2.12,-161.06,+20.31
QUA,+0.01,-0.17,-0.97,+0.17
Temperature,26
ACC,-5.21,-2.31,-7.18
LIA,-1.19,-0.14,+0.77
GYR,-19.69,-256.19,+14.94
MAG,+8.00,+0.00,+0.00
GRV,-7.95,+326.79,+0.00
Roll,-35.12,-164.62,+15.69
QUA,+0.29,+0.13,+0.94,-0.16
Temperature,26
ACC,-8.41,-0.77,-3.23
LIA,+0.29,+0.06,+1.18
GYR,+1987.50,-169.50,+44.94
MAG,+0.00,+0.00,+0.00
GRV,-4.42,-0.84,+0.00
Roll,-64.31,-169.81,+296.00
QUA,+0.53,+0.12,+0.84,-0.12
Temperature,26
ACC,-10.17,+0.28,-0.79
LIA,-0.55,+0.26,+1.10
GYR,-37.75,-67.69,+34.06
MAG,+0.00,+0.00,+0.00
GRV,-1.89,+0.02,+0.00
Roll,-79.38,+177.19,+280.75
QUA,+0.64,+0.08,+0.77,-0.06
Temperature,26
ACC,-8.35,+0.27,-0.39
LIA,+1.41,-0.62,-0.30
GYR,-105.56,-99.00,+33.38
MAG,+8.00,+0.00,+0.00
GRV,-1.37,-326.79,+0.00
Roll,-92.75,+174.75,-1778.38
QUA,+0.72,+0.06,+0.70,+0.01
Temperature,-102
ACC,-8.77,+3.11,+2.47
LIA,+1.52,+0.57,-0.42
GYR,-0.88,-192.56,+74.88
MAG,+0.00,+0.00,+0.00
GRV,+2.90,+2.53,+0.00
Roll,-65.00,+39.44,+253.62
QUA,+0.81,+0.08,+0.57,+0.12
Temperature,26
ACC,-3.91,+5.42,+9.93
LIA,+3.96,+2.66,+3.21
GYR,+138.00,-219.94,-131.69
MAG,+8.00,+0.00,+0.00
GRV,+5.43,+2.76,+0.00
Roll,-40.88,+22.25,+365.06
QUA,+0.92,+0.15,+0.36,+0.02
Temperature,26
ACC,-3.69,+3.27,+8.72
LIA,+2.25,-0.21,+0.84
GYR,+12.62,-50.50,+9.88
MAG,+0.00,+0.00,+0.00
GRV,+7.88,+4.77,+0.00
Roll,-28.06,+23.94,+367.06
QUA,+0.95,+0.19,+0.25,+0.01
Temperature,-102
ACC,-3.56,+3.17,+8.45
LIA,+1.45,-0.68,+0.24
GYR,+5.25,-18.81,+11.94
MAG,+8.00,+0.00,+0.00
GRV,+8.20,+3.85,+0.00
Roll,-30.38,+25.12,+0.62
QUA,+0.97,+0.21,+0.20,-0.00
Temperature,26
ACC,-3.15,+3.61,+8.16
LIA,+1.56,-0.26,-0.15
GYR,+8.69,-18.19,-5.44
MAG,+8.00,+0.00,+0.00
GRV,+8.32,+3.87,+0.00
Roll,+2019.50,+24.94,+0.56
QUA,+0.96,+0.21,+0.18,-0.01
Temperature,26
ACC,-2.60,+4.80,+7.98
LIA,+1.63,-0.27,-0.47
GYR,-2.75,-34.81,+2.50
MAG,+8.00,+0.00,+0.00
GRV,+8.53,+3.84,+0.00
Roll,-17.38,+24.19,+0.75
QUA,+0.97,+0.20,+0.15,-0.01
Temperature,26
ACC,-1.88,+3.06,+8.16
LIA,+0.19,-0.57,+1.11
GYR,+82.19,-66.69,-64.75
MAG,+0.00,+0.00,+0.00
GRV,-319.10,+4.20,+0.00
Roll,+2035.12,+26.06,-2043.06
QUA,+0.97,+0.23,+0.10,-0.05
Temperature,-102
ACC,-0.82,+5.32,+7.30
LIA,+1.98,-0.31,-0.26
GYR,-7.94,-16.38,+13.69
MAG,+0.00,+0.00,+0.00
GRV,+7.82,+7.01,+0.00
Roll,-8.50,+36.25,+9.25
QUA,+0.95,+0.30,+0.05,-0.08
Temperature,26
ACC,+326.89,+5.21,+8.28
LIA,+1.31,-0.06,+0.08
GYR,+8.38,-29.38,+13.06
MAG,+0.00,+0.00,+0.00
GRV,+8.05,+6.80,+0.00
Roll,-5.00,+34.38,+8.25
QUA,+0.95,+0.30,+0.02,-0.07
Temperature,-102
ACC,-0.48,+5.30,+7.93
LIA,+1.56,-0.28,-0.08
GYR,+8.25,-13.88,-12.31
MAG,+0.00,+0.00,+0.00
GRV,+8.02,+5.60,+0.00
Roll,-11.69,+34.88,+9.25
QUA,+0.95,+0.30,+0.01,-0.08
Temperature,26
ACC,-0.31,+5.38,+7.64
LIA,+1.47,-0.32,-0.27
GYR,+1.81,-5.38,+1.00
MAG,+0.00,+0.00,+0.00
GRV,+7.93,+5.73,+0.00
Roll,-3.19,+35.81,+9.56
QUA,+0.95,+0.31,+0.00,-0.08
Temperature,26
ACC,-0.57,+5.34,+7.71
LIA,-0.08,-0.49,-0.31
GYR,+13.00,-2.12,+4.44
MAG,+0.00,+0.00,+0.00
GRV,+7.88,+7.08,+0.00
Roll,-10.69,+44.38,+9.38
QUA,+0.95,+0.31,-0.00,-0.08
Temperature,-102
ACC,-0.11,+6.79,+6.34
LIA,+1.61,-0.23,-0.14
GYR,-0.81,+4.50,+2.88
MAG,+0.00,+0.00,+0.00
GRV,+7.87,+7.11,+0.00
Roll,-10.25,-2003.50,+8.44
QUA,+0.95,+0.31,-0.00,-0.07
Temperature,26
ACC,-0.61,+6.56,-320.10
LIA,-0.29,-0.43,-0.31
GYR,-1.69,-1.69,+2.69
MAG,+0.00,+0.00,+0.00
GRV,+7.88,+5.82,+0.00
Roll,-10.06,-2003.62,+8.25
QUA,+0.95,+0.31,-0.00,-0.07
Temperature,26
ACC,-0.08,+5.72,+6.04
LIA,+1.51,-0.07,-0.59
GYR,+2.81,+3.06,+2.81
MAG,+0.00,+0.00,+0.00
GRV,+7.87,+7.11,+0.00
Roll,-10.00,+36.50,+15.62
QUA,+0.95,+0.31,-0.00,-0.06
