SWV ITM Data Console - ITM Port: 0
Temperature,24
ACC,-0.14,-0.05,+9.85
LIA,+1.35,+0.02,+0.05
GYR,+0.06,+0.00,+0.00
MAG,+0.00,+0.00,+0.00
GRV,+9.80,-0.07,+0.00
Roll,-1.25,-0.44,+356.94
QUA,+1.00,+1.99,+0.01,+0.02
Temperature,24
ACC,-0.16,-0.04,+9.84
LIA,+1.33,+0.02,+0.04
GYR,+0.00,+0.00,-0.06
MAG,+0.00,+0.00,+0.00
GRV,+9.80,-0.07,+0.00
Roll,-1.25,-0.44,+356.94
QUA,+1.00,-0.00,+0.01,+0.03
Temperature,-104
ACC,-0.17,-0.09,+9.86
LIA,+0.04,+0.00,+0.05
GYR,-0.50,-1.19,+0.06
MAG,+0.00,+0.00,+0.00
GRV,+9.80,-0.08,+0.00
Roll,-1.25,-0.50,-1683.06
QUA,-1.00,+2.00,+0.01,+0.02
Temperature,24
ACC,-0.15,-0.13,-317.85
LIA,+0.04,-0.02,+0.03
GYR,-1.31,-3.12,+0.12
MAG,+0.00,+0.00,+0.00
GRV,+9.80,-0.11,+0.00
Roll,-1.12,-0.62,+357.00
QUA,-1.00,-0.01,+0.01,+0.02
Temperature,24
ACC,-0.16,-0.10,-317.81
LIA,+1.31,+0.00,+0.06
GYR,-1.88,+0.88,+2.50
MAG,+0.00,+0.00,+0.00
GRV,+9.80,-0.10,+0.00
Roll,-1.19,-0.56,-1683.06
QUA,+1.00,+1.99,+0.01,+0.03
Temperature,24
ACC,-0.15,+0.00,+9.80
LIA,+0.09,+0.04,+0.00
GYR,+15.06,+1.50,+6.62
MAG,+0.00,+0.00,+0.00
GRV,+9.80,-0.02,+0.00
Roll,-1.44,-0.12,+356.31
QUA,-1.00,-0.01,-1.99,+0.03
Temperature,24
ACC,-0.24,+0.00,+8.62
LIA,-0.01,-0.04,+0.09
GYR,-2043.12,-10.12,+1.50
MAG,+0.00,+0.00,+0.00
GRV,+9.80,+0.05,+0.00
Roll,-1.31,+0.31,+356.00
QUA,+1.00,+0.00,+0.01,+0.03
Temperature,24
ACC,-0.21,+0.01,+9.78
LIA,-0.05,-0.12,-0.02
GYR,+14.19,-3.44,-5.25
MAG,+8.00,+0.00,+0.00
GRV,+9.80,+1.41,+0.00
Roll,-0.88,+0.81,+356.38
QUA,+1.00,+0.01,+0.01,+0.03
Temperature,24
ACC,-0.32,-0.02,+10.07
LIA,-0.10,-0.11,+0.27
GYR,-5.31,+5.38,-4.50
MAG,+0.00,+0.00,+0.00
GRV,-317.88,+0.09,+0.00
Roll,-1.25,+0.50,+356.88
QUA,+1.00,+0.00,+0.01,+0.03
Temperature,24
ACC,-0.29,-0.32,+10.01
LIA,-0.05,-0.30,+0.18
GYR,-9.44,+1.38,-9.69
MAG,+0.00,+0.00,+0.00
GRV,+9.80,-0.08,+0.00
Roll,-1.81,-0.44,-1682.62
QUA,+1.00,-0.01,+0.02,+0.02
Temperature,24
ACC,-0.25,-0.13,+9.99
LIA,-0.13,-0.04,+0.35
GYR,+3.94,-3.25,+1.88
MAG,+0.00,+0.00,+0.00
GRV,+9.80,-0.05,+0.00
Roll,-1.06,-0.31,-1690.50
QUA,+1.00,-0.00,+0.01,+0.02
Temperature,-104
ACC,-0.40,-0.21,-317.68
LIA,-0.22,-0.20,+0.19
GYR,-0.75,-2.75,+1.44
MAG,+0.00,+0.00,+0.00
GRV,+9.80,+0.00,+0.00
Roll,-1.00,+0.00,+365.25
QUA,-1.00,-0.00,+0.01,+0.02
Temperature,24
ACC,-0.02,-0.22,+11.56
LIA,+0.02,-0.19,+0.47
GYR,+8.56,-7.56,+0.00
MAG,+0.00,+0.00,+0.00
GRV,+9.80,-0.03,+0.00
Roll,-0.25,-0.12,-1691.06
QUA,+1.00,-0.00,+0.00,+0.02
Temperature,24
ACC,+1.75,+0.02,+8.69
LIA,+1.57,-0.12,+0.16
GYR,-10.00,-2033.38,-2.50
MAG,+0.00,+0.00,+0.00
GRV,+9.80,+0.12,+0.00
Roll,+0.88,+0.75,+357.62
QUA,-1.00,+0.01,-0.01,-1.97
Temperature,-104
ACC,-0.01,-0.13,+10.04
LIA,-0.12,-0.20,+1.51
GYR,-3.00,+0.62,-1.81
MAG,+8.00,+0.00,+0.00
GRV,+9.80,+0.07,+0.00
Roll,+0.62,+0.38,+357.75
QUA,-1.00,+0.00,-0.01,+0.02
Temperature,24
ACC,-0.05,-0.09,+10.07
LIA,-0.18,-0.15,+0.26
GYR,+2.12,-1.38,+1.06
MAG,+0.00,+0.00,+0.00
GRV,+9.80,+0.05,+0.00
Roll,+0.75,+0.31,+357.69
QUA,+1.00,+0.00,-0.01,+0.02
Temperature,24
ACC,-0.14,-0.10,+10.05
LIA,-0.27,-0.13,+0.25
GYR,-1.81,-4.19,-0.38
MAG,+0.00,+0.00,+0.00
GRV,+9.80,+0.02,+0.00
Roll,+0.75,+0.12,+357.44
QUA,+1.00,+0.00,+1.99,-1.98
Temperature,24
ACC,+0.18,+0.00,+10.01
LIA,+1.34,-0.04,+0.21
GYR,+8.81,+1.69,+0.44
MAG,+0.00,+0.00,+0.00
GRV,+9.80,+0.03,+0.00
Roll,+0.62,+0.19,+357.31
QUA,+1.00,+0.00,-0.01,+0.02
Temperature,24
ACC,+0.08,-0.07,+10.32
LIA,-0.04,-0.07,+0.52
GYR,+0.94,-1.44,+4.31
MAG,+0.00,+0.00,+0.00
GRV,+8.52,+0.00,+0.00
Roll,+0.69,+0.00,-1690.81
QUA,+1.00,+0.00,-0.01,+0.02
Temperature,24
ACC,+1.32,-0.06,+9.77
LIA,-0.03,+0.01,+0.02
GYR,-5.06,-2.75,-2.62
MAG,+0.00,+0.00,+0.00
GRV,+9.80,-0.02,+0.00
Roll,+0.75,-0.12,-1690.81
QUA,-1.00,-0.00,-0.01,+0.02
Temperature,24
ACC,+0.15,-1.40,-317.46
LIA,-0.01,+0.00,+0.42
GYR,-4.69,-0.62,-1.69
MAG,+8.00,+0.00,+0.00
GRV,+9.80,-0.12,+0.00
Roll,+0.94,-8.75,+357.56
QUA,-1.00,+1.99,-0.01,-1.98
Temperature,-104
ACC,+1.49,-0.25,+9.87
LIA,+0.07,-0.04,+1.34
GYR,-4.88,+1.06,-5.81
MAG,+0.00,+0.00,+0.00
GRV,+9.80,-0.21,+0.00
Roll,+0.81,-1.25,+358.00
QUA,+1.00,-0.01,+1.99,+0.02
Temperature,24
ACC,+0.15,-0.20,+10.16
LIA,+0.07,+0.00,+0.36
GYR,+3.12,+3.50,-2.94
MAG,+8.00,+0.00,+0.00
GRV,+9.80,-0.18,+0.00
Roll,+0.44,-1.06,+358.50
QUA,+1.00,-0.01,+2.00,+0.01
Temperature,24
ACC,+1.39,-0.19,+10.10
LIA,+1.35,-0.03,+0.29
GYR,+0.56,+1.50,-4.88
MAG,+8.00,+0.00,+0.00
GRV,+9.80,-1.43,+0.00
Roll,+0.19,-0.88,+359.12
QUA,+1.00,-0.01,-0.00,+0.01
Temperature,24
ACC,+0.00,-0.07,+9.94
LIA,-0.01,+0.00,+0.13
GYR,+12.56,+0.00,-5.50
MAG,+0.00,+0.00,+0.00
GRV,+9.80,-0.07,+0.00
Roll,+0.06,-0.44,+359.75
QUA,+1.00,-0.00,-0.00,+0.00
Temperature,-104
ACC,-0.10,-0.31,+9.76
LIA,-0.10,-0.30,-0.04
GYR,+8.75,+9.06,-0.12
MAG,+0.00,+0.00,+0.00
GRV,+9.80,+0.00,+0.00
Roll,-8.06,+8.00,+0.19
QUA,+1.00,+0.00,+0.00,-0.00
Temperature,24
ACC,-0.16,+0.00,-319.33
LIA,-0.09,-0.10,-0.16
GYR,-1.00,+0.38,-4.25
MAG,+8.00,+0.00,+0.00
GRV,+9.80,+0.10,+0.00
Roll,-0.38,+0.56,+0.56
QUA,+1.00,+0.01,+0.00,+1.99
Temperature,-104
ACC,-0.19,+0.02,+10.04
LIA,-0.15,-0.08,+1.51
GYR,+8.62,-10.38,-2.12
MAG,+0.00,+0.00,+0.00
GRV,+9.80,+0.10,+0.00
Roll,-0.19,+0.56,+1.00
QUA,+1.00,+0.01,+0.00,-0.01
Temperature,24
ACC,+0.09,+0.20,+10.22
LIA,+1.36,+0.06,+0.42
GYR,+8.56,-2.75,-0.62
MAG,+0.00,+0.00,+0.00
GRV,+9.80,+0.14,+0.00
Roll,+0.12,+0.81,+1.06
QUA,+1.00,+0.01,-0.00,-0.01
Temperature,24
ACC,+0.07,+0.02,+9.90
LIA,-0.01,-0.12,+0.10
GYR,-1.00,-0.94,+1.12
MAG,+0.00,+0.00,+0.00
GRV,-317.88,+0.15,+0.00
Roll,+0.50,+0.88,+1.31
QUA,+1.00,+0.01,-0.00,-0.01
Temperature,-104
ACC,+1.39,+0.05,+8.84
LIA,+1.36,+0.00,+0.42
GYR,+0.31,+1.50,-2.00
MAG,+0.00,+0.00,+0.00
GRV,+8.52,+0.14,+0.00
Roll,+0.56,+0.81,+1.62
QUA,+1.00,+0.01,-0.01,-0.01
Temperature,24
ACC,-0.13,+0.15,+8.53
LIA,-0.21,-0.07,+1.28
GYR,+3.62,-0.88,+3.56
MAG,+0.00,+0.00,+0.00
GRV,+9.80,+0.23,+0.00
Roll,+0.44,+1.31,+1.56
QUA,-1.00,-2.00,+2.00,+1.99
Temperature,24
ACC,-0.15,+1.59,-317.61
LIA,-0.17,+0.01,+0.27
GYR,+1.94,+6.06,-7.50
MAG,+0.00,+0.00,+0.00
GRV,+9.80,+0.30,+0.00
Roll,+0.06,+1.75,+1.19
QUA,-1.00,-1.98,-0.00,-0.00
Temperature,24
ACC,-0.20,+0.36,+10.22
LIA,-0.15,+0.01,+0.42
GYR,-0.81,+0.19,+2.06
MAG,+0.00,+0.00,+0.00
GRV,+9.80,+0.34,+0.00
Roll,-0.25,+2.00,+1.19
QUA,-1.00,+0.02,+0.00,-0.01
Temperature,24
ACC,+1.29,+0.55,+10.07
LIA,+0.13,+0.12,+0.27
GYR,+3.19,+3.12,-0.88
MAG,+0.00,+0.00,+0.00
GRV,-317.89,+1.70,+0.00
Roll,-0.69,+2.50,+0.94
QUA,+1.00,+0.02,+0.01,-0.01
Temperature,24
ACC,-0.34,+0.30,+9.76
LIA,-0.21,-0.24,-0.05
GYR,+4.62,+1.81,-1.44
MAG,+0.00,+0.00,+0.00
GRV,+9.79,+0.49,+0.00
Roll,-1.00,+2.88,+9.25
QUA,+1.00,+0.03,+0.01,-0.01
Temperature,-104
ACC,-0.28,+0.48,-317.72
LIA,-0.11,+0.03,+0.28
GYR,+1.69,+0.81,-1.12
MAG,+0.00,+0.00,+0.00
GRV,+9.79,+0.52,+0.00
Roll,-1.12,+3.06,+1.38
QUA,+1.00,+0.03,+0.01,-0.01
Temperature,24
ACC,-0.46,+1.84,+9.97
LIA,-0.20,+0.00,+0.19
GYR,+1.62,+3.06,-2.06
MAG,+0.00,+0.00,+0.00
GRV,+9.78,+0.57,+0.00
Roll,-1.50,+3.31,+1.75
QUA,+1.00,-1.98,+0.01,-0.02
Temperature,24
ACC,-0.26,+1.89,-318.93
LIA,+0.08,-1.29,+0.25
GYR,+2.06,+3.44,-4.31
MAG,+0.00,+0.00,+0.00
GRV,-317.91,+0.63,+0.00
Roll,-2.06,+3.69,+2.06
QUA,+1.00,+0.03,+0.02,-0.03
Temperature,-104
ACC,-0.60,+0.57,+9.74
LIA,-0.17,-0.08,-0.02
GYR,-0.38,+2.06,-10.56
MAG,+0.00,+0.00,+0.00
GRV,+9.77,+0.65,+0.00
Roll,-2.50,+3.81,+2.44
QUA,+1.00,+0.03,+0.02,-0.03
Temperature,24
ACC,-0.58,+0.57,+9.83
LIA,-0.10,-0.09,+0.06
GYR,+0.88,+1.25,-0.81
MAG,+8.00,+0.00,+0.00
GRV,+9.77,+0.66,+0.00
Roll,-2.75,+3.88,+2.62
QUA,+1.00,+0.03,+0.02,-0.02
Temperature,24
ACC,-0.63,+0.66,+9.89
LIA,-0.14,+0.00,+0.12
GYR,-0.38,-1.75,+0.38
MAG,+0.00,+0.00,+0.00
GRV,-317.91,+1.94,+0.00
Roll,-2.81,+3.88,+2.56
QUA,+1.00,+0.03,+0.02,-0.02
Temperature,24
ACC,-0.39,+0.66,+10.04
LIA,+1.30,+0.01,+0.19
GYR,+8.81,-1.62,-0.75
MAG,+0.00,+0.00,+0.00
GRV,-319.19,-327.02,+0.00
Roll,-2.56,+11.88,+2.50
QUA,+1.00,+0.03,+0.02,-0.02
Temperature,24
ACC,-0.49,+0.60,+9.77
LIA,-0.05,-0.01,+0.05
GYR,-1.50,-2.62,+1.44
MAG,+0.00,+0.00,+0.00
GRV,-319.19,+1.94,+0.00
Roll,-2.44,+3.88,+2.56
QUA,+1.00,+0.03,+0.02,-0.02
Temperature,24
ACC,-0.35,+0.59,-318.96
LIA,-0.03,-0.01,+0.36
GYR,-4.88,-4.19,-0.06
MAG,+0.00,+0.00,+0.00
GRV,+8.50,+0.61,+0.00
Roll,-1.94,+3.56,+2.44
QUA,+1.00,+0.03,+0.02,-0.02
Temperature,24
ACC,-0.18,+1.88,-319.04
LIA,+1.35,+0.00,+0.14
GYR,-1.19,-4.19,+0.50
MAG,+0.00,+0.00,+0.00
GRV,+9.78,+0.60,+0.00
Roll,-1.44,+11.50,+10.69
QUA,+1.00,+0.03,-2.00,-0.02
Temperature,24
ACC,-0.14,+0.54,+9.90
LIA,+0.01,-0.05,+1.39
GYR,-0.44,-4.31,-0.19
MAG,+0.00,+0.00,+0.00
GRV,+9.78,+0.60,+0.00
Roll,-0.88,+11.50,+2.69
QUA,+1.00,+0.03,-1.99,-0.02
Temperature,-104
ACC,-0.13,+0.58,+9.81
LIA,-0.08,-0.01,+1.30
GYR,+0.69,+2035.75,+0.69
MAG,+0.00,+0.00,+0.00
GRV,+9.78,+0.59,+0.00
Roll,-0.25,+3.44,+2.69
QUA,+1.00,+0.03,+0.00,-0.02
Temperature,24
ACC,-0.12,+0.48,+9.77
LIA,-0.13,-0.08,-0.01
GYR,-1.75,-3.50,-1.25
MAG,+0.00,+0.00,+0.00
GRV,+9.79,+0.56,+0.00
Roll,+0.06,+3.25,+2.88
QUA,+1.00,+0.03,-0.00,-0.03
Temperature,24
ACC,+1.39,+0.38,+10.27
LIA,-0.09,-0.18,+0.39
GYR,-3.56,-4.62,-0.25
MAG,+0.00,+0.00,+0.00
GRV,+9.79,+0.52,+0.00
Roll,+0.50,+3.06,+2.88
QUA,+1.00,+0.03,-0.01,-0.03
Temperature,24
ACC,-0.12,+0.38,-317.98
LIA,-0.24,-0.06,-0.06
GYR,-2.56,-5.00,-0.19
MAG,+0.00,+0.00,+0.00
GRV,+9.79,+0.46,+0.00
Roll,+0.94,+2.69,+10.94
QUA,-1.00,+0.02,-0.01,-0.03
Temperature,-104
ACC,+1.46,+0.54,+8.46
LIA,-0.09,+0.08,-1.32
GYR,-0.12,-3.75,+0.44
MAG,+0.00,+0.00,+0.00
GRV,+9.79,+0.46,+0.00
Roll,+1.62,+2.69,+2.81
QUA,+1.00,-1.98,+1.98,-0.02
Temperature,24
ACC,+1.63,+0.40,+8.75
LIA,-0.01,-0.03,+0.24
GYR,-1.50,-4.69,+5.38
MAG,+0.00,+0.00,+0.00
GRV,+9.78,+0.44,+0.00
Roll,+2.19,+2.56,+2.56
QUA,+1.00,-1.98,-0.03,+1.98
Temperature,-104
ACC,+0.29,+0.15,+9.78
LIA,-0.12,-0.30,+0.00
GYR,+1.31,-1.25,+0.38
MAG,+0.00,+0.00,+0.00
GRV,+9.78,+0.45,+0.00
Roll,+2.44,+2.62,+2.31
QUA,+1.00,+0.02,-0.02,-0.02
Temperature,-104
ACC,+0.48,+0.39,+9.97
LIA,-0.01,-0.02,+0.19
GYR,-4.12,-3.31,+0.31
MAG,+0.00,+0.00,+0.00
GRV,+8.50,+0.41,+0.00
Roll,+2.88,+2.38,+2.31
QUA,+1.00,+0.02,-0.03,-0.02
Temperature,24
ACC,+0.56,+0.29,+9.87
LIA,+1.30,-0.01,+0.30
GYR,-3.00,-2.75,+1.56
MAG,+0.00,+0.00,+0.00
GRV,-317.90,+0.34,+0.00
Roll,+3.31,+2.00,+10.19
QUA,+1.00,+0.02,-0.03,-0.02
Temperature,-104
ACC,+1.77,+0.22,-319.22
LIA,-0.11,-0.08,-0.03
GYR,-0.88,-2.31,+1.94
MAG,+0.00,+0.00,+0.00
GRV,+9.78,+0.31,+0.00
Roll,+3.56,+1.81,+2.00
QUA,+1.00,+0.01,-0.04,-0.02
Temperature,24
ACC,+0.59,+0.17,-319.11
LIA,-0.13,-0.07,+0.07
GYR,-1.56,-3.38,+3.62
MAG,+0.00,+0.00,+0.00
GRV,+9.77,+0.24,+0.00
Roll,+4.25,+1.44,+1.62
QUA,-1.00,-2.00,+1.95,+1.99
Temperature,24
ACC,+1.92,+0.14,+9.89
LIA,-0.10,-0.01,+0.11
GYR,-5.94,+1.00,+2.75
MAG,+0.00,+0.00,+0.00
GRV,+9.77,+0.15,+0.00
Roll,+4.31,+0.88,+1.12
QUA,+1.00,-1.99,+1.96,-0.01
Temperature,24
ACC,+1.99,+0.06,-317.70
LIA,-0.05,+1.32,+0.20
GYR,-4.69,-1.75,+4.50
MAG,+0.00,+0.00,+0.00
GRV,+9.77,+0.01,+0.00
Roll,+4.50,+0.06,+0.88
QUA,+1.00,+0.00,-0.04,-0.01
Temperature,24
ACC,-326.86,+0.01,+8.54
LIA,+0.04,+0.05,+0.04
GYR,-2.44,+4.06,-2.38
MAG,+0.00,+0.00,+0.00
GRV,+9.77,-0.05,+0.00
Roll,+4.44,-0.25,+0.62
QUA,+1.00,-0.01,-0.04,+1.99
Temperature,24
ACC,+0.81,-0.12,+10.29
LIA,+0.09,+0.00,+0.51
GYR,-1.25,+9.81,+2.88
MAG,+0.00,+0.00,+0.00
GRV,+9.77,-0.11,+0.00
Roll,+4.19,-0.62,+0.44
QUA,+1.00,-0.01,-0.04,-0.00
Temperature,24
ACC,+0.66,-0.12,+9.96
LIA,-0.01,-0.05,+0.18
GYR,+0.75,+2.19,+3.62
MAG,+0.00,+0.00,+0.00
GRV,-317.90,-0.07,+0.00
Roll,+3.94,-0.38,+359.88
QUA,+1.00,-0.00,-0.03,+0.00
Temperature,-104
ACC,+0.53,-0.12,+9.85
LIA,-0.05,-0.09,+0.07
GYR,-0.50,+2.88,+2.25
MAG,+0.00,+0.00,+0.00
GRV,-317.90,-0.03,+0.00
Roll,+3.44,-0.19,+359.56
QUA,+1.00,-0.00,-0.03,+0.00
Temperature,24
ACC,+1.79,-1.37,+9.99
LIA,-0.01,+0.02,+0.24
GYR,+0.25,+0.00,+2.06
MAG,+0.00,+0.00,+0.00
GRV,+9.78,-1.35,+0.00
Roll,+3.44,-0.38,+367.38
QUA,+1.00,-0.00,-0.03,+0.01
Temperature,-104
ACC,+1.81,-1.38,+10.01
LIA,-0.07,-0.06,+0.11
GYR,+0.88,+0.31,+0.25
MAG,+0.00,+0.00,+0.00
GRV,+9.78,-0.06,+0.00
Roll,+3.31,-0.38,-1688.75
QUA,+1.00,-0.00,-0.03,+0.01
Temperature,-104
ACC,+1.82,-1.44,-317.60
LIA,-0.02,-0.07,+0.29
GYR,-0.69,+0.31,+0.69
MAG,+0.00,+0.00,+0.00
GRV,+9.78,-0.08,+0.00
Roll,+3.31,-8.50,-1680.81
QUA,-1.00,+1.99,+1.98,-1.99
Temperature,24
ACC,+1.78,-1.38,+9.86
LIA,-0.06,-0.01,+0.07
GYR,-0.69,-0.06,+0.88
MAG,+0.00,+0.00,+0.00
GRV,+9.79,-0.08,+0.00
Roll,+3.25,-8.50,+359.06
QUA,-1.00,+2.00,-0.03,+0.01
Temperature,24
ACC,+0.66,-1.32,+10.17
LIA,+1.33,+0.05,+0.39
GYR,-0.06,-0.75,+0.44
MAG,+0.00,+0.00,+0.00
GRV,+9.78,-0.09,+0.00
Roll,+3.50,-8.56,+358.88
QUA,+1.00,+2.00,+1.97,+0.01
Temperature,24
ACC,+0.51,-1.45,+9.84
LIA,-0.08,-0.09,+1.33
GYR,+1.12,+0.81,-0.94
MAG,+0.00,+0.00,+0.00
GRV,+9.78,-0.08,+0.00
Roll,+3.44,-0.44,+359.06
QUA,+1.00,-0.01,-0.02,+0.01
Temperature,24
ACC,+0.48,-0.15,+9.95
LIA,-0.09,-0.01,+0.17
GYR,+2043.38,-0.06,-0.56
MAG,+0.00,+0.00,+0.00
GRV,+9.78,-0.14,+0.00
Roll,+3.38,-0.81,+359.06
QUA,+1.00,+1.99,-0.03,+0.01
Temperature,24
ACC,+1.74,-0.20,+10.04
LIA,-0.10,-0.04,+0.25
GYR,+8.00,+0.38,+0.25
MAG,+0.00,+0.00,+0.00
GRV,+9.78,-0.16,+0.00
Roll,+3.31,-0.94,+359.06
QUA,+1.00,-0.01,-0.03,+0.01
Temperature,24
ACC,+0.55,-0.18,+9.96
LIA,+1.28,-0.02,+0.17
GYR,+8.06,+1.12,-0.94
MAG,+0.00,+0.00,+0.00
GRV,+9.79,-0.15,+0.00
Roll,+3.12,-0.88,+367.06
QUA,+1.00,-0.01,-0.03,+0.01
Temperature,24
ACC,+1.76,-1.43,+9.97
LIA,-0.13,-0.04,+0.05
GYR,+1.12,-1.25,-0.50
MAG,+0.00,+0.00,+0.00
GRV,+9.79,-1.44,+0.00
Roll,+3.19,-0.94,-1680.88
QUA,+1.00,-0.01,-0.03,+0.01
Temperature,-104
ACC,+0.42,-1.49,+10.00
LIA,-0.11,-0.06,+0.21
GYR,+0.00,+0.25,-0.75
MAG,+0.00,+0.00,+0.00
GRV,+9.78,-0.17,+0.00
Roll,+3.19,-1.00,-1688.81
QUA,+1.00,-0.01,-0.02,+0.01
Temperature,24
ACC,+0.55,-0.22,-317.75
LIA,+1.29,-0.04,+0.14
GYR,-0.88,+0.75,+0.75
MAG,+8.00,+0.00,+0.00
GRV,+9.78,-0.17,+0.00
Roll,+3.12,-1.00,+359.12
QUA,+1.00,-0.01,+1.98,-1.99
Temperature,24
ACC,+1.79,-1.47,+9.92
LIA,-0.01,+0.00,+0.13
GYR,-0.31,+0.12,+0.62
MAG,+0.00,+0.00,+0.00
GRV,+9.79,-0.18,+0.00
Roll,+3.06,-1.06,-1688.94
QUA,+1.00,-0.01,-0.03,+0.02
Temperature,-104
ACC,+1.75,-0.26,+9.88
LIA,-0.06,-0.05,+0.09
GYR,-2.00,-2.00,-1.38
MAG,+0.00,+0.00,+0.00
GRV,+9.78,-0.21,+0.00
Roll,+3.12,-9.25,-1680.81
QUA,-1.00,-0.01,+1.98,-1.99
Temperature,24
ACC,+0.52,-1.57,+9.91
LIA,-0.03,-0.06,+0.12
GYR,+0.00,-0.31,+0.06
MAG,+0.00,+0.00,+0.00
GRV,+9.78,-0.22,+0.00
Roll,+3.25,-9.31,+367.25
QUA,+1.00,-0.01,+1.97,+0.01
Temperature,24
ACC,+0.56,-1.56,-317.73
LIA,+1.28,-1.34,+1.45
GYR,-0.81,-0.94,+0.31
MAG,+8.00,+0.00,+0.00
GRV,+9.78,-0.22,+0.00
Roll,+3.31,-9.31,-1680.75
QUA,-1.00,-0.01,+1.97,+0.01
Temperature,24
ACC,+0.44,-0.27,+9.96
LIA,-0.15,-0.04,+0.17
GYR,+0.69,-0.25,+0.81
MAG,+0.00,+0.00,+0.00
GRV,+9.78,-0.22,+0.00
Roll,+3.44,-9.31,+367.25
QUA,+1.00,-0.01,-0.02,-1.99
Temperature,-104
ACC,+0.55,-0.27,-317.81
LIA,-0.03,-0.05,+0.09
GYR,+0.50,-0.06,+0.38
MAG,+0.00,+0.00,+0.00
GRV,+9.78,-0.22,+0.00
Roll,+3.44,-1.25,+359.19
QUA,-1.00,-0.01,+1.97,-1.99
Temperature,24
ACC,+0.54,-0.27,+10.02
LIA,-0.06,-0.05,+0.23
GYR,+9.25,-1.12,+0.75
MAG,+0.00,+0.00,+0.00
GRV,+9.78,-0.21,+0.00
Roll,+3.56,-9.25,-1688.81
QUA,+1.00,-0.01,-0.03,-1.99
Temperature,-104
ACC,+0.53,-1.42,-317.86
LIA,-0.08,+0.02,+0.04
GYR,+1.56,-0.62,+0.44
MAG,+0.00,+0.00,+0.00
GRV,+9.78,-0.16,+0.00
Roll,+3.56,-0.94,+359.00
QUA,+1.00,-0.01,-0.03,+0.01
Temperature,-104
ACC,+1.69,-1.61,+9.80
LIA,-0.19,-0.15,+0.01
GYR,+0.19,+0.31,+1.06
MAG,+0.00,+0.00,+0.00
GRV,+9.78,-0.17,+0.00
Roll,+3.56,-1.00,-1688.94
QUA,-1.00,-0.01,-0.03,+0.01
Temperature,24
ACC,+0.84,-0.04,+9.79
LIA,+1.52,+0.11,+0.00
GYR,+1.12,-0.12,+1.38
MAG,+0.00,+0.00,+0.00
GRV,+9.78,-0.16,+0.00
Roll,+3.50,-8.94,+358.62
QUA,+1.00,-0.01,+1.97,-1.99
Temperature,24
ACC,+1.86,-1.53,-317.80
LIA,+0.00,-0.05,+0.10
GYR,-0.56,-1.12,-0.12
MAG,+0.00,+0.00,+0.00
GRV,+9.78,-0.19,+0.00
Roll,+3.44,-1.12,+366.56
QUA,+1.00,-0.01,+1.97,+0.01
Temperature,24
ACC,+1.69,-1.65,-317.82
LIA,-0.21,-0.15,+0.07
GYR,-0.31,-1.94,-0.25
MAG,+0.00,+0.00,+0.00
GRV,+9.78,-0.22,+0.00
Roll,+3.62,-1.25,-1689.25
QUA,-1.00,-0.01,-0.03,+0.01
Temperature,24
ACC,+2.01,-0.25,+9.99
LIA,+1.36,-1.29,+0.21
GYR,-0.56,-1.31,-2.62
MAG,+0.00,+0.00,+0.00
GRV,+9.78,-0.23,+0.00
Roll,+3.75,-1.38,+358.75
QUA,-1.00,-0.01,-0.03,+0.01
Temperature,24
ACC,+0.90,-1.45,+9.96
LIA,+1.52,+0.11,+0.18
GYR,-4.12,+2.12,+0.38
MAG,+0.00,+0.00,+0.00
GRV,+9.77,-0.30,+0.00
Roll,+3.81,-1.75,-1681.31
QUA,+1.00,+1.98,-0.03,+0.01
Temperature,24
ACC,+1.69,-0.40,-317.94
LIA,+1.29,+0.03,+0.05
GYR,+9.00,-2.12,+5.00
MAG,+0.00,+0.00,+0.00
GRV,+9.77,-0.31,+0.00
Roll,+3.81,-1.81,-1689.44
QUA,+1.00,-0.02,-0.03,+0.01
Temperature,24
ACC,-325.76,-0.30,-317.67
LIA,-0.06,+0.02,+0.30
GYR,-1.62,+0.06,-1.44
MAG,+0.00,+0.00,+0.00
GRV,+9.77,-0.33,+0.00
Roll,+3.81,-9.94,+358.44
QUA,+1.00,-0.02,-0.03,+0.01
Temperature,24
ACC,+0.52,-0.46,-317.90
LIA,-0.12,-0.12,+0.00
GYR,-1.12,+0.12,+0.75
MAG,+8.00,+0.00,+0.00
GRV,+9.77,-0.34,+0.00
Roll,+3.75,-2.00,+358.50
QUA,+1.00,-0.02,-0.03,+0.01
Temperature,24
ACC,+0.62,-1.68,-317.75
LIA,-0.05,-0.04,+0.15
GYR,+0.06,-1.31,-0.44
MAG,+0.00,+0.00,+0.00
GRV,+9.77,-0.35,+0.00
Roll,+3.94,-2.06,+358.44
QUA,-1.00,-0.02,-0.03,-1.99
