SWV ITM Data Console - ITM Port: 0
--------------------------ACC,-0.40,+1.33,+8.45
LIA,+0.00,-1.34,-0.06
Roll,-7.25,+0.69,+354.44
--------------------------ACC,-0.41,+0.08,+9.73
LIA,-0.01,-0.03,-0.06
Roll,+0.75,+0.69,+354.44
--------------------------ACC,-0.39,+0.05,+8.48
LIA,+1.28,-0.06,-0.03
Roll,+0.75,+8.69,+362.44
--------------------------ACC,-0.39,+0.05,+9.73
LIA,+1.28,-0.06,-0.05
Roll,+0.75,+0.69,+354.44
--------------------------ACC,-0.39,+0.07,+9.70
LIA,+1.28,-0.04,-0.08
Roll,-7.25,+0.69,+354.44
--------------------------ACC,-0.38,+1.35,-319.25
LIA,+0.01,-1.32,-0.08
Roll,+0.75,+0.69,+354.44
--------------------------ACC,-0.41,+0.08,+9.69
LIA,-0.01,-0.03,-0.10
Roll,+0.75,+0.69,+354.44
--------------------------ACC,-0.40,+0.07,+8.45
LIA,+1.28,-0.04,-0.06
Roll,+0.75,+0.69,+354.44
--------------------------ACC,-0.40,+0.07,+9.70
LIA,+1.28,-0.04,-0.09
Roll,+0.75,+0.69,+354.44
--------------------------ACC,-0.39,+0.06,+9.72
LIA,+0.00,-0.05,-0.06
Roll,+0.75,+0.69,+354.44
--------------------------ACC,-0.38,+0.08,+9.70
LIA,+1.28,-0.03,-0.09
Roll,+0.75,+0.69,+354.44
--------------------------ACC,-0.42,+0.05,-319.23
LIA,+0.00,-0.02,-0.09
Roll,+0.75,+0.69,+354.44
--------------------------ACC,-0.40,+0.07,+9.71
LIA,+0.00,-0.04,-0.08
Roll,+0.75,+0.69,+354.44
--------------------------ACC,-0.41,+0.08,+9.70
LIA,+1.28,-0.05,-0.08
Roll,+0.75,+8.69,+354.44
--------------------------ACC,-0.40,+0.07,+9.71
LIA,+1.28,-0.04,-0.07
Roll,+0.75,+0.69,+354.44
--------------------------ACC,-0.42,+0.07,+9.74
LIA,-0.01,-0.03,-0.06
Roll,-7.25,+8.69,+362.44
--------------------------ACC,-0.40,+0.07,+9.71
LIA,+1.28,-1.32,-0.07
Roll,+0.75,+0.69,+354.44
--------------------------ACC,-0.41,+0.06,+9.74
LIA,-0.01,-0.05,-0.05
Roll,-7.25,+0.69,+354.44
--------------------------ACC,-0.39,+1.35,+9.73
LIA,+0.00,-1.32,-0.05
Roll,+0.75,+0.69,+354.44
--------------------------ACC,-0.41,+0.07,+9.70
LIA,-0.01,-0.04,-0.09
Roll,+0.75,+0.69,+362.44
--------------------------ACC,-0.40,+1.33,-319.24
LIA,+1.28,-1.34,-0.07
Roll,+0.75,+8.69,+362.44
--------------------------ACC,-0.40,+0.08,+9.73
LIA,+1.28,-0.03,-0.05
Roll,+0.75,+0.69,+354.44
--------------------------ACC,-0.41,+1.33,+8.46
LIA,+1.28,-0.04,-0.10
Roll,+0.75,+8.69,+354.44
--------------------------ACC,-0.40,+0.08,+9.71
LIA,+1.28,-1.31,-0.07
Roll,+0.75,+0.69,+354.44
--------------------------ACC,-0.43,+0.07,+9.68
LIA,-0.01,-0.05,-0.07
Roll,+0.75,+8.69,+354.44
--------------------------ACC,-0.39,+0.08,+8.41
LIA,+1.28,-1.31,-0.10
Roll,+0.75,+0.69,+354.44
--------------------------ACC,-0.41,+0.09,+9.74
LIA,-0.02,-0.02,-0.05
Roll,+0.75,+0.69,+354.44
--------------------------ACC,-0.40,+0.06,-319.25
LIA,+1.28,-1.33,-0.08
Roll,+0.75,+8.69,+354.44
--------------------------ACC,-0.40,+0.06,+9.72
LIA,+1.28,-0.05,-0.07
Roll,+0.75,+0.69,+354.44
--------------------------ACC,-0.39,+1.36,-319.25
LIA,+1.28,-0.03,-0.08
Roll,+0.75,+8.69,+354.44
--------------------------ACC,-0.39,+0.08,+9.70
LIA,+0.00,-0.03,-0.08
Roll,+0.75,+0.69,+354.44
--------------------------ACC,-0.40,+0.06,+9.71
LIA,+1.28,-0.02,-0.08
Roll,-7.25,+0.69,+362.44
--------------------------ACC,-0.41,+0.06,-317.95
LIA,-0.02,-0.05,-0.06
Roll,+0.75,+0.69,+354.44
--------------------------ACC,-0.41,+0.08,+9.72
LIA,-0.01,-0.03,-0.07
Roll,+0.75,+0.69,+354.44
--------------------------ACC,-0.40,+0.06,+8.44
LIA,+1.28,-0.05,-0.07
Roll,-7.25,+0.69,+362.44
--------------------------ACC,-0.41,+0.06,+9.71
LIA,-0.01,-0.05,-0.08
Roll,+0.75,+0.69,+354.44
--------------------------ACC,-0.41,+1.36,+9.71
LIA,-0.02,-0.03,-0.05
Roll,-7.25,+8.69,+362.44
--------------------------ACC,-0.39,+0.06,-317.95
LIA,+1.28,-0.05,-0.05
Roll,+0.75,+0.69,+354.44
--------------------------ACC,-0.39,+0.07,+9.73
LIA,+1.28,-0.04,-0.06
Roll,+0.75,+0.69,+354.44
--------------------------ACC,-0.40,+1.36,+9.70
LIA,+1.28,-0.03,-0.09
Roll,+0.75,+0.69,+354.44
--------------------------ACC,-0.39,+0.07,+9.71
LIA,+0.00,-0.04,-0.07
Roll,+0.75,+0.69,+354.44
--------------------------ACC,-0.39,+0.10,+9.71
LIA,+1.28,-0.05,-0.07
Roll,-7.25,+8.69,+354.44
--------------------------ACC,-0.40,+0.08,-319.24
LIA,+1.28,-1.31,-0.07
Roll,+0.75,+0.69,+354.44
--------------------------ACC,-0.40,+0.07,+9.72
LIA,+1.28,-0.04,-0.07
Roll,+0.75,+0.69,+354.44
--------------------------ACC,-0.41,+0.06,+8.45
LIA,-0.01,-0.05,-0.05
Roll,-7.25,+0.69,+354.44
--------------------------ACC,-0.41,+0.08,+9.72
LIA,-0.01,-0.03,-0.07
Roll,+0.75,+0.69,+354.44
--------------------------ACC,-0.39,+1.33,+8.43
LIA,+1.28,-0.06,-0.07
Roll,-7.25,+8.69,+354.44
--------------------------ACC,-0.39,+0.06,+9.73
LIA,+1.28,-0.05,-0.05
Roll,+0.75,+0.69,+354.44
--------------------------ACC,-0.40,+0.06,+9.70
LIA,+1.28,-0.04,-0.07
Roll,-7.25,+0.69,+354.44
--------------------------ACC,-0.41,+1.35,-317.96
LIA,-0.02,-0.04,-0.07
Roll,+0.75,+0.69,+354.44
--------------------------ACC,-0.40,+0.06,+9.70
LIA,+1.28,-0.05,-0.08
Roll,+0.75,+8.69,+354.44
--------------------------ACC,-0.40,+0.06,+9.71
LIA,+1.28,-0.05,-0.07
Roll,+0.75,+0.69,+354.44
--------------------------ACC,-0.40,+0.08,+9.71
LIA,+1.28,-0.03,-0.07
Roll,+0.75,+0.69,+354.44
--------------------------ACC,-0.39,+1.34,+8.44
LIA,+1.28,-0.05,-0.07
Roll,-7.25,+0.69,+362.44
--------------------------ACC,-0.40,+0.07,+9.71
LIA,+0.00,-1.32,-0.07
Roll,+0.75,+0.69,+354.44
--------------------------ACC,-0.40,+0.08,+8.42
LIA,+1.28,-0.06,-0.08
Roll,+0.75,+0.69,+354.44
--------------------------ACC,-0.38,+0.06,+9.72
LIA,+0.00,-0.05,-0.06
Roll,+0.75,+0.69,+354.44
--------------------------ACC,-0.40,+1.35,+9.72
LIA,-0.01,-0.03,-0.05
Roll,-7.25,+0.69,+354.44
--------------------------ACC,-0.40,+1.37,-317.97
LIA,+1.28,-0.02,-0.07
Roll,+0.75,+0.69,+354.44
--------------------------ACC,-0.40,+0.06,+9.70
LIA,+1.28,-0.05,-0.09
Roll,+0.75,+0.69,+354.44
--------------------------ACC,-0.41,+0.05,-319.24
LIA,-0.01,-0.06,-0.06
Roll,-7.25,+0.69,+354.44
--------------------------ACC,-0.39,+0.06,+9.72
LIA,+1.28,-0.05,-0.07
Roll,+0.75,+0.69,+354.44
--------------------------ACC,-0.40,+1.33,-319.21
LIA,+1.28,-1.34,-0.04
Roll,+0.75,+8.69,+354.44
--------------------------ACC,-0.39,+0.10,+9.71
LIA,+0.00,-1.29,-0.07
Roll,+0.75,+0.69,+354.44
--------------------------ACC,-0.41,+0.06,+9.73
LIA,+1.28,-0.03,-0.06
Roll,-7.25,+8.69,+362.44
--------------------------ACC,-0.39,+0.07,-319.26
LIA,+0.00,-1.32,-0.08
Roll,+0.75,+0.69,+354.44
--------------------------ACC,-0.41,+0.09,+9.71
LIA,-0.01,-0.02,-0.07
Roll,-7.25,+0.69,+354.44
--------------------------ACC,-0.39,+0.06,-317.96
LIA,+0.00,-0.05,-0.07
Roll,+0.75,+0.69,+362.44
--------------------------ACC,-0.39,+0.07,+9.71
LIA,+1.28,-0.04,-0.08
Roll,+0.75,+0.69,+354.44
--------------------------ACC,-0.41,+0.08,+8.47
LIA,-0.02,-0.03,-0.04
Roll,+0.75,+8.69,+354.44
--------------------------ACC,-0.41,+0.08,+9.72
LIA,-0.01,-0.03,-0.06
Roll,+0.75,+0.69,+354.44
--------------------------ACC,-0.38,+0.07,-319.22
LIA,+1.28,-1.32,-0.05
Roll,+0.75,+0.69,+354.44
--------------------------ACC,-0.41,+0.05,+9.73
LIA,-0.01,-0.06,-0.06
Roll,+0.75,+0.69,+354.44
--------------------------ACC,-0.41,+0.08,+8.41
LIA,-0.01,-0.03,-0.09
Roll,-7.25,+0.69,+354.44
--------------------------ACC,-0.41,+0.07,+9.73
LIA,-0.02,-0.04,-0.06
Roll,+0.75,+0.69,+354.44
--------------------------ACC,-0.38,+1.34,+8.45
LIA,-0.02,-0.04,-0.09
Roll,+0.75,+0.69,+354.44
--------------------------ACC,-0.39,+0.05,+9.73
LIA,+1.28,-1.34,-0.05
Roll,+0.75,+0.69,+354.44
--------------------------ACC,-0.42,+0.11,+9.72
LIA,+1.28,-0.04,-0.07
Roll,-7.25,+8.69,+354.44
--------------------------ACC,-0.41,+0.09,+9.71
LIA,-0.01,-0.02,-0.08
Roll,+0.75,+0.69,+354.44
--------------------------ACC,-0.40,+0.04,+9.70
LIA,+1.28,-0.06,-0.08
Roll,+0.75,+0.69,+354.44
--------------------------ACC,-0.39,+1.35,+8.43
LIA,+1.28,-0.04,-0.08
Roll,+0.75,+8.69,+354.44
--------------------------ACC,-0.40,+0.05,+9.73
LIA,+1.28,-0.06,-0.05
Roll,+0.75,+0.69,+354.44
--------------------------ACC,-0.40,+0.08,-319.26
LIA,+1.28,-0.03,-0.09
Roll,+0.75,+0.69,+354.44
--------------------------ACC,-0.40,+0.08,+9.72
LIA,+1.28,-1.31,-0.06
Roll,+0.75,+0.69,+354.44
--------------------------ACC,-0.41,+0.06,+9.71
LIA,+1.28,-0.05,-0.06
Roll,-7.25,+0.69,+362.44
--------------------------ACC,-0.39,+0.06,+9.73
LIA,+0.00,-0.05,-0.06
Roll,+0.75,+0.69,+354.44
--------------------------ACC,-0.40,+1.35,-317.95
LIA,-0.01,-0.06,-0.06
Roll,-7.25,+8.69,+362.44
--------------------------ACC,-0.41,+0.07,+9.73
LIA,-0.01,-0.04,-0.05
Roll,+0.75,+0.69,+354.44
--------------------------ACC,-0.40,+0.06,+9.72
LIA,+1.28,-0.05,-0.06
Roll,-7.25,+0.69,+354.44
--------------------------ACC,-0.40,+0.05,-319.24
LIA,+1.28,-1.34,-0.06
Roll,+0.75,+0.69,+354.44
--------------------------ACC,-0.39,+0.08,+9.70
LIA,+1.28,-0.03,-0.08
Roll,+0.75,+0.69,+354.44
--------------------------ACC,-0.40,+1.36,-319.21
LIA,+1.28,-1.31,-0.04
Roll,+0.75,+8.69,+354.44
--------------------------ACC,-0.40,+0.07,+9.72
LIA,+1.28,-0.04,-0.07
Roll,+0.75,+0.69,+354.44
--------------------------ACC,-0.41,+1.35,+9.73
LIA,+1.28,-0.03,-0.06
Roll,-7.25,+0.69,+354.44
--------------------------ACC,-0.39,+0.07,+9.72
LIA,+0.00,-1.32,-0.07
Roll,+0.75,+0.69,+354.44
--------------------------ACC,-0.38,+0.06,+9.71
LIA,+1.28,-0.03,-0.09
Roll,-7.25,+8.69,+354.44
--------------------------ACC,-0.39,+0.05,+9.72
LIA,+0.00,-1.34,-0.06
Roll,+0.75,+0.69,+354.44
--------------------------ACC,-0.41,+0.08,+9.70
LIA,+1.28,-0.03,-0.07
Roll,-7.25,+0.69,+362.44
--------------------------ACC,-0.41,+0.06,+9.71
LIA,-0.01,-0.05,-0.08
Roll,+0.75,+0.69,+354.44
--------------------------ACC,-0.41,+0.07,+9.72
LIA,-0.01,-0.04,-0.07
Roll,+0.75,+0.69,+362.44
--------------------------ACC,-0.40,+1.38,-319.24
LIA,+1.28,-0.01,-0.07
Roll,-7.25,+0.69,+362.44
--------------------------ACC,-0.40,+0.06,+9.71
LIA,+1.28,-0.05,-0.07
Roll,+0.75,+0.69,+354.44
--------------------------ACC,-0.39,+0.09,+8.44
LIA,+1.28,-0.02,-0.07
Roll,-7.25,+8.69,+354.44
--------------------------ACC,-0.41,+0.07,+9.69
LIA,-0.01,-0.04,-0.09
Roll,+0.75,+0.69,+354.44
--------------------------ACC,-0.40,+0.08,+9.71
LIA,+1.28,-0.03,-0.08
Roll,+0.75,+0.69,+362.44
--------------------------ACC,-0.42,+1.35,+8.45
LIA,-0.02,-0.04,-0.06
Roll,+0.75,+0.69,+354.44
--------------------------ACC,-0.38,+0.07,+9.73
LIA,+1.28,-0.04,-0.05
Roll,+0.75,+0.69,+354.44
--------------------------ACC,-0.40,+0.06,-317.97
LIA,+0.00,-1.33,-0.07
Roll,-7.25,+8.69,+362.44
--------------------------ACC,-0.41,+0.08,+9.74
LIA,-0.02,-0.03,-0.05
Roll,+0.75,+0.69,+354.44
--------------------------ACC,-0.38,+0.07,+9.73
LIA,-0.01,-0.03,-0.05
Roll,+0.75,+0.69,+354.44
--------------------------ACC,-0.41,+0.07,+9.69
LIA,-0.01,-0.04,-0.10
Roll,+0.75,+0.69,+354.44
--------------------------ACC,-0.41,+0.07,+9.71
LIA,-0.01,-0.03,-0.08
Roll,+0.75,+8.69,+354.44
--------------------------ACC,-0.41,+0.05,-319.25
LIA,-0.01,-0.06,-0.07
Roll,+0.75,+0.69,+354.44
--------------------------ACC,-0.40,+0.06,+9.71
LIA,+1.28,-0.05,-0.07
Roll,+0.75,+0.69,+354.44
--------------------------ACC,-0.40,+0.08,+8.45
LIA,+0.00,-1.31,-0.06
Roll,-7.25,+8.69,+354.44
--------------------------ACC,-0.40,+0.08,+9.72
LIA,+1.28,-0.03,-0.06
Roll,+0.75,+0.69,+354.44
--------------------------ACC,-0.41,+0.06,-317.97
LIA,+1.28,-0.02,-0.07
Roll,-7.25,+0.69,+362.44
--------------------------ACC,-0.41,+0.05,+8.42
LIA,-0.01,-0.06,-0.09
Roll,+0.75,+0.69,+354.44
--------------------------ACC,-0.41,+0.05,+9.70
LIA,-0.01,-0.06,-0.09
Roll,+0.75,+0.69,+354.44
--------------------------ACC,-0.41,+0.07,+8.42
LIA,-0.02,-0.04,-0.08
Roll,+0.75,+8.69,+354.44
--------------------------ACC,-0.41,+0.07,+9.75
LIA,-0.01,-0.04,-0.04
Roll,+0.75,+0.69,+354.44
--------------------------ACC,-0.41,+0.09,+8.44
LIA,-0.01,-0.02,-0.07
Roll,-7.25,+0.69,+354.44
--------------------------ACC,-0.40,+0.07,+9.73
LIA,+1.28,-0.04,-0.06
Roll,+0.75,+0.69,+354.44
--------------------------ACC,-0.41,+1.35,-319.27
LIA,-0.01,-0.04,-0.09
Roll,-7.25,+0.69,+354.44
--------------------------ACC,-0.41,+0.08,+9.73
LIA,-0.01,-0.03,-0.06
Roll,+0.75,+0.69,+354.44
--------------------------ACC,-0.42,+0.07,+9.70
LIA,-0.01,-0.03,-0.07
Roll,-7.25,+0.69,+354.44
--------------------------ACC,-0.41,+1.35,+8.46
LIA,-0.01,-0.04,-0.05
Roll,+0.75,+0.69,+354.44
--------------------------ACC,-0.40,+0.08,+9.70
LIA,+1.28,-0.03,-0.08
Roll,+0.75,+0.69,+362.44
--------------------------ACC,-0.41,+0.05,+8.44
LIA,-0.01,-0.06,-0.07
Roll,-7.25,+8.69,+362.44
--------------------------ACC,-0.41,+0.06,+9.73
LIA,-0.01,-0.05,-0.06
Roll,+0.75,+0.69,+354.44
--------------------------ACC,-0.41,+1.37,-319.25
LIA,-0.01,-0.02,-0.07
Roll,+0.75,+0.69,+362.44
--------------------------ACC,-0.40,+0.08,+9.70
LIA,+0.00,-0.03,-0.08
Roll,+0.75,+0.69,+354.44
--------------------------ACC,-0.41,+0.07,+9.70
LIA,+0.00,-0.05,-0.08
Roll,+0.75,+0.69,+354.44
--------------------------ACC,-0.40,+0.07,+9.71
LIA,+0.00,-0.04,-0.08
Roll,+0.75,+0.69,+354.44
--------------------------ACC,-0.40,+0.06,+9.69
LIA,-0.01,-0.04,-0.08
Roll,-7.25,+0.69,+362.44
--------------------------ACC,-0.40,+0.06,-317.97
LIA,+0.00,-0.05,-0.07
Roll,+0.75,+0.69,+354.44
--------------------------ACC,-0.41,+0.06,+9.73
LIA,-0.01,-0.06,-0.07
Roll,+0.75,+0.69,+362.44
--------------------------ACC,-0.42,+0.09,-317.98
LIA,-0.03,-0.02,-0.09
Roll,+0.75,+0.69,+354.44
--------------------------ACC,-0.39,+0.07,+9.75
LIA,+1.28,-0.04,-0.04
Roll,+0.75,+0.69,+354.44
--------------------------ACC,-0.41,+1.34,-317.99
LIA,-0.02,-0.05,-0.09
Roll,-7.25,+0.69,+354.44
--------------------------ACC,-0.41,+0.07,+9.70
LIA,-0.02,-0.04,-0.08
Roll,+0.75,+0.69,+354.44
--------------------------ACC,-0.40,+1.33,-317.97
LIA,+1.28,-0.06,-0.07
Roll,+0.75,+0.69,+362.44
--------------------------ACC,-0.39,+0.07,+9.69
LIA,+1.28,-0.04,-0.09
Roll,+0.75,+0.69,+354.44
--------------------------ACC,-0.39,+1.34,-317.97
LIA,+1.29,-0.04,-0.08
Roll,-7.25,+8.69,+362.44
--------------------------ACC,-0.40,+0.07,+8.43
LIA,+0.00,-0.04,-0.08
Roll,+0.75,+0.69,+354.44
--------------------------ACC,-0.39,+0.07,+9.72
LIA,-0.02,-0.06,-0.09
Roll,+0.75,+0.69,+354.44
--------------------------ACC,-0.41,+0.06,-319.25
LIA,-0.01,-0.05,-0.08
Roll,+0.75,+0.69,+354.44
--------------------------ACC,-0.41,+0.04,+9.74
LIA,-0.01,-0.06,-0.05
Roll,+0.75,+0.69,+354.44
--------------------------ACC,-0.39,+1.36,+9.70
LIA,+0.00,-1.31,-0.08
Roll,+0.75,+0.69,+354.44
--------------------------ACC,-0.41,+0.07,+9.71
LIA,-0.02,-0.04,-0.07
Roll,+0.75,+0.69,+354.44
--------------------------ACC,-0.41,+0.07,-319.24
LIA,-0.01,-0.04,-0.06
Roll,-7.25,+0.69,+354.44
--------------------------ACC,-0.40,+0.06,+9.73
LIA,+0.00,-1.33,-0.06
Roll,+0.75,+0.69,+354.44
--------------------------ACC,-0.40,+0.07,+8.45
LIA,-0.01,-0.04,-0.08
Roll,+0.75,+8.69,+362.44
--------------------------ACC,-0.41,+0.06,-319.26
LIA,-0.01,-0.05,-0.09
Roll,+0.75,+0.69,+354.44
--------------------------ACC,-0.40,+0.05,+9.70
LIA,+1.28,-0.06,-0.08
Roll,+0.75,+0.69,+354.44
--------------------------ACC,-0.41,+1.35,-319.25
LIA,-0.01,-0.04,-0.07
Roll,-7.25,+0.69,+362.44
--------------------------ACC,-0.40,+0.06,+9.72
LIA,+1.28,-0.05,-0.07
Roll,+0.75,+0.69,+354.44
--------------------------ACC,-0.40,+0.08,+8.44
LIA,+1.28,-0.03,-0.06
Roll,+0.75,+0.69,+362.44
--------------------------ACC,-0.42,+0.06,+9.72
LIA,-0.02,-0.05,-0.07
Roll,+0.75,+0.69,+354.44
--------------------------ACC,-0.39,+1.36,+9.70
LIA,+0.00,-0.03,-0.08
Roll,-7.25,+0.69,+354.44
--------------------------ACC,-0.41,+0.07,+9.71
LIA,-0.01,-0.04,-0.07
Roll,+0.75,+0.69,+354.44
--------------------------ACC,-0.41,+0.07,-317.96
LIA,-0.01,-0.04,-0.07
Roll,-7.25,+0.69,+362.44
--------------------------ACC,-0.41,+0.07,+9.73
LIA,-0.01,-0.04,-0.06
Roll,+0.75,+0.69,+362.44
--------------------------ACC,-0.41,+0.06,+9.74
LIA,+1.28,-0.05,-0.07
Roll,+0.75,+0.69,+362.44
--------------------------ACC,-0.40,+0.07,+9.72
LIA,+1.28,-0.04,-0.06
Roll,+0.75,+0.69,+354.44
--------------------------ACC,-0.40,+1.34,+9.69
LIA,-0.01,-0.02,-0.06
Roll,+0.75,+0.69,+362.44
--------------------------ACC,-0.41,+0.08,+9.72
LIA,-0.01,-0.03,-0.06
Roll,+0.75,+0.69,+354.44
--------------------------ACC,-0.40,+0.07,+9.73
LIA,+1.28,-0.04,-0.05
Roll,+0.75,+0.69,+354.44
--------------------------ACC,-0.41,+0.07,+9.72
LIA,-0.01,-0.04,-0.06
Roll,+0.75,+0.69,+354.44
--------------------------ACC,-0.39,+0.07,+9.72
LIA,+1.28,-0.04,-0.06
Roll,+0.75,+0.69,+362.44
--------------------------ACC,-0.40,+0.05,-317.96
LIA,+0.00,-1.34,-0.06
Roll,+0.75,+0.69,+354.44
--------------------------ACC,-0.40,+0.09,+9.74
LIA,+1.28,-0.02,-0.05
Roll,+0.75,+0.69,+354.44
--------------------------ACC,-0.40,+1.34,-319.24
LIA,+1.28,-0.05,-0.07
Roll,+0.75,+0.69,+354.44
--------------------------ACC,-0.41,+0.07,+9.70
LIA,-0.01,-0.04,-0.08
Roll,+0.75,+0.69,+354.44
--------------------------ACC,-0.41,+0.08,+9.69
LIA,-0.01,-0.04,-0.09
Roll,-7.25,+8.69,+362.44
--------------------------ACC,-0.41,+1.36,-319.25
LIA,-0.01,-0.03,-0.07
Roll,-7.25,+8.69,+354.44
--------------------------ACC,-0.41,+0.08,+9.71
LIA,-0.02,-0.03,-0.07
Roll,+0.75,+0.69,+354.44
--------------------------ACC,-0.41,+1.34,+9.72
LIA,-0.03,-0.05,-0.08
Roll,+0.75,+8.69,+354.44
--------------------------ACC,-0.39,+0.08,+9.72
LIA,+1.28,-0.03,-0.07
Roll,+0.75,+0.69,+354.44
--------------------------ACC,-0.41,+0.06,+8.45
LIA,-0.01,-0.05,-0.08
Roll,-7.25,+8.69,+354.44
--------------------------ACC,-0.40,+0.08,+9.70
LIA,+0.00,-1.31,-0.08
Roll,+0.75,+0.69,+354.44
--------------------------ACC,-0.41,+0.05,+9.71
LIA,-0.04,-0.06,-0.07
Roll,-7.25,+0.69,+354.44
--------------------------ACC,-0.41,+0.07,+9.72
LIA,-0.01,-0.04,-0.07
Roll,+0.75,+0.69,+354.44
--------------------------ACC,-0.41,+0.06,+9.70
LIA,-0.01,-0.05,-0.08
Roll,+0.75,+0.69,+354.44
--------------------------ACC,-0.42,+0.07,+9.72
LIA,-0.02,-0.04,-0.07
Roll,-7.25,+0.69,+354.44
--------------------------ACC,-0.40,+0.08,+9.73
LIA,+1.28,-0.03,-0.06
Roll,+0.75,+0.69,+354.44
--------------------------ACC,-0.40,+1.35,+9.73
LIA,+1.28,-1.32,-0.05
Roll,+0.75,+0.69,+354.44
--------------------------ACC,-0.42,+0.05,+9.72
LIA,-0.02,-0.06,-0.06
Roll,+0.75,+0.69,+354.44
--------------------------ACC,-0.40,+0.08,+8.45
LIA,-0.01,-0.04,-0.09
Roll,-7.25,+8.69,+354.44
--------------------------ACC,-0.40,+0.07,+9.72
LIA,+1.28,-0.04,-0.07
Roll,+0.75,+0.69,+354.44
--------------------------ACC,-0.41,+0.07,+8.41
LIA,+1.28,-0.04,-0.08
Roll,-7.25,+8.69,+354.44
--------------------------ACC,-0.42,+0.07,+9.70
LIA,-0.02,-0.04,-0.08
Roll,+0.75,+0.69,+362.44
--------------------------ACC,-0.40,+0.06,+9.71
LIA,+1.28,-0.05,-0.08
Roll,+0.75,+0.69,+354.44
--------------------------ACC,-0.42,+0.08,+8.43
LIA,-0.02,-0.03,-0.07
Roll,+0.75,+0.69,+354.44
--------------------------ACC,-0.40,+0.07,+9.71
LIA,+1.28,-0.04,-0.08
Roll,+0.75,+0.69,+354.44
--------------------------ACC,-0.41,+0.05,-319.24
LIA,-0.01,-0.04,-0.08
Roll,+0.75,+0.69,+362.44
--------------------------ACC,-0.41,+0.06,+9.71
LIA,-0.01,-0.05,-0.07
Roll,+0.75,+0.69,+354.44
--------------------------ACC,-0.40,+0.06,+9.72
LIA,-0.02,-0.04,-0.05
Roll,-7.25,+0.69,+362.44
--------------------------ACC,-0.41,+0.05,+8.42
LIA,-0.02,-0.06,-0.09
Roll,-7.25,+8.69,+354.44
--------------------------ACC,-0.41,+0.06,+9.70
LIA,-0.01,-0.05,-0.08
Roll,+0.75,+0.69,+354.44
--------------------------ACC,-0.41,+0.07,-319.25
LIA,-0.01,-0.04,-0.07
Roll,-7.25,+8.69,+354.44
--------------------------ACC,-0.41,+0.08,+9.72
LIA,-0.01,-0.03,-0.07
Roll,+0.75,+0.69,+354.44
--------------------------ACC,-0.41,+1.35,-317.97
LIA,-0.01,-0.05,-0.06
Roll,+0.75,+8.69,+354.44
--------------------------ACC,-0.40,+0.09,+9.72
LIA,+1.28,-1.30,-0.07
Roll,+0.75,+0.69,+354.44
--------------------------ACC,-0.40,+0.09,+9.72
LIA,-0.01,-0.04,-0.06
Roll,-7.25,+8.69,+354.44
--------------------------ACC,-0.38,+0.05,-317.96
LIA,+0.01,-0.06,-0.06
Roll,+0.75,+0.69,+354.44
--------------------------ACC,-0.41,+0.08,+9.72
LIA,-0.01,-0.03,-0.06
Roll,+0.75,+0.69,+354.44
--------------------------ACC,-0.40,+1.35,+8.44
LIA,+1.28,-0.04,-0.06
Roll,+0.75,+0.69,+362.44
--------------------------ACC,-0.42,+0.07,+9.70
LIA,-0.02,-0.04,-0.09
Roll,+0.75,+0.69,+354.44
--------------------------ACC,-0.39,+0.05,-317.96
LIA,-0.01,-0.04,-0.08
Roll,-7.25,+0.69,+362.44
--------------------------ACC,-0.41,+0.10,+9.71
LIA,-0.01,-0.01,-0.07
Roll,+0.75,+0.69,+354.44
--------------------------ACC,-0.42,+0.08,+9.71
LIA,-0.02,-0.04,-0.10
Roll,-7.25,+0.69,+362.44
--------------------------ACC,-0.41,+1.36,-317.97
LIA,-0.01,-0.03,-0.07
Roll,+0.75,+8.69,+354.44
--------------------------ACC,-0.42,+0.07,+9.70
LIA,-0.03,-0.04,-0.08
Roll,+0.75,+0.69,+354.44
--------------------------ACC,-0.41,+1.35,+8.44
LIA,+1.28,-0.03,-0.07
Roll,+0.75,+8.69,+362.44
--------------------------ACC,-0.41,+0.06,+9.70
LIA,-0.02,-0.05,-0.09
Roll,+0.75,+0.69,+354.44
--------------------------ACC,-0.41,+0.06,+9.72
LIA,-0.02,-0.03,-0.08
Roll,+0.75,+0.69,+362.44
--------------------------ACC,-0.41,+0.06,+8.45
LIA,-0.01,-0.05,-0.06
Roll,+0.75,+0.69,+362.44
--------------------------ACC,-0.41,+0.06,+9.71
LIA,-0.01,-0.05,-0.08
Roll,+0.75,+0.69,+354.44
--------------------------ACC,-0.40,+1.35,+9.73
LIA,+0.00,-1.32,-0.06
Roll,-7.25,+0.69,+362.44
--------------------------ACC,-0.42,+0.04,+9.73
LIA,-0.02,-0.06,-0.06
Roll,+0.75,+0.69,+354.44
--------------------------ACC,-0.42,+1.35,-317.97
LIA,-0.03,-0.04,-0.07
Roll,-7.25,+8.69,+362.44
--------------------------ACC,-0.41,+0.04,+9.69
LIA,-0.01,-0.06,-0.09
Roll,+0.75,+0.69,+354.44
--------------------------ACC,-0.41,+0.06,+9.70
LIA,-0.01,-0.06,-0.09
Roll,+0.75,+0.69,+354.44
--------------------------ACC,-0.40,+0.07,+9.72
LIA,+0.00,-0.04,-0.07
Roll,+0.75,+0.69,+354.44
--------------------------ACC,-0.41,+0.05,+9.73
LIA,+1.28,-0.04,-0.06
Roll,+0.75,+0.69,+354.44
--------------------------ACC,-0.40,+0.07,+9.71
LIA,+1.28,-0.04,-0.08
Roll,+0.75,+0.69,+354.44
--------------------------ACC,-0.42,+0.08,+9.72
LIA,-0.02,-0.03,-0.06
Roll,+0.75,+0.69,+354.44
--------------------------ACC,-0.40,+0.06,+8.41
LIA,+1.28,-0.05,-0.10
Roll,+0.75,+8.69,+354.44
--------------------------ACC,-0.41,+0.06,+9.73
LIA,-0.01,-0.05,-0.05
Roll,+0.75,+0.69,+354.44
--------------------------ACC,-0.39,+0.06,-319.25
LIA,-0.02,-0.03,-0.05
Roll,-7.25,+0.69,+362.44
--------------------------ACC,-0.40,+0.07,+9.72
LIA,+1.28,-0.04,-0.07
Roll,+0.75,+0.69,+354.44
--------------------------ACC,-0.42,+0.05,+9.71
LIA,-0.01,-0.05,-0.06
Roll,-7.25,+8.69,+362.44
--------------------------ACC,-0.41,+0.08,+9.70
LIA,-0.01,-0.03,-0.08
Roll,+0.75,+0.69,+354.44
--------------------------ACC,-0.41,+0.06,+9.72
LIA,-0.01,-0.05,-0.06
Roll,+0.75,+0.69,+362.44
--------------------------ACC,-0.40,+1.32,+9.70
LIA,+1.28,-1.34,-0.08
Roll,-7.25,+0.69,+354.44
--------------------------ACC,-0.41,+0.07,+9.72
LIA,-0.02,-0.04,-0.06
Roll,+0.75,+0.69,+362.44
--------------------------ACC,-0.42,+1.35,-319.26
LIA,-0.01,-0.04,-0.06
Roll,-7.25,+8.69,+354.44
--------------------------ACC,-0.41,+1.36,+8.44
LIA,-0.01,-0.03,-0.07
Roll,+0.75,+0.69,+354.44
--------------------------ACC,-0.41,+0.07,+9.71
LIA,-0.01,-0.04,-0.07
Roll,+0.75,+0.69,+354.44
--------------------------ACC,-0.42,+1.34,+9.73
LIA,-0.02,-0.05,-0.06
Roll,-7.25,+8.69,+354.44
--------------------------ACC,-0.41,+0.07,+9.72
LIA,-0.01,-0.04,-0.07
Roll,+0.75,+0.69,+354.44
--------------------------ACC,-0.39,+0.07,+8.42
LIA,+0.00,-1.32,-0.08
Roll,+0.75,+8.69,+362.44
--------------------------ACC,-0.41,+0.05,+9.71
LIA,-0.01,-0.06,-0.07
Roll,+0.75,+0.69,+354.44
--------------------------ACC,-0.42,+1.36,-319.25
LIA,-0.01,-0.04,-0.06
Roll,-7.25,+0.69,+362.44
--------------------------ACC,-0.41,+0.07,+9.70
LIA,-0.01,-0.04,-0.09
Roll,+0.75,+0.69,+354.44
--------------------------ACC,-0.41,+0.06,+9.71
LIA,+1.28,-0.03,-0.06
Roll,+0.75,+0.69,+362.44
--------------------------ACC,-0.41,+0.06,+9.74
LIA,-0.01,-0.05,-0.05
Roll,+0.75,+0.69,+354.44
--------------------------ACC,-0.41,+0.07,+9.71
LIA,-0.02,-0.04,-0.08
Roll,+0.75,+0.69,+354.44
--------------------------ACC,-0.41,+0.06,+8.44
LIA,-0.02,-0.05,-0.07
Roll,+0.75,+0.69,+354.44
--------------------------ACC,-0.40,+0.07,+9.70
LIA,+1.28,-0.04,-0.09
Roll,+0.75,+0.69,+354.44
--------------------------ACC,-0.41,+1.33,-319.25
LIA,-0.01,-0.06,-0.07
Roll,-7.25,+8.69,+354.44
--------------------------ACC,-0.41,+0.05,+9.72
LIA,-0.01,-0.06,-0.06
Roll,+0.75,+0.69,+354.44
--------------------------ACC,-0.41,+1.34,+8.44
LIA,+1.28,-0.05,-0.05
Roll,-7.25,+8.69,+354.44
--------------------------ACC,-0.41,+1.34,+8.44
LIA,-0.01,-0.05,-0.07
Roll,+0.75,+0.69,+354.44
--------------------------ACC,-0.41,+0.07,+9.72
LIA,-0.01,-0.04,-0.07
Roll,+0.75,+0.69,+354.44
--------------------------ACC,-0.39,+0.07,+8.42
LIA,+1.28,-1.32,-0.09
Roll,+0.75,+0.69,+354.44
--------------------------ACC,-0.41,+0.06,+9.72
LIA,-0.01,-0.05,-0.06
Roll,+0.75,+0.69,+354.44
--------------------------ACC,-0.41,+0.06,-317.97
LIA,-0.02,-0.05,-0.06
Roll,-7.25,+0.69,+362.44
--------------------------ACC,-0.42,+0.08,+9.70
LIA,-0.02,-0.03,-0.08
Roll,+0.75,+0.69,+354.44
--------------------------ACC,-0.42,+0.06,+9.71
LIA,-0.01,-0.05,-0.08
Roll,-7.25,+0.69,+354.44
--------------------------ACC,-0.41,+1.35,+9.71
LIA,-0.01,-0.04,-0.07
Roll,+0.75,+0.69,+354.44
--------------------------ACC,-0.41,+0.06,+9.72
LIA,-0.01,-0.05,-0.06
Roll,+0.75,+0.69,+354.44
--------------------------ACC,-0.40,+0.05,+8.46
LIA,+1.28,-0.06,-0.05
Roll,-7.25,+8.69,+354.44
--------------------------ACC,-0.43,+0.07,+9.71
LIA,-0.04,-0.04,-0.08
Roll,+0.75,+0.69,+354.44
--------------------------ACC,-0.41,+0.07,-317.96
LIA,-0.01,-0.04,-0.06
Roll,-7.25,+8.69,+354.44
--------------------------ACC,-0.40,+0.09,+9.71
LIA,+0.00,-1.30,-0.07
Roll,+0.75,+0.69,+354.44
--------------------------ACC,-0.41,+0.05,+9.70
LIA,-0.01,-0.06,-0.05
Roll,-7.25,+0.69,+362.44
--------------------------ACC,-0.41,+1.35,+8.44
LIA,-0.01,-0.04,-0.07
Roll,+0.75,+0.69,+354.44
--------------------------ACC,-0.41,+0.07,+9.73
LIA,-0.02,-0.04,-0.06
Roll,+0.75,+8.69,+354.44
--------------------------ACC,-0.41,+1.33,+8.43
LIA,-0.01,-0.06,-0.08
Roll,-7.25,+8.69,+354.44
--------------------------ACC,-0.41,+0.07,+9.73
LIA,-0.01,-0.04,-0.06
Roll,+0.75,+0.69,+354.44
--------------------------ACC,-0.40,+1.34,+9.72
LIA,-0.02,-0.03,-0.07
Roll,-7.25,+0.69,+362.44
--------------------------ACC,-0.41,+0.08,+9.72
LIA,-0.01,-0.03,-0.06
Roll,+0.75,+0.69,+354.44
--------------------------ACC,-0.41,+1.34,-319.25
LIA,+1.28,-0.05,-0.07
Roll,+0.75,+0.69,+362.44
--------------------------ACC,-0.41,+0.06,+9.70
LIA,-0.01,-0.05,-0.09
Roll,+0.75,+0.69,+354.44
--------------------------ACC,-0.41,+1.36,+9.70
LIA,+1.28,-0.04,-0.07
Roll,-7.25,+0.69,+362.44
--------------------------ACC,-0.42,+0.07,+9.71
LIA,-0.03,-0.04,-0.08
Roll,+0.75,+0.69,+354.44
--------------------------ACC,-0.39,+0.06,+9.72
LIA,+1.28,-0.05,-0.07
Roll,+0.75,+0.69,+354.44
--------------------------ACC,-0.41,+0.09,-319.26
LIA,-0.01,-0.02,-0.08
Roll,-7.25,+8.69,+354.44
--------------------------ACC,-0.41,+0.08,+9.70
LIA,-0.01,-0.03,-0.09
Roll,+0.75,+0.69,+362.44
--------------------------ACC,-0.39,+0.07,-319.26
LIA,-0.01,-0.06,-0.08
Roll,+0.75,+0.69,+362.44
--------------------------ACC,-0.41,+0.08,-319.22
LIA,-0.01,-0.03,-0.05
Roll,+0.75,+0.69,+354.44
--------------------------ACC,-0.42,+0.08,+9.71
LIA,-0.02,-0.03,-0.07
Roll,+0.75,+0.69,+354.44
--------------------------ACC,-0.41,+0.08,-319.23
LIA,-0.01,-0.03,-0.05
Roll,+0.75,+8.69,+362.44
--------------------------ACC,-0.40,+0.05,+9.72
LIA,+1.28,-0.06,-0.06
Roll,+0.75,+0.69,+354.44
--------------------------ACC,-0.40,+1.36,+8.41
LIA,+1.28,-1.31,-0.10
Roll,+0.75,+8.69,+354.44
--------------------------ACC,-0.40,+0.06,+9.71
LIA,+0.00,-1.33,-0.08
Roll,+0.75,+0.69,+354.44
--------------------------ACC,-0.40,+1.34,+9.73
LIA,+1.28,-0.03,-0.09
Roll,+0.75,+8.69,+362.44
--------------------------ACC,-0.42,+0.09,+9.72
LIA,-0.02,-0.02,-0.06
Roll,+0.75,+0.69,+354.44
--------------------------ACC,-0.41,+0.07,+9.70
LIA,-0.01,-0.04,-0.08
Roll,+0.75,+0.69,+354.44
--------------------------ACC,-0.40,+0.05,+9.75
LIA,+0.00,-1.34,-0.04
Roll,+0.75,+0.69,+362.44
--------------------------ACC,-0.41,+0.06,+9.72
LIA,-0.02,-0.05,-0.07
Roll,+0.75,+0.69,+354.44
--------------------------ACC,-0.43,+1.35,+8.42
LIA,+1.28,-0.04,-0.07
Roll,-7.25,+8.69,+354.44
--------------------------ACC,-0.41,+0.07,+8.45
LIA,-0.01,-0.04,-0.06
Roll,+0.75,+0.69,+354.44
--------------------------ACC,-0.42,+0.07,+9.71
LIA,-0.02,-0.04,-0.08
Roll,+0.75,+0.69,+362.44
--------------------------ACC,-0.41,+1.37,+9.70
LIA,-0.02,-0.02,-0.08
Roll,+0.75,+0.69,+354.44
--------------------------ACC,-0.42,+0.07,+9.73
LIA,-0.02,-0.04,-0.05
Roll,+0.75,+0.69,+354.44
--------------------------ACC,-0.41,+0.05,-319.27
LIA,-0.01,-0.06,-0.09
Roll,+0.75,+0.69,+362.44
--------------------------ACC,-0.39,+0.07,+9.71
LIA,+0.00,-0.04,-0.07
Roll,+0.75,+0.69,+354.44
--------------------------ACC,-0.41,+1.35,+9.69
LIA,+1.28,-0.04,-0.05
Roll,+0.75,+0.69,+354.44
--------------------------ACC,-0.40,+0.07,+9.72
LIA,+0.00,-0.04,-0.07
Roll,+0.75,+0.69,+354.44
--------------------------ACC,-0.41,+0.05,+9.72
LIA,-0.02,-0.05,-0.07
Roll,-7.25,+0.69,+362.44
--------------------------ACC,-0.41,+0.06,-319.24
LIA,-0.02,-0.05,-0.07
Roll,+0.75,+0.69,+354.44
--------------------------ACC,-0.41,+0.06,+9.71
LIA,-0.01,-0.05,-0.07
Roll,+0.75,+0.69,+354.44
--------------------------ACC,-0.41,+0.07,+9.69
LIA,-0.01,-0.04,-0.10
Roll,+0.75,+0.69,+354.44
--------------------------ACC,-0.41,+0.07,+9.73
LIA,-0.02,-0.04,-0.05
Roll,+0.75,+0.69,+354.44
--------------------------ACC,-0.41,+1.35,+8.43
LIA,-0.01,-0.05,-0.06
Roll,+0.75,+0.69,+354.44
--------------------------ACC,-0.39,+0.06,+9.69
LIA,+0.00,-0.05,-0.10
Roll,+0.75,+0.69,+354.44
--------------------------ACC,-0.41,+0.07,+9.73
LIA,-0.02,-0.04,-0.06
Roll,+0.75,+0.69,+362.44
--------------------------ACC,-0.40,+0.05,-317.98
LIA,+1.28,-1.34,-0.08
Roll,+0.75,+0.69,+354.44
--------------------------ACC,-0.40,+0.07,+9.72
LIA,+1.28,-0.04,-0.07
Roll,+0.75,+0.69,+354.44
--------------------------ACC,-0.41,+0.07,+8.43
LIA,-0.02,-0.04,-0.08
Roll,-7.25,+0.69,+362.44
--------------------------ACC,-0.41,+0.07,+9.73
LIA,-0.02,-0.04,-0.05
Roll,+0.75,+0.69,+354.44
--------------------------ACC,-0.41,+1.34,-317.97
LIA,-0.01,-0.05,-0.07
Roll,+0.75,+8.69,+362.44
--------------------------ACC,-0.42,+0.07,+9.72
LIA,-0.03,-0.04,-0.06
Roll,+0.75,+0.69,+354.44
--------------------------ACC,-0.40,+1.34,+9.73
LIA,-0.01,-0.06,-0.07
Roll,+0.75,+8.69,+354.44
--------------------------ACC,-0.41,+0.07,+9.72
LIA,-0.01,-0.04,-0.07
Roll,+0.75,+0.69,+354.44
--------------------------ACC,-0.41,+0.05,+9.69
LIA,-0.01,-0.06,-0.09
Roll,-7.25,+0.69,+354.44
--------------------------ACC,-0.42,+0.07,-317.95
LIA,-0.03,-0.04,-0.05
Roll,+0.75,+0.69,+354.44
--------------------------ACC,-0.41,+0.05,+9.69
LIA,-0.01,-0.06,-0.10
Roll,+0.75,+0.69,+354.44
--------------------------ACC,-0.41,+0.05,+8.44
LIA,-0.01,-0.06,-0.06
Roll,-7.25,+0.69,+354.44
--------------------------ACC,-0.41,+0.06,+9.72
LIA,-0.02,-0.05,-0.07
Roll,+0.75,+0.69,+354.44
--------------------------ACC,-0.41,+1.35,-319.25
LIA,-0.02,-0.06,-0.06
Roll,+0.75,+8.69,+354.44
--------------------------ACC,-0.44,+0.06,+9.70
LIA,-0.04,-0.05,-0.08
Roll,+0.75,+0.69,+354.44
--------------------------ACC,-0.40,+0.07,+9.73
LIA,+1.28,-0.04,-0.05
Roll,+0.75,+0.69,+354.44
--------------------------ACC,-0.40,+0.06,+8.43
LIA,+1.28,-1.33,-0.07
Roll,+0.75,+8.69,+354.44
--------------------------ACC,-0.41,+0.06,+9.69
LIA,-0.01,-0.05,-0.10
Roll,+0.75,+0.69,+362.44
--------------------------ACC,-0.41,+1.35,+9.73
LIA,-0.02,-0.05,-0.07
Roll,+0.75,+0.69,+354.44
--------------------------ACC,-0.40,+0.07,+9.71
LIA,+0.00,-1.32,-0.08
Roll,+0.75,+0.69,+354.44
--------------------------ACC,-0.41,+0.05,+8.43
LIA,-0.02,-0.05,-0.07
Roll,+0.75,+8.69,+354.44
--------------------------ACC,-0.42,+0.06,+9.70
LIA,-0.02,-0.05,-0.09
Roll,+0.75,+0.69,+354.44
--------------------------ACC,-0.41,+1.33,+8.44
LIA,-0.01,-0.04,-0.05
Roll,-7.25,+0.69,+354.44
--------------------------ACC,-0.42,+0.08,+9.70
LIA,-0.03,-0.03,-0.08
Roll,+0.75,+0.69,+354.44
--------------------------ACC,-0.43,+1.35,+9.72
LIA,+1.28,-0.05,-0.06
Roll,+0.75,+8.69,+362.44
--------------------------ACC,-0.41,+1.35,-317.95
LIA,-0.01,-0.04,-0.05
Roll,+0.75,+0.69,+354.44
--------------------------ACC,-0.42,+0.07,+9.70
LIA,-0.03,-0.04,-0.09
Roll,+0.75,+0.69,+354.44
--------------------------ACC,-0.42,+1.34,+8.43
LIA,-0.02,-0.05,-0.07
Roll,-7.25,+0.69,+354.44
--------------------------ACC,-0.40,+0.06,+9.70
LIA,+1.28,-0.05,-0.08
Roll,+0.75,+0.69,+354.44
--------------------------ACC,-0.41,+1.37,+9.71
LIA,-0.01,-0.02,-0.07
Roll,-7.25,+0.69,+354.44
--------------------------ACC,-0.42,+0.03,+9.69
LIA,-0.02,-0.07,-0.09
Roll,+0.75,+0.69,+354.44
--------------------------ACC,-0.41,+1.33,+9.71
LIA,-0.01,-0.05,-0.06
Roll,+0.75,+0.69,+354.44
--------------------------ACC,-0.42,+0.05,+9.71
LIA,-0.02,-0.06,-0.08
Roll,+0.75,+0.69,+354.44
--------------------------ACC,-0.40,+0.07,+9.70
LIA,+1.28,-0.04,-0.08
Roll,+0.75,+8.69,+362.44
--------------------------ACC,-0.41,+0.06,+9.72
LIA,-0.01,-0.05,-0.06
Roll,+0.75,+0.69,+354.44
--------------------------ACC,-0.41,+0.08,+9.71
LIA,-0.01,-0.03,-0.08
Roll,+0.75,+0.69,+362.44
--------------------------ACC,-0.41,+1.33,-317.96
LIA,-0.01,-0.06,-0.07
Roll,+0.75,+0.69,+354.44
--------------------------ACC,-0.41,+0.07,+9.72
LIA,-0.02,-0.04,-0.06
Roll,+0.75,+0.69,+354.44
--------------------------ACC,-0.41,+0.08,-319.24
LIA,-0.02,-0.03,-0.07
Roll,+0.75,+8.69,+354.44
--------------------------ACC,-0.41,+0.07,+9.70
LIA,-0.01,-0.04,-0.08
Roll,+0.75,+0.69,+354.44
--------------------------ACC,-0.41,+0.07,-319.24
LIA,-0.02,-0.04,-0.06
Roll,-7.25,+0.69,+362.44
--------------------------ACC,-0.42,+0.09,+9.71
LIA,-0.02,-0.02,-0.07
Roll,+0.75,+0.69,+354.44
--------------------------ACC,-0.42,+0.07,+9.73
LIA,-0.01,-0.04,-0.08
Roll,-7.25,+0.69,+354.44
--------------------------ACC,-0.41,+1.36,+9.69
LIA,-0.01,-0.03,-0.09
Roll,+0.75,+0.69,+354.44
--------------------------ACC,-0.43,+0.05,+9.72
LIA,-0.04,-0.06,-0.06
Roll,+0.75,+0.69,+354.44
--------------------------ACC,-0.41,+1.35,+8.43
LIA,-0.02,-0.04,-0.08
Roll,+0.75,+0.69,+354.44
--------------------------ACC,-0.42,+0.07,+9.72
LIA,-0.02,-0.04,-0.07
Roll,+0.75,+0.69,+354.44
--------------------------ACC,-0.41,+1.34,-317.97
LIA,-0.01,-0.05,-0.07
Roll,+0.75,+0.69,+354.44
--------------------------ACC,-0.39,+0.05,+9.70
LIA,+1.28,-0.06,-0.08
Roll,+0.75,+0.69,+354.44
--------------------------ACC,-0.41,+0.09,+9.71
LIA,-0.03,-0.05,-0.06
Roll,+0.75,+8.69,+362.44
--------------------------ACC,-0.40,+0.08,+9.72
LIA,+0.00,-1.31,-0.06
Roll,+0.75,+0.69,+354.44
--------------------------ACC,-0.41,+1.36,+8.43
LIA,-0.01,-0.05,-0.09
Roll,-7.25,+0.69,+354.44
--------------------------ACC,-0.40,+1.35,+9.73
LIA,+1.28,-1.32,-0.06
Roll,+0.75,+0.69,+354.44
--------------------------ACC,-0.42,+0.05,+9.72
LIA,-0.03,-0.06,-0.06
Roll,+0.75,+0.69,+354.44
--------------------------ACC,-0.40,+0.06,+9.70
LIA,+1.28,-0.05,-0.08
Roll,-7.25,+0.69,+362.44
--------------------------ACC,-0.41,+0.05,+9.72
LIA,-0.01,-0.06,-0.07
Roll,+0.75,+0.69,+354.44
--------------------------ACC,-0.42,+1.36,-319.26
LIA,-0.02,-0.03,-0.08
Roll,+0.75,+0.69,+354.44
--------------------------ACC,-0.41,+0.06,+9.71
LIA,-0.02,-0.05,-0.08
Roll,+0.75,+0.69,+354.44
--------------------------ACC,-0.42,+1.33,+9.70
LIA,-0.02,-0.04,-0.09
Roll,-7.25,+8.69,+354.44
--------------------------ACC,-0.40,+1.33,+9.73
LIA,+0.00,-1.34,-0.05
Roll,+0.75,+0.69,+354.44
--------------------------ACC,-0.41,+0.06,+9.71
LIA,-0.01,-0.05,-0.08
Roll,+0.75,+0.69,+354.44
--------------------------ACC,-0.41,+1.33,+9.73
LIA,-0.02,-0.06,-0.06
Roll,+0.75,+8.69,+354.44
--------------------------ACC,-0.41,+0.04,+9.71
LIA,-0.01,-0.06,-0.08
Roll,+0.75,+0.69,+354.44
--------------------------ACC,-0.42,+0.08,-319.22
LIA,-0.03,-0.03,-0.05
Roll,+0.75,+0.69,+354.44
--------------------------ACC,-0.41,+0.07,+9.72
LIA,-0.02,-0.04,-0.07
Roll,+0.75,+0.69,+354.44
--------------------------ACC,-0.40,+1.35,-317.98
LIA,-0.01,-0.06,-0.07
Roll,+0.75,+0.69,+354.44
--------------------------ACC,-0.43,+0.06,+9.73
LIA,-0.04,-0.05,-0.05
Roll,+0.75,+0.69,+354.44
--------------------------ACC,-0.40,+0.08,+9.74
LIA,+1.28,-0.03,-0.05
Roll,+0.75,+0.69,+362.44
--------------------------ACC,-0.41,+1.33,-319.26
LIA,-0.01,-0.06,-0.09
Roll,+0.75,+0.69,+354.44
--------------------------ACC,-0.40,+0.07,+9.70
LIA,+1.28,-0.04,-0.08
Roll,+0.75,+0.69,+354.44
--------------------------ACC,-0.41,+0.07,-317.97
LIA,-0.02,-0.04,-0.08
Roll,-7.25,+8.69,+354.44
--------------------------ACC,-0.41,+0.06,+9.73
LIA,-0.02,-0.05,-0.06
Roll,+0.75,+0.69,+354.44
--------------------------ACC,-0.41,+0.07,+8.45
LIA,-0.01,-0.04,-0.06
Roll,+0.75,+8.69,+354.44
--------------------------ACC,-0.41,+0.06,+9.75
LIA,-0.01,-0.05,-0.04
Roll,+0.75,+0.69,+354.44
--------------------------ACC,-0.42,+1.33,+8.44
LIA,-0.02,-0.06,-0.06
Roll,-7.25,+0.69,+354.44
--------------------------ACC,-0.40,+0.05,+9.70
LIA,+1.28,-0.06,-0.08
Roll,+0.75,+0.69,+354.44
--------------------------ACC,-0.41,+0.07,+8.43
LIA,-0.02,-0.05,-0.07
Roll,-7.25,+0.69,+354.44
--------------------------ACC,-0.42,+1.34,-317.98
LIA,-0.02,-0.05,-0.09
Roll,+0.75,+0.69,+354.44
--------------------------ACC,-0.41,+0.07,+9.72
LIA,-0.01,-0.04,-0.07
Roll,+0.75,+0.69,+354.44
--------------------------ACC,-0.42,+0.07,-319.24
LIA,-0.02,-0.04,-0.07
Roll,-7.25,+0.69,+362.44
--------------------------ACC,-0.41,+0.07,+9.69
LIA,-0.02,-0.04,-0.10
Roll,+0.75,+0.69,+354.44
--------------------------ACC,-0.41,+1.35,+9.73
LIA,-0.01,-0.04,-0.06
Roll,+0.75,+0.69,+354.44
--------------------------ACC,-0.42,+0.06,+9.70
LIA,-0.02,-0.05,-0.08
Roll,+0.75,+0.69,+354.44
--------------------------ACC,-0.41,+1.36,-319.24
LIA,-0.02,-0.03,-0.06
Roll,-7.25,+8.69,+362.44
--------------------------ACC,-0.42,+0.04,+9.72
LIA,-0.02,-0.06,-0.07
Roll,+0.75,+0.69,+354.44
--------------------------ACC,-0.42,+1.34,+9.73
LIA,-0.01,-0.04,-0.05
Roll,-7.25,+0.69,+362.44
--------------------------ACC,-0.41,+0.05,+8.46
LIA,-0.02,-0.06,-0.05
Roll,+0.75,+0.69,+362.44
--------------------------ACC,-0.41,+0.06,+9.72
LIA,-0.01,-0.05,-0.06
Roll,+0.75,+0.69,+354.44
--------------------------ACC,-0.42,+1.35,-317.95
LIA,-0.03,-0.04,-0.06
Roll,-7.25,+8.69,+354.44
--------------------------ACC,-0.41,+0.07,+9.71
LIA,-0.01,-0.04,-0.08
Roll,+0.75,+0.69,+362.44
--------------------------ACC,-0.41,+1.37,-319.25
LIA,-0.01,-0.02,-0.07
Roll,-7.25,+0.69,+354.44
--------------------------ACC,-0.42,+0.07,+9.72
LIA,-0.02,-0.04,-0.06
Roll,+0.75,+0.69,+354.44
--------------------------ACC,-0.42,+0.07,+9.71
LIA,-0.04,-0.03,-0.08
Roll,-7.25,+8.69,+354.44
--------------------------ACC,-0.41,+0.07,+9.72
LIA,-0.01,-0.04,-0.06
Roll,+0.75,+0.69,+354.44
--------------------------ACC,-0.41,+0.05,+9.72
LIA,-0.02,-0.06,-0.07
Roll,+0.75,+0.69,+354.44
--------------------------ACC,-0.39,+0.06,+9.72
LIA,+0.00,-0.05,-0.07
Roll,+0.75,+8.69,+354.44
--------------------------ACC,-0.42,+0.06,+9.75
LIA,-0.03,-0.05,-0.04
Roll,+0.75,+0.69,+354.44
--------------------------ACC,-0.41,+1.37,-319.24
LIA,-0.01,-0.02,-0.06
Roll,-7.25,+8.69,+362.44
--------------------------ACC,-0.41,+0.07,+9.68
LIA,-0.02,-0.04,-0.11
Roll,+0.75,+0.69,+354.44
--------------------------ACC,-0.43,+0.08,+9.69
LIA,-0.02,-0.04,-0.07
Roll,-7.25,+8.69,+354.44
--------------------------ACC,-0.40,+0.08,-319.24
LIA,+0.00,-0.03,-0.07
Roll,+0.75,+8.69,+354.44
--------------------------ACC,-0.42,+0.07,+9.73
LIA,-0.02,-0.04,-0.05
Roll,+0.75,+0.69,+362.44
--------------------------ACC,-0.41,+0.06,-319.24
LIA,-0.01,-0.05,-0.06
Roll,-7.25,+0.69,+354.44
--------------------------ACC,-0.41,+0.08,+9.73
LIA,-0.02,-0.03,-0.05
Roll,+0.75,+0.69,+354.44
--------------------------ACC,-0.41,+0.07,+8.44
LIA,-0.02,-0.04,-0.06
Roll,-7.25,+8.69,+354.44
--------------------------ACC,-0.41,+0.07,+9.73
LIA,-0.01,-0.04,-0.06
Roll,+0.75,+0.69,+354.44
--------------------------ACC,-0.40,+0.09,+9.71
LIA,-0.03,-0.04,-0.04
Roll,+0.75,+0.69,+354.44
--------------------------ACC,-0.41,+0.07,+9.69
LIA,-0.01,-0.04,-0.09
Roll,+0.75,+0.69,+354.44
--------------------------ACC,-0.41,+0.05,-317.95
LIA,-0.01,-0.04,-0.08
Roll,+0.75,+8.69,+362.44
--------------------------ACC,-0.41,+0.08,+9.72
LIA,-0.01,-0.03,-0.06
Roll,+0.75,+0.69,+354.44
--------------------------ACC,-0.43,+0.09,+9.71
LIA,+1.28,-0.03,-0.07
Roll,+0.75,+0.69,+354.44
--------------------------ACC,-0.42,+1.34,-317.96
LIA,-0.02,-0.05,-0.07
Roll,+0.75,+0.69,+354.44
--------------------------ACC,-0.42,+0.08,+9.70
LIA,-0.03,-0.03,-0.08
Roll,+0.75,+0.69,+362.44
--------------------------ACC,-0.43,+0.06,+8.42
LIA,-0.04,-0.05,-0.08
Roll,+0.75,+0.69,+354.44
--------------------------ACC,-0.41,+0.07,+9.72
LIA,-0.01,-0.04,-0.06
Roll,+0.75,+0.69,+354.44
--------------------------ACC,-0.42,+0.07,-319.25
LIA,-0.02,-0.04,-0.08
Roll,-7.25,+8.69,+354.44
--------------------------ACC,-0.41,+0.06,-317.95
LIA,-0.01,-0.05,-0.06
Roll,+0.75,+0.69,+354.44
--------------------------ACC,-0.41,+1.35,+9.69
LIA,-0.01,-0.05,-0.06
Roll,-7.25,+0.69,+362.44
--------------------------ACC,-0.41,+0.07,-319.23
LIA,-0.02,-0.04,-0.05
Roll,+0.75,+0.69,+354.44
--------------------------ACC,-0.42,+0.08,+9.74
LIA,-0.03,-0.03,-0.05
Roll,-7.25,+8.69,+354.44
--------------------------ACC,-0.41,+0.07,+8.44
LIA,-0.01,-0.04,-0.06
Roll,+0.75,+0.69,+354.44
--------------------------ACC,-0.40,+0.05,+9.69
LIA,+1.28,-0.06,-0.09
Roll,+0.75,+0.69,+354.44
--------------------------ACC,-0.42,+0.06,-317.95
LIA,-0.03,-0.05,-0.06
Roll,+0.75,+8.69,+354.44
--------------------------ACC,-0.41,+0.06,+9.71
LIA,-0.02,-0.05,-0.07
Roll,+0.75,+0.69,+354.44
--------------------------ACC,-0.42,+0.06,-319.25
LIA,-0.02,-0.05,-0.07
Roll,+0.75,+8.69,+354.44
--------------------------ACC,-0.41,+0.05,+9.72
LIA,-0.02,-0.06,-0.06
Roll,+0.75,+0.69,+354.44
--------------------------ACC,-0.41,+0.07,+9.71
LIA,-0.03,-0.05,-0.08
Roll,-7.25,+0.69,+354.44
--------------------------ACC,-0.41,+0.04,+9.71
LIA,-0.01,-0.07,-0.07
Roll,+0.75,+0.69,+354.44
--------------------------ACC,-0.40,+0.06,+9.73
LIA,+1.28,-0.05,-0.06
Roll,+0.75,+0.69,+354.44
--------------------------ACC,-0.42,+1.34,-319.24
LIA,-0.02,-0.05,-0.06
Roll,+0.75,+0.69,+354.44
--------------------------ACC,-0.42,+0.07,+9.73
LIA,-0.02,-0.04,-0.06
Roll,+0.75,+0.69,+354.44
--------------------------ACC,-0.43,+1.32,-317.99
LIA,-0.03,-0.07,-0.10
Roll,-7.25,+0.69,+354.44
--------------------------ACC,-0.41,+0.07,+9.71
LIA,-0.01,-0.04,-0.07
Roll,+0.75,+0.69,+354.44
--------------------------ACC,-0.42,+0.06,-317.95
LIA,-0.02,-0.05,-0.06
Roll,+0.75,+0.69,+362.44
--------------------------ACC,-0.41,+0.05,+9.73
LIA,-0.01,-0.06,-0.05
Roll,+0.75,+0.69,+354.44
--------------------------ACC,-0.42,+0.06,+9.71
LIA,+1.28,-0.05,-0.08
Roll,-7.25,+0.69,+354.44
--------------------------ACC,-0.42,+1.32,-319.25
LIA,-0.03,-0.06,-0.08
Roll,+0.75,+0.69,+354.44
--------------------------ACC,-0.42,+0.07,+9.69
LIA,-0.02,-0.04,-0.09
Roll,+0.75,+0.69,+354.44
--------------------------ACC,-0.43,+1.35,+8.42
LIA,-0.03,-0.04,-0.08
Roll,+0.75,+0.69,+362.44
--------------------------ACC,-0.40,+0.07,+9.73
LIA,+1.28,-0.04,-0.05
Roll,+0.75,+0.69,+354.44
--------------------------ACC,-0.42,+0.06,+9.70
LIA,-0.04,-0.04,-0.08
Roll,-7.25,+8.69,+354.44
--------------------------ACC,-0.40,+0.07,+9.72
LIA,+0.00,-1.32,-0.06
Roll,+0.75,+0.69,+354.44
--------------------------ACC,-0.42,+0.07,+9.73
LIA,-0.02,-0.04,-0.06
Roll,+0.75,+8.69,+354.44
--------------------------ACC,-0.41,+1.35,+8.44
LIA,-0.01,-0.04,-0.06
Roll,+0.75,+0.69,+354.44
--------------------------ACC,-0.41,+0.07,+9.72
LIA,-0.01,-0.04,-0.07
Roll,+0.75,+0.69,+354.44
--------------------------ACC,-0.42,+0.08,+8.44
LIA,-0.02,-0.03,-0.07
Roll,+0.75,+8.69,+362.44
--------------------------ACC,-0.42,+0.07,+9.71
LIA,-0.02,-0.04,-0.07
Roll,+0.75,+0.69,+354.44
--------------------------ACC,-0.41,+0.07,+9.74
LIA,-0.01,-0.05,-0.08
Roll,+0.75,+8.69,+362.44
--------------------------ACC,-0.42,+0.08,-317.96
LIA,-0.02,-0.03,-0.07
Roll,+0.75,+0.69,+354.44
--------------------------ACC,-0.42,+0.06,+9.71
LIA,-0.02,-0.05,-0.08
Roll,+0.75,+0.69,+354.44
--------------------------ACC,-0.42,+0.06,-317.96
LIA,-0.02,-0.05,-0.07
Roll,+0.75,+8.69,+354.44
--------------------------ACC,-0.40,+0.06,+9.69
LIA,+1.28,-0.05,-0.09
Roll,+0.75,+0.69,+354.44
--------------------------ACC,-0.39,+1.32,+9.71
LIA,-0.04,-0.05,-0.06
Roll,+0.75,+8.69,+362.44
--------------------------ACC,-0.41,+0.07,+9.72
LIA,-0.01,-0.04,-0.07
Roll,+0.75,+0.69,+354.44
--------------------------ACC,-0.40,+0.08,+9.73
LIA,-0.01,-0.04,-0.06
Roll,-7.25,+0.69,+354.44
--------------------------ACC,-0.41,+0.06,+9.71
LIA,-0.02,-0.05,-0.08
Roll,+0.75,+0.69,+354.44
--------------------------ACC,-0.42,+0.07,+9.72
LIA,+1.28,-0.05,-0.07
Roll,-7.25,+8.69,+362.44
--------------------------ACC,-0.41,+0.08,+8.43
LIA,-0.01,-0.03,-0.08
Roll,+0.75,+0.69,+354.44
--------------------------ACC,-0.43,+0.05,+9.72
LIA,-0.03,-0.06,-0.07
Roll,+0.75,+0.69,+354.44
--------------------------ACC,-0.41,+0.06,+9.69
LIA,-0.01,-0.05,-0.10
Roll,-7.25,+0.69,+354.44
--------------------------ACC,-0.41,+0.06,+9.74
LIA,-0.02,-0.05,-0.05
Roll,+0.75,+0.69,+354.44
--------------------------ACC,-0.39,+1.35,-317.98
LIA,-0.03,-0.06,-0.08
Roll,-7.25,+8.69,+362.44
--------------------------ACC,-0.39,+0.07,+9.70
LIA,+1.28,-1.32,-0.08
Roll,+0.75,+0.69,+354.44
--------------------------ACC,-0.42,+0.08,+9.76
LIA,+1.28,-0.04,-0.08
Roll,+0.75,+8.69,+362.44
--------------------------ACC,-0.44,+0.07,-319.27
LIA,-0.05,-0.04,-0.10
Roll,+0.75,+8.69,+354.44
--------------------------ACC,-0.39,+0.05,+9.71
LIA,+1.28,-0.06,-0.07
Roll,+0.75,+0.69,+354.44
--------------------------ACC,-0.41,+0.07,-319.26
LIA,-0.02,-0.04,-0.09
Roll,-7.25,+0.69,+354.44
--------------------------ACC,-0.41,+0.07,+9.70
LIA,-0.02,-0.04,-0.08
Roll,+0.75,+0.69,+354.44
--------------------------ACC,-0.41,+1.35,+9.67
LIA,-0.04,-0.04,-0.07
Roll,-7.25,+0.69,+362.44
--------------------------ACC,-0.42,+0.05,+9.71
LIA,-0.03,-0.06,-0.08
Roll,+0.75,+0.69,+354.44
--------------------------ACC,-0.41,+0.08,+9.71
LIA,-0.02,-0.04,-0.07
Roll,-7.25,+8.69,+354.44
--------------------------ACC,-0.41,+0.05,-317.95
LIA,-0.02,-0.06,-0.06
Roll,+0.75,+0.69,+354.44
--------------------------ACC,-0.41,+0.04,+9.70
LIA,-0.02,-0.07,-0.08
Roll,+0.75,+0.69,+354.44
--------------------------ACC,-0.39,+0.07,-317.98
LIA,+0.00,-1.32,-0.08
Roll,-7.25,+0.69,+362.44
--------------------------ACC,-0.40,+0.06,+9.71
LIA,+1.28,-0.05,-0.08
Roll,+0.75,+0.69,+354.44
--------------------------ACC,-0.41,+1.35,+8.42
LIA,-0.02,-0.04,-0.08
Roll,+0.75,+0.69,+354.44
--------------------------ACC,-0.41,+0.08,+9.70
LIA,-0.01,-0.03,-0.08
Roll,+0.75,+0.69,+354.44
--------------------------ACC,-0.40,+1.36,-317.98
LIA,+1.28,-0.03,-0.08
Roll,-7.25,+8.69,+354.44
--------------------------ACC,-0.41,+0.07,+9.73
LIA,-0.01,-0.04,-0.05
Roll,+0.75,+0.69,+354.44
--------------------------ACC,-0.42,+0.07,+9.70
LIA,-0.03,-0.04,-0.08
Roll,-7.25,+8.69,+354.44
--------------------------ACC,-0.42,+0.08,-319.26
LIA,-0.02,-0.03,-0.09
Roll,+0.75,+0.69,+362.44
--------------------------ACC,-0.42,+0.08,+9.71
LIA,-0.03,-0.03,-0.08
Roll,+0.75,+0.69,+354.44
--------------------------ACC,-0.40,+0.05,-317.96
LIA,+1.28,-1.34,-0.07
Roll,+0.75,+0.69,+354.44
