SWV ITM Data Console - ITM Port: 0
Temperature,26
ACC,-0.29,-0.54,+9.68
LIA,-0.08,+0.05,-1.38
GYR,-0.88,-2.69,-0.75
MAG,+8.00,+0.00,+0.00
GRV,+9.78,-0.59,+0.00
Roll,-1.19,-3.44,+286.25
QUA,+0.81,-0.03,-0.01,+0.60
Temperature,26
ACC,-0.13,-0.63,+9.63
LIA,+0.09,+0.00,-0.14
GYR,-4.06,-1.00,+3.12
MAG,+0.00,+0.00,+0.00
GRV,+9.78,-0.61,+0.00
Roll,-9.06,-3.56,+286.12
QUA,+0.81,-0.03,-0.01,+0.60
Temperature,26
ACC,-0.25,-0.57,-317.99
LIA,-0.14,+0.06,-0.02
GYR,+0.00,+0.88,-1.25
MAG,+0.00,+0.00,+0.00
GRV,+9.78,-0.62,+0.00
Roll,-9.12,-3.62,+286.06
QUA,+0.80,-0.03,-0.00,+0.60
Temperature,-102
ACC,-0.14,-0.56,-317.93
LIA,+1.35,+0.04,-0.08
GYR,+8.75,+1.19,+0.88
MAG,+0.00,+0.00,+0.00
GRV,+9.78,-0.61,+0.00
Roll,-1.38,-3.56,-1762.00
QUA,+0.80,-0.03,-0.01,+0.60
Temperature,26
ACC,-0.39,-0.44,-317.78
LIA,-0.12,+0.15,+0.11
GYR,+1.69,+3.25,+1.00
MAG,+0.00,+0.00,+0.00
GRV,+9.78,-0.59,+0.00
Roll,-9.56,-3.50,+285.94
QUA,+0.80,-0.03,+1.99,+0.60
Temperature,26
ACC,-0.30,-0.54,+9.56
LIA,+1.30,+0.00,-0.22
GYR,+1.56,+2.75,+0.38
MAG,+0.00,+0.00,+0.00
GRV,+9.78,-0.55,+0.00
Roll,-9.94,-3.19,-1762.19
QUA,+0.80,-0.04,-0.00,+0.60
Temperature,26
ACC,-0.36,-0.49,+9.74
LIA,+1.28,+0.06,-0.04
GYR,+0.06,+1.75,+1.88
MAG,+0.00,+0.00,+0.00
GRV,+9.78,-0.55,+0.00
Roll,-10.12,-3.25,+285.75
QUA,+0.80,-0.03,-0.00,+0.60
Temperature,26
ACC,-0.39,-0.46,+9.74
LIA,+1.28,+0.08,-0.03
GYR,+1.31,+1.00,+0.69
MAG,+0.00,+0.00,+0.00
GRV,+9.78,-0.54,+0.00
Roll,-10.31,-3.19,-1762.38
QUA,+0.80,-0.04,-0.00,+0.60
Temperature,26
ACC,-0.49,-0.45,+9.63
LIA,-0.07,+0.07,-1.42
GYR,+8.50,+0.50,+0.94
MAG,+0.00,+0.00,+0.00
GRV,+9.78,-0.53,+0.00
Roll,-2.44,-3.12,+285.62
QUA,+0.80,-0.04,+0.01,+0.60
Temperature,26
ACC,-0.49,-0.30,+9.82
LIA,-0.03,+1.48,+0.04
GYR,+9.38,+2.00,-9.50
MAG,+0.00,+0.00,+0.00
GRV,+9.78,-0.50,+0.00
Roll,-2.62,-2.94,+285.69
QUA,+0.80,-0.03,+0.00,+0.60
Temperature,26
ACC,-0.47,-0.23,+9.77
LIA,+1.30,+0.19,-0.01
GYR,+5.00,+2.19,-4.69
MAG,+0.00,+0.00,+0.00
GRV,-317.90,-0.43,+0.00
Roll,-2.88,-2.50,+286.12
QUA,+0.80,-0.03,+0.01,+0.60
Temperature,26
ACC,-0.09,-0.25,+9.69
LIA,+1.63,+0.13,-0.08
GYR,+4.44,-2.88,-6.00
MAG,+0.00,+0.00,+0.00
GRV,+9.78,-0.39,+0.00
Roll,-10.56,-2.25,-1761.25
QUA,+0.81,-0.03,+0.01,+0.60
Temperature,26
ACC,-0.30,-0.09,+9.80
LIA,+1.47,+0.10,-0.02
GYR,+11.56,-8.25,-8.62
MAG,+0.00,+0.00,+0.00
GRV,+9.79,-0.32,+0.00
Roll,-9.88,-1.88,+288.06
QUA,+0.81,-0.02,+0.00,+0.59
Temperature,26
ACC,+1.28,-0.07,+10.01
LIA,+1.40,+0.18,+0.22
GYR,+7.25,-8.12,-18.56
MAG,+0.00,+0.00,+0.00
GRV,+9.80,-0.25,+0.00
Roll,-8.62,-1.50,+289.94
QUA,+0.82,+1.99,-0.00,+0.57
Temperature,-102
ACC,+0.39,-1.58,+9.36
LIA,+1.55,-0.28,-0.55
GYR,-1.88,-13.88,-30.56
MAG,+0.00,+0.00,+0.00
GRV,+9.80,-0.07,+0.00
Roll,+0.50,-0.44,+292.94
QUA,+0.84,-0.00,-0.01,+0.55
Temperature,26
ACC,+0.57,-0.18,+9.58
LIA,-0.02,+0.11,-0.16
GYR,+13.56,-6.31,-42.62
MAG,+0.00,+0.00,+0.00
GRV,+8.52,+0.09,+0.00
Roll,+1.69,+0.56,+297.75
QUA,-1.14,+0.01,-0.01,+0.52
Temperature,26
ACC,-0.19,+0.63,+9.41
LIA,-0.47,+0.23,-0.33
GYR,+16.44,-10.38,-41.44
MAG,+0.00,+0.00,+0.00
GRV,+9.79,+0.36,+0.00
Roll,+2.25,+2.06,-1744.25
QUA,-1.11,+0.03,-0.01,+0.47
Temperature,26
ACC,+1.81,+0.14,+9.10
LIA,+1.49,-0.50,-0.49
GYR,-4.12,-2.31,-41.44
MAG,+0.00,+0.00,+0.00
GRV,+9.77,+0.49,+0.00
Roll,+3.12,+2.88,+317.31
QUA,+0.90,+0.03,-0.01,+0.42
Temperature,26
ACC,+0.89,-0.16,+9.90
LIA,+1.65,-0.58,+0.10
GYR,-3.00,-12.00,-31.94
MAG,+0.00,+0.00,+0.00
GRV,+8.50,+0.37,+0.00
Roll,+3.38,+2.19,+315.38
QUA,+0.93,+0.03,-0.02,+0.38
Temperature,26
ACC,+1.82,+0.09,-318.01
LIA,-0.17,-0.18,-0.06
GYR,-5.44,-10.00,-30.25
MAG,+0.00,+0.00,+0.00
GRV,+9.76,+0.29,+0.00
Roll,-2043.31,+1.69,-1728.31
QUA,+0.95,+0.03,-0.03,+0.34
Temperature,26
ACC,+0.57,+0.11,+8.33
LIA,-0.25,-0.14,-0.04
GYR,-3.69,-1.50,-23.81
MAG,+0.00,+0.00,+0.00
GRV,-317.93,+0.22,+0.00
Roll,+5.44,+1.31,+323.25
QUA,+0.95,+0.03,-0.04,+0.31
Temperature,26
ACC,+2.12,-0.02,-317.91
LIA,-0.13,-0.16,+0.01
GYR,-0.69,-1.44,-21.56
MAG,+0.00,+0.00,+0.00
GRV,+9.76,+0.21,+0.00
Roll,-2042.75,+1.19,-1721.69
QUA,+0.96,+0.02,-0.04,+0.29
Temperature,26
ACC,+1.97,+0.03,+8.37
LIA,-0.19,-0.10,-0.08
GYR,-4.88,-0.31,-17.25
MAG,+0.00,+0.00,+0.00
GRV,+9.76,+0.13,+0.00
Roll,-2042.69,+0.75,+328.88
QUA,+0.96,+0.02,-0.04,+0.27
Temperature,-102
ACC,+0.79,-0.27,+9.84
LIA,-0.04,-0.34,+0.01
GYR,-0.06,+3.69,-6.31
MAG,+0.00,+0.00,+0.00
GRV,+9.77,+0.08,+0.00
Roll,+4.62,+0.50,+330.25
QUA,+0.97,+0.01,-0.05,+0.26
Temperature,-102
ACC,-325.75,+0.04,+8.25
LIA,-0.07,-0.06,-0.24
GYR,+2.44,+2.25,-1.19
MAG,+0.00,+0.00,+0.00
GRV,+9.77,+0.10,+0.00
Roll,-2043.75,+0.56,+330.69
QUA,-1.03,+0.01,-0.04,+0.26
Temperature,26
ACC,+0.66,-1.37,+9.73
LIA,+0.01,-0.17,-0.04
GYR,-1.06,+1.69,-1.94
MAG,+0.00,+0.00,+0.00
GRV,+9.78,+0.07,+0.00
Roll,+3.75,+0.44,+330.94
QUA,+0.97,-2.00,+1.97,+0.25
Temperature,26
ACC,+0.47,+0.00,+9.70
LIA,-0.15,-0.06,-0.07
GYR,-0.31,-0.31,-0.56
MAG,+0.00,+0.00,+0.00
GRV,+9.78,+0.06,+0.00
Roll,+3.69,+0.31,+331.12
QUA,-1.03,+0.01,+1.97,+0.25
Temperature,26
ACC,+0.53,+0.07,+9.60
LIA,-0.14,+0.00,-0.17
GYR,+1.56,-11.88,+9.56
MAG,+0.00,+0.00,+0.00
GRV,+9.78,+0.07,+0.00
Roll,+4.00,+0.44,+331.06
QUA,+0.97,+0.01,-0.03,+0.25
Temperature,26
ACC,+0.84,+0.00,+9.65
LIA,+1.38,-0.09,-0.12
GYR,+0.12,-1.06,-0.12
MAG,+0.00,+0.00,+0.00
GRV,-317.91,+0.08,+0.00
Roll,+4.31,+0.50,+330.88
QUA,+0.97,+0.01,-0.04,+0.25
Temperature,26
ACC,-326.93,+0.03,+8.35
LIA,-0.01,-0.03,-0.16
GYR,+9.19,-1.31,-1.00
MAG,+0.00,+0.00,+0.00
GRV,+8.49,+0.10,+0.00
Roll,+4.44,+0.56,+331.00
QUA,+0.97,+0.01,-0.04,+0.25
Temperature,-102
ACC,+0.62,+0.05,+9.55
LIA,-0.16,-0.05,-0.21
GYR,+9.19,-0.44,+0.44
MAG,+0.00,+0.00,+0.00
GRV,+9.77,+0.11,+0.00
Roll,+4.56,+0.62,+331.00
QUA,+0.97,+0.02,-0.05,+0.25
Temperature,26
ACC,+2.06,+0.09,+9.69
LIA,+0.00,-0.03,-0.07
GYR,-0.12,+0.00,+0.06
MAG,+0.00,+0.00,+0.00
GRV,+9.77,+0.13,+0.00
Roll,+4.56,+0.75,+330.88
QUA,-1.03,+0.02,+1.95,+0.26
Temperature,26
ACC,+0.66,+0.18,+9.67
LIA,-0.10,+0.05,-1.38
GYR,-0.19,+0.75,+0.88
MAG,+8.00,+0.00,+0.00
GRV,+9.77,+0.13,+0.00
Roll,+4.50,+0.75,+330.94
QUA,+0.97,+0.02,+1.96,+0.25
Temperature,26
ACC,+0.79,+0.06,+9.69
LIA,+1.32,-0.13,-0.07
GYR,+4.69,+1.31,+1.38
MAG,+0.00,+0.00,+0.00
GRV,+9.77,+0.20,+0.00
Roll,+4.38,+1.19,+330.75
QUA,+0.97,+0.02,-0.03,+0.25
Temperature,26
ACC,+0.82,+0.19,+9.84
LIA,+1.34,+0.00,+0.07
GYR,+8.06,+0.00,+0.19
MAG,+0.00,+0.00,+0.00
GRV,+8.49,+0.20,+0.00
Roll,+4.38,+1.19,+330.69
QUA,+0.97,+0.02,-0.03,+0.25
Temperature,-102
ACC,-325.71,+0.16,+9.56
LIA,-0.03,-0.06,-0.18
GYR,+0.19,-0.44,-0.06
MAG,+0.00,+0.00,+0.00
GRV,+8.49,+0.20,+0.00
Roll,+4.31,+1.12,+330.75
QUA,+0.97,+0.02,-0.03,+0.25
Temperature,26
ACC,+0.72,+0.19,+9.62
LIA,-0.03,-0.01,-0.11
GYR,+11.31,-1.25,+2.88
MAG,+0.00,+0.00,+0.00
GRV,+9.77,+0.24,+0.00
Roll,-2043.62,+1.44,+330.44
QUA,+0.97,-1.98,-0.04,+0.25
Temperature,26
ACC,-326.82,+0.22,+8.19
LIA,+1.29,-0.07,-0.25
GYR,-1.50,+0.88,-1.38
MAG,+0.00,+0.00,+0.00
GRV,+9.77,+0.26,+0.00
Roll,-2043.50,+1.56,+330.19
QUA,-1.03,+0.02,-0.03,+0.26
Temperature,26
ACC,-325.75,+0.29,+9.59
LIA,-0.08,+0.06,-0.18
GYR,-0.38,-0.75,-0.06
MAG,+0.00,+0.00,+0.00
GRV,+9.77,+0.23,+0.00
Roll,+4.38,+1.38,+330.38
QUA,-1.03,+0.02,-0.03,+0.26
Temperature,26
ACC,-326.99,+0.22,-319.30
LIA,-0.06,-0.01,-0.16
GYR,+0.19,+0.50,-0.50
MAG,+8.00,+0.00,+0.00
GRV,-319.19,+0.23,+0.00
Roll,+4.38,+1.31,+330.38
QUA,+0.97,+0.02,-0.03,+0.25
Temperature,26
ACC,+1.94,+0.24,+9.77
LIA,-0.07,+0.00,-0.06
GYR,-0.75,+1.56,+0.00
MAG,+0.00,+0.00,+0.00
GRV,-319.19,+0.22,+0.00
Roll,+4.31,+1.31,+330.38
QUA,+0.97,+0.02,-0.03,+0.25
Temperature,26
ACC,-325.72,+0.17,+9.63
LIA,-0.05,-0.05,-0.14
GYR,-0.50,+0.81,+0.56
MAG,+0.00,+0.00,+0.00
GRV,+9.77,+0.22,+0.00
Roll,-2043.75,+1.31,+330.38
QUA,+0.97,-1.98,-0.03,-1.74
Temperature,-102
ACC,-326.97,+0.19,+8.42
LIA,-0.01,-0.02,-0.07
GYR,-1.12,+0.94,+0.75
MAG,+0.00,+0.00,+0.00
GRV,+9.77,+0.21,+0.00
Roll,-2043.75,+1.25,+330.31
QUA,+0.97,-1.98,-0.04,+0.26
Temperature,-102
ACC,-326.88,+0.19,+8.38
LIA,+1.33,-0.02,-0.16
GYR,+8.81,-0.44,+0.00
MAG,+0.00,+0.00,+0.00
GRV,-319.19,+0.22,+0.00
Roll,-2043.75,+1.25,+330.25
QUA,+0.97,+0.02,-0.03,+0.26
Temperature,26
ACC,-327.02,+0.19,+8.28
LIA,-0.09,-0.02,-0.20
GYR,+9.25,-1.69,+1.00
MAG,+0.00,+0.00,+0.00
GRV,+8.49,+0.23,+0.00
Roll,-2043.62,+1.31,+330.25
QUA,-1.03,-1.98,-0.03,+0.26
Temperature,26
ACC,-326.95,+0.26,+9.55
LIA,-0.13,+0.06,-0.27
GYR,-0.62,-1.31,-0.69
MAG,+0.00,+0.00,+0.00
GRV,+8.49,+0.23,+0.00
Roll,+4.56,+1.38,+330.19
QUA,-1.03,+0.02,-0.04,+0.26
Temperature,26
ACC,+0.82,+0.16,+10.13
LIA,+1.33,-0.04,+0.36
GYR,-4.31,+3.06,-1.31
MAG,+0.00,+0.00,+0.00
GRV,+9.77,+0.19,+0.00
Roll,+4.44,+1.12,+330.25
QUA,-1.03,-1.98,-0.04,+0.26
Temperature,26
ACC,+0.65,+0.18,+8.16
LIA,-0.07,-0.05,-0.33
GYR,+1.50,+1.62,+1.00
MAG,+0.00,+0.00,+0.00
GRV,+9.77,+0.24,+0.00
Roll,-2043.75,+1.38,+330.38
QUA,+0.97,-1.98,-0.03,+0.26
Temperature,26
ACC,+0.69,+0.24,+8.27
LIA,+1.29,+0.00,-0.27
GYR,+8.25,+0.81,+1.56
MAG,+0.00,+0.00,+0.00
GRV,+8.49,+0.25,+0.00
Roll,+4.00,+1.50,+330.25
QUA,+0.97,+0.02,-0.03,+0.26
Temperature,26
ACC,+0.67,+0.23,-319.32
LIA,-0.02,-0.01,-0.13
GYR,-1.56,+0.38,-1.19
MAG,+0.00,+0.00,+0.00
GRV,+9.77,+0.24,+0.00
Roll,-2044.00,+1.38,+330.19
QUA,+0.97,+0.02,+1.97,-1.74
Temperature,-102
ACC,+0.67,+0.16,-319.26
LIA,+0.00,-0.09,-0.07
GYR,+8.69,+0.12,+0.25
MAG,+0.00,+0.00,+0.00
GRV,+9.78,+0.25,+0.00
Roll,+3.94,+1.50,+330.25
QUA,+0.97,-1.98,-0.03,+0.26
Temperature,26
ACC,+0.58,+0.28,+9.71
LIA,-0.08,+1.31,-0.06
GYR,-1.06,+2.19,-0.75
MAG,+0.00,+0.00,+0.00
GRV,+9.78,+0.25,+0.00
Roll,+3.88,+1.44,+330.31
QUA,-1.03,+0.02,+1.97,-1.74
Temperature,-102
ACC,-325.68,+0.16,-317.82
LIA,+1.38,-0.11,+0.08
GYR,+9.88,+2.19,-0.12
MAG,+0.00,+0.00,+0.00
GRV,+9.78,+0.27,+0.00
Roll,+3.56,+1.62,+330.25
QUA,+0.97,+0.02,-0.03,+0.26
Temperature,26
ACC,+1.94,+0.20,+8.13
LIA,+1.42,-0.12,-0.42
GYR,+1.44,+0.38,-0.50
MAG,+0.00,+0.00,+0.00
GRV,+9.78,+0.31,+0.00
Roll,+3.38,+1.81,+330.38
QUA,+0.97,+0.02,-0.02,+0.26
Temperature,26
ACC,+0.41,+0.27,+8.30
LIA,-0.23,+0.14,-0.05
GYR,-3.44,-0.69,-1.31
MAG,+0.00,+0.00,+0.00
GRV,-317.90,+0.25,+0.00
Roll,+3.62,+1.44,+330.50
QUA,+0.97,+0.02,-0.03,+0.25
Temperature,26
ACC,+0.77,+0.10,+8.50
LIA,+1.45,-0.20,+0.00
GYR,+2.19,-2.12,+1.38
MAG,+0.00,+0.00,+0.00
GRV,+9.78,+0.24,+0.00
Roll,+3.75,+1.38,+330.31
QUA,+0.97,-1.98,+1.97,+0.26
Temperature,26
ACC,+0.62,+0.21,-317.96
LIA,-0.04,+0.00,-0.05
GYR,-2.62,-1.00,-0.69
MAG,+0.00,+0.00,+0.00
GRV,+8.50,+0.21,+0.00
Roll,+3.88,+1.25,+330.50
QUA,+0.97,+0.02,+1.97,-1.75
Temperature,-102
ACC,-326.96,+0.17,+8.32
LIA,+1.31,-1.35,-0.17
GYR,+11.12,-1.88,+2.06
MAG,+0.00,+0.00,+0.00
GRV,+9.77,+0.25,+0.00
Roll,-2044.00,+1.44,+330.31
QUA,+0.97,+0.02,-0.03,+0.26
Temperature,26
ACC,+2.07,+0.17,-319.27
LIA,+1.40,-0.01,-0.10
GYR,-1.06,+1.88,-1.25
MAG,+0.00,+0.00,+0.00
GRV,+9.78,+0.23,+0.00
Roll,+3.75,+1.31,+330.25
QUA,-1.03,+0.02,+1.97,+0.26
