SWV ITM Data Console - ITM Port: 0
--------------------------ACC,-0.36,+0.22,+9.59
LIA,-0.01,-0.02,-0.20
Roll,-8.00,+1.38,+0.00
--------------------------ACC,-0.35,+0.24,+9.56
LIA,+0.00,+0.00,-1.51
Roll,+0.00,+1.38,+0.00
--------------------------ACC,-0.34,+1.51,+9.56
LIA,+0.01,+0.00,-0.23
Roll,+0.00,+9.38,+8.00
--------------------------ACC,-0.33,+0.25,+9.55
LIA,+0.01,+0.01,-1.51
Roll,+0.00,+1.38,+0.00
--------------------------ACC,-0.32,+0.22,+9.58
LIA,+1.29,+0.00,-0.25
Roll,-8.00,+9.38,+8.00
--------------------------ACC,-0.34,+0.24,+9.58
LIA,+1.28,+0.00,-0.21
Roll,+0.00,+1.38,+0.00
--------------------------ACC,-0.34,+0.24,+9.53
LIA,+0.00,+0.00,-0.25
Roll,-8.00,+9.38,+0.00
--------------------------ACC,-0.34,+0.24,+9.53
LIA,+1.28,+0.00,-0.25
Roll,+0.00,+1.38,+0.00
--------------------------ACC,-0.34,+0.24,+9.56
LIA,+1.28,+0.00,-1.51
Roll,+0.00,+1.38,+0.00
--------------------------ACC,-0.36,+0.23,+8.28
LIA,+1.28,+0.01,-0.23
Roll,-8.00,+9.38,+8.00
--------------------------ACC,-0.36,+0.23,+9.56
LIA,-0.01,+0.00,-0.23
Roll,+0.00,+1.38,+0.00
--------------------------ACC,-0.33,+0.23,+9.57
LIA,+1.28,+0.00,-0.25
Roll,+0.00,+9.38,+0.00
--------------------------ACC,-0.33,+0.22,+9.55
LIA,+1.29,-0.01,-0.24
Roll,+0.00,+1.38,+0.00
--------------------------ACC,-0.34,+1.52,+8.29
LIA,+1.30,+0.00,-0.22
Roll,-8.00,+9.38,+8.00
--------------------------ACC,-0.35,+0.24,+9.54
LIA,+0.00,+0.00,-1.53
Roll,+0.00,+1.38,+0.00
--------------------------ACC,-0.34,+0.25,+9.57
LIA,+0.00,+0.01,-0.22
Roll,+0.00,+1.38,+0.00
--------------------------ACC,-0.33,+0.23,+9.53
LIA,+1.29,+0.00,-0.26
Roll,+0.00,+1.38,+0.00
--------------------------ACC,-0.33,+0.26,+9.55
LIA,+0.01,+0.01,-1.51
Roll,+0.00,+1.38,+0.00
--------------------------ACC,-0.34,+1.51,+8.29
LIA,+0.01,+0.01,-0.23
Roll,-8.00,+9.38,+8.00
--------------------------ACC,-0.33,+0.22,+9.55
LIA,+0.02,-0.01,-0.24
Roll,+0.00,+1.38,+0.00
--------------------------ACC,-0.33,+1.52,+9.52
LIA,+1.28,+0.01,-0.19
Roll,+0.00,+1.38,+8.00
--------------------------ACC,-0.34,+0.25,+9.54
LIA,+1.28,+0.01,-1.52
Roll,+0.00,+1.38,+0.00
--------------------------ACC,-0.34,+0.24,+9.56
LIA,+1.29,+0.00,-0.23
Roll,+0.00,+1.38,+0.00
--------------------------ACC,-0.34,+0.24,+9.55
LIA,+1.28,+0.00,-0.23
Roll,+0.00,+1.38,+0.00
--------------------------ACC,-0.34,+1.53,+9.58
LIA,+0.00,+0.01,-0.21
Roll,+0.00,+1.38,+0.00
--------------------------ACC,-0.33,+0.25,+9.56
LIA,+1.29,+0.00,-0.19
Roll,+0.00,+1.38,+0.00
--------------------------ACC,-0.33,+0.25,+9.55
LIA,+1.30,+0.01,-0.23
Roll,+0.00,+1.38,+0.00
--------------------------ACC,-0.33,+0.25,+9.55
LIA,+1.29,+0.01,-1.52
Roll,+0.00,+9.38,+8.00
--------------------------ACC,-0.36,+0.23,+9.57
LIA,-0.01,+0.00,-0.22
Roll,+0.00,+1.38,+0.00
--------------------------ACC,-0.33,+0.26,+8.30
LIA,+1.29,+0.01,-1.49
Roll,+0.00,+1.38,+0.00
--------------------------ACC,-0.33,+0.23,+9.57
LIA,+1.30,+0.00,-0.22
Roll,+0.00,+1.38,+0.00
--------------------------ACC,-0.34,+0.23,+9.58
LIA,+1.28,+0.00,-1.49
Roll,+0.00,+1.38,+0.00
--------------------------ACC,-0.34,+1.53,+9.56
LIA,+1.28,+0.00,-0.24
Roll,-8.00,+9.38,+8.00
--------------------------ACC,-0.33,+0.24,+9.53
LIA,+1.29,+0.00,-0.25
Roll,+0.00,+1.38,+0.00
--------------------------ACC,-0.33,+1.53,+9.56
LIA,+1.28,+0.00,-0.23
Roll,+0.00,+1.38,+0.00
--------------------------ACC,-0.34,+0.24,+9.60
LIA,+0.00,+0.00,-0.19
Roll,+0.00,+1.38,+0.00
--------------------------ACC,-0.33,+1.50,+9.56
LIA,+0.01,-1.29,-0.23
Roll,-8.00,+9.38,+0.00
--------------------------ACC,-0.33,+0.24,+9.55
LIA,+1.29,+0.00,-0.23
Roll,+0.00,+1.38,+0.00
--------------------------ACC,-0.33,+0.24,+9.55
LIA,+0.01,+0.00,-0.23
Roll,+0.00,+1.38,+0.00
--------------------------ACC,-0.35,+0.26,+9.55
LIA,+1.28,+0.00,-0.23
Roll,-8.00,+1.38,+0.00
--------------------------ACC,-0.33,+0.25,+9.59
LIA,+0.01,+0.01,-1.48
Roll,+0.00,+1.38,+0.00
--------------------------ACC,-0.35,+0.23,+8.26
LIA,+0.00,-0.01,-0.23
Roll,+0.00,+1.38,+0.00
--------------------------ACC,-0.34,+0.27,+9.54
LIA,+1.28,+0.03,-0.24
Roll,+0.00,+1.38,+0.00
--------------------------ACC,-0.34,+1.51,+9.56
LIA,+1.28,+0.00,-1.51
Roll,+0.00,+1.38,+0.00
--------------------------ACC,-0.34,+0.26,+9.56
LIA,+1.28,+0.01,-0.23
Roll,+0.00,+1.38,+0.00
--------------------------ACC,-0.34,+0.25,+9.56
LIA,+1.28,+0.01,-0.23
Roll,+0.00,+1.38,+0.00
--------------------------ACC,-0.33,+0.24,+8.30
LIA,+1.30,+0.01,-0.23
Roll,-8.00,+9.38,+0.00
--------------------------ACC,-0.33,+0.25,+9.55
LIA,+0.02,+0.01,-1.52
Roll,+0.00,+1.38,+8.00
--------------------------ACC,-0.35,+0.24,+9.57
LIA,+1.28,+0.01,-0.22
Roll,-8.00,+1.38,+8.00
--------------------------ACC,-0.34,+0.24,+8.25
LIA,+1.28,+0.00,-0.25
Roll,+0.00,+1.38,+0.00
--------------------------ACC,-0.34,+0.25,+9.58
LIA,+1.28,+0.01,-0.21
Roll,-8.00,+9.38,+8.00
--------------------------ACC,-0.33,+0.22,+9.59
LIA,+0.01,-0.02,-0.20
Roll,+0.00,+1.38,+0.00
--------------------------ACC,-0.33,+0.25,+9.55
LIA,+1.30,+0.01,-0.23
Roll,-8.00,+1.38,+0.00
--------------------------ACC,-0.33,+0.25,+8.27
LIA,+0.01,+0.01,-0.24
Roll,+0.00,+1.38,+0.00
--------------------------ACC,-0.35,+0.22,+9.57
LIA,+1.28,-0.01,-0.22
Roll,+0.00,+1.38,+8.00
--------------------------ACC,-0.34,+0.26,+9.53
LIA,+1.28,+0.01,-1.53
Roll,+0.00,+1.38,+0.00
--------------------------ACC,-0.34,+0.23,+9.55
LIA,+1.28,+0.00,-0.23
Roll,+0.00,+1.38,+0.00
--------------------------ACC,-0.35,+0.24,+8.28
LIA,+1.28,+0.00,-0.23
Roll,+0.00,+1.38,+0.00
--------------------------ACC,-0.33,+0.24,+8.27
LIA,+1.29,+0.01,-0.23
Roll,+0.00,+9.38,+8.00
--------------------------ACC,-0.33,+0.25,+9.59
LIA,+0.01,+0.01,-1.48
Roll,+0.00,+1.38,+0.00
--------------------------ACC,-0.33,+0.26,+9.57
LIA,+1.28,+0.00,-0.21
Roll,-8.00,+1.38,+8.00
--------------------------ACC,-0.34,+0.23,+9.56
LIA,+0.00,+0.00,-1.51
Roll,+0.00,+1.38,+0.00
--------------------------ACC,-0.35,+0.25,+8.29
LIA,+1.28,+0.01,-0.22
Roll,-8.00,+1.38,+8.00
--------------------------ACC,-0.34,+0.24,+9.54
LIA,+1.28,+0.00,-0.24
Roll,+0.00,+1.38,+0.00
--------------------------ACC,-0.34,+1.52,+8.29
LIA,+1.29,+0.00,-0.23
Roll,-8.00,+9.38,+8.00
--------------------------ACC,-0.35,+0.22,+9.56
LIA,+0.00,-0.01,-0.23
Roll,+0.00,+1.38,+0.00
--------------------------ACC,-0.33,+0.23,+8.30
LIA,+0.01,+0.00,-1.49
Roll,+0.00,+9.38,+0.00
--------------------------ACC,-0.33,+0.24,+9.55
LIA,+1.29,+0.00,-0.23
Roll,+0.00,+1.38,+0.00
--------------------------ACC,-0.34,+0.26,+9.55
LIA,+1.28,+0.01,-1.51
Roll,+0.00,+1.38,+0.00
--------------------------ACC,-0.33,+1.53,+9.55
LIA,+0.01,+0.03,-0.21
Roll,-8.00,+1.38,+0.00
--------------------------ACC,-0.33,+0.24,+9.54
LIA,+1.30,+0.00,-1.53
Roll,+0.00,+1.38,+0.00
--------------------------ACC,-0.33,+0.24,+9.55
LIA,+1.29,+0.00,-0.23
Roll,+0.00,+1.38,+0.00
--------------------------ACC,-0.33,+0.25,+9.56
LIA,+1.29,+0.01,-0.23
Roll,+0.00,+1.38,+0.00
--------------------------ACC,-0.32,+1.51,+8.28
LIA,+1.31,+0.00,-0.23
Roll,-8.00,+1.38,+0.00
--------------------------ACC,-0.33,+0.23,+9.53
LIA,+1.29,+0.00,-0.25
Roll,+0.00,+1.38,+8.00
--------------------------ACC,-0.33,+1.50,+9.57
LIA,+1.29,-0.01,-0.22
Roll,+0.00,+1.38,+0.00
--------------------------ACC,-0.34,+0.22,+9.56
LIA,+0.00,+0.01,-0.21
Roll,+0.00,+1.38,+8.00
--------------------------ACC,-0.33,+0.24,+9.55
LIA,+0.02,+0.00,-0.24
Roll,+0.00,+1.38,+0.00
--------------------------ACC,-0.33,+0.25,+9.57
LIA,+1.30,+0.00,-0.24
Roll,-8.00,+9.38,+0.00
--------------------------ACC,-0.35,+0.24,+8.29
LIA,+1.28,+0.00,-0.22
Roll,+0.00,+1.38,+0.00
--------------------------ACC,-0.35,+1.52,+8.28
LIA,+1.28,+0.00,-1.51
Roll,-8.00,+9.38,+0.00
--------------------------ACC,-0.33,+0.24,+9.57
LIA,+1.29,+0.00,-0.22
Roll,+0.00,+1.38,+0.00
--------------------------ACC,-0.33,+0.26,-319.36
LIA,+0.02,+0.02,-1.47
Roll,+0.00,+1.38,+0.00
--------------------------ACC,-0.32,+0.24,+9.57
LIA,+1.28,+0.00,-0.26
Roll,-8.00,+9.38,+0.00
--------------------------ACC,-0.33,+0.23,+9.58
LIA,+1.29,+0.00,-1.49
Roll,+0.00,+1.38,+0.00
--------------------------ACC,-0.33,+1.52,+8.28
LIA,+1.28,+0.00,-0.23
Roll,-8.00,+9.38,+0.00
--------------------------ACC,-0.35,+0.26,+9.57
LIA,+1.28,+0.01,-0.22
Roll,+0.00,+1.38,+0.00
--------------------------ACC,-0.34,+1.52,+9.55
LIA,+0.00,+0.01,-0.23
Roll,+0.00,+9.38,+8.00
--------------------------ACC,-0.33,+0.28,+9.55
LIA,+1.29,+0.04,-0.23
Roll,+0.00,+1.38,+0.00
--------------------------ACC,-0.35,+0.24,+9.57
LIA,+1.28,+0.00,-1.50
Roll,+0.00,+1.38,+0.00
--------------------------ACC,-0.33,+0.24,+9.57
LIA,+1.30,+0.00,-0.22
Roll,+0.00,+1.38,+0.00
--------------------------ACC,-0.35,+0.25,+9.56
LIA,+1.28,+0.01,-0.23
Roll,+0.00,+1.38,+0.00
--------------------------ACC,-0.33,+0.23,+8.26
LIA,+1.29,+0.00,-0.23
Roll,+0.00,+9.38,+8.00
--------------------------ACC,-0.35,+0.24,+9.55
LIA,+1.28,+0.00,-0.24
Roll,+0.00,+1.38,+0.00
--------------------------ACC,-0.34,+1.53,+9.56
LIA,+1.28,+0.01,-0.23
Roll,-8.00,+9.38,+0.00
--------------------------ACC,-0.33,+0.23,+9.57
LIA,+1.29,+0.00,-0.22
Roll,+0.00,+1.38,+0.00
--------------------------ACC,-0.34,+1.53,+8.29
LIA,+0.00,+0.01,-0.22
Roll,+0.00,+9.38,+0.00
--------------------------ACC,-0.34,+0.24,+9.55
LIA,+1.28,+0.00,-0.24
Roll,+0.00,+1.38,+0.00
--------------------------ACC,-0.35,+0.23,+8.29
LIA,+0.00,+0.00,-1.50
Roll,+0.00,+1.38,+0.00
--------------------------ACC,-0.35,+0.24,+8.28
LIA,+1.28,+0.00,-0.23
Roll,-8.00,+1.38,+0.00
--------------------------ACC,-0.34,+0.24,+9.55
LIA,+0.00,+0.00,-1.52
Roll,+0.00,+1.38,+0.00
--------------------------ACC,-0.34,+0.25,+8.29
LIA,+1.28,+0.01,-0.22
Roll,+0.00,+1.38,+0.00
--------------------------ACC,-0.34,+0.24,+9.58
LIA,+0.00,+0.00,-0.21
Roll,+0.00,+1.38,+0.00
--------------------------ACC,-0.33,+0.23,+9.56
LIA,+0.02,+0.00,-1.51
Roll,+0.00,+9.38,+0.00
--------------------------ACC,-0.34,+0.24,+9.57
LIA,+1.28,+0.00,-0.22
Roll,+0.00,+1.38,+0.00
--------------------------ACC,-0.33,+0.25,+9.57
LIA,+1.29,+0.01,-1.50
Roll,+0.00,+1.38,+0.00
--------------------------ACC,-0.35,+1.54,+8.28
LIA,+1.31,+0.03,-0.23
Roll,-8.00,+9.38,+0.00
--------------------------ACC,-0.34,+0.24,+9.55
LIA,+0.00,+0.00,-0.24
Roll,+0.00,+1.38,+0.00
--------------------------ACC,-0.33,+1.52,+9.55
LIA,+1.29,+0.00,-0.24
Roll,+0.00,+1.38,+0.00
--------------------------ACC,-0.33,+0.24,+9.56
LIA,+1.29,+0.00,-0.23
Roll,+0.00,+1.38,+0.00
--------------------------ACC,-0.33,+0.25,+8.27
LIA,+0.01,+0.01,-0.23
Roll,+0.00,+1.38,+0.00
--------------------------ACC,-0.34,+0.25,+9.56
LIA,+1.29,+0.00,-0.23
Roll,-8.00,+9.38,+0.00
--------------------------ACC,-0.33,+0.25,+9.56
LIA,+0.01,+0.01,-0.23
Roll,+0.00,+1.38,+0.00
--------------------------ACC,-0.33,+1.53,+9.54
LIA,+1.28,+0.01,-0.22
Roll,+0.00,+9.38,+8.00
--------------------------ACC,-0.33,+0.25,+9.57
LIA,+0.01,+0.01,-0.22
Roll,+0.00,+1.38,+0.00
--------------------------ACC,-0.34,+1.52,+8.29
LIA,+1.28,+0.01,-0.22
Roll,-8.00,+9.38,+0.00
--------------------------ACC,-0.33,+0.24,+9.57
LIA,+1.30,+0.00,-0.22
Roll,+0.00,+1.38,+8.00
--------------------------ACC,-0.33,+1.50,+9.56
LIA,+1.30,+0.01,-0.23
Roll,+0.00,+9.38,+0.00
--------------------------ACC,-0.33,+0.25,+9.56
LIA,+1.30,+0.01,-0.23
Roll,+0.00,+1.38,+0.00
--------------------------ACC,-0.35,+1.51,+8.30
LIA,+0.00,+0.00,-0.21
Roll,-8.00,+1.38,+8.00
--------------------------ACC,-0.36,+0.23,+9.54
LIA,-0.01,+0.00,-0.24
Roll,+0.00,+1.38,+0.00
--------------------------ACC,-0.34,+0.22,+8.28
LIA,+1.28,-1.29,-0.23
Roll,-8.00,+9.38,+8.00
--------------------------ACC,-0.34,+0.22,+9.57
LIA,+1.28,-0.01,-0.22
Roll,+0.00,+1.38,+0.00
--------------------------ACC,-0.34,+1.52,+9.54
LIA,+1.28,+0.00,-0.24
Roll,-8.00,+9.38,+0.00
--------------------------ACC,-0.34,+0.25,+9.56
LIA,+1.28,+0.01,-0.23
Roll,+0.00,+1.38,+0.00
--------------------------ACC,-0.33,+0.25,+9.54
LIA,+0.01,+0.01,-0.25
Roll,-8.00,+9.38,+8.00
--------------------------ACC,-0.34,+0.23,+9.55
LIA,+1.28,+0.00,-0.23
Roll,+0.00,+1.38,+0.00
--------------------------ACC,-0.33,+0.24,+9.58
LIA,+1.30,+0.00,-0.24
Roll,+0.00,+1.38,+0.00
--------------------------ACC,-0.33,+0.26,+9.58
LIA,+1.29,+0.02,-0.21
Roll,+0.00,+1.38,+0.00
--------------------------ACC,-0.32,+1.51,+9.55
LIA,+1.30,+0.00,-1.51
Roll,-8.00,+1.38,+8.00
--------------------------ACC,-0.34,+0.24,+9.59
LIA,+1.28,+0.00,-0.20
Roll,+0.00,+1.38,+0.00
--------------------------ACC,-0.35,+1.51,+8.28
LIA,+0.00,+0.00,-1.51
Roll,+0.00,+9.38,+0.00
--------------------------ACC,-0.33,+0.23,+9.57
LIA,+1.29,+0.00,-0.22
Roll,-8.00,+1.38,+8.00
--------------------------ACC,-0.34,+0.24,+9.51
LIA,+0.00,+0.00,-1.55
Roll,+0.00,+1.38,+0.00
--------------------------ACC,-0.34,+0.24,+8.29
LIA,+1.29,+0.01,-0.22
Roll,-8.00,+1.38,+8.00
--------------------------ACC,-0.32,+0.24,+8.28
LIA,+1.30,+0.00,-1.51
Roll,+0.00,+1.38,+0.00
--------------------------ACC,-0.34,+0.24,+9.56
LIA,+1.28,+0.00,-0.24
Roll,-8.00,+9.38,+8.00
--------------------------ACC,-0.34,+0.27,+9.58
LIA,+1.28,+0.02,-0.21
Roll,+0.00,+1.38,+8.00
--------------------------ACC,-0.33,+0.26,+9.57
LIA,+1.28,+0.02,-0.23
Roll,-8.00,+1.38,+0.00
--------------------------ACC,-0.31,+0.24,+9.59
LIA,+1.31,+0.00,-0.20
Roll,+0.00,+1.38,+0.00
--------------------------ACC,-0.35,+0.24,+8.28
LIA,+1.28,+0.00,-0.23
Roll,-8.00,+9.38,+8.00
--------------------------ACC,-0.34,+0.26,+9.55
LIA,+0.00,+0.02,-0.23
Roll,+0.00,+1.38,+0.00
--------------------------ACC,-0.33,+0.24,+9.55
LIA,+1.28,+0.01,-0.24
Roll,+0.00,+1.38,+0.00
--------------------------ACC,-0.32,+0.24,+9.55
LIA,+0.02,+0.00,-0.23
Roll,+0.00,+1.38,+0.00
--------------------------ACC,-0.33,+1.51,+9.57
LIA,+1.29,+0.00,-0.24
Roll,-8.00,+1.38,+8.00
--------------------------ACC,-0.33,+0.25,+9.58
LIA,+1.30,+0.01,-1.49
Roll,+0.00,+1.38,+0.00
--------------------------ACC,-0.35,+0.24,+8.28
LIA,+0.00,+0.00,-0.23
Roll,-8.00,+9.38,+0.00
--------------------------ACC,-0.35,+0.24,+9.56
LIA,+1.28,+0.00,-0.23
Roll,+0.00,+1.38,+0.00
--------------------------ACC,-0.34,+0.25,+8.27
LIA,+1.28,+0.01,-0.23
Roll,+0.00,+1.38,+0.00
--------------------------ACC,-0.33,+0.24,+9.56
LIA,+1.29,+0.00,-0.23
Roll,-8.00,+1.38,+0.00
--------------------------ACC,-0.35,+0.25,+9.56
LIA,+1.28,+0.01,-0.23
Roll,+0.00,+1.38,+0.00
--------------------------ACC,-0.32,+1.50,+9.56
LIA,+0.02,+0.02,-0.21
Roll,-8.00,+1.38,+8.00
--------------------------ACC,-0.34,+0.25,+8.30
LIA,+1.28,+0.01,-0.21
Roll,+0.00,+1.38,+0.00
--------------------------ACC,-0.32,+0.23,+9.55
LIA,+1.31,+0.00,-0.24
Roll,+0.00,+1.38,+0.00
--------------------------ACC,-0.34,+0.24,+9.55
LIA,+1.28,+0.00,-1.51
Roll,+0.00,+1.38,+0.00
--------------------------ACC,-0.34,+0.23,+9.57
LIA,+1.29,+0.01,-0.25
Roll,-8.00,+9.38,+8.00
--------------------------ACC,-0.32,+0.24,+9.55
LIA,+1.30,+0.00,-1.51
Roll,+0.00,+1.38,+0.00
--------------------------ACC,-0.31,+0.23,+8.28
LIA,+1.29,+0.00,-0.19
Roll,+0.00,+9.38,+8.00
--------------------------ACC,-0.34,+0.23,+9.57
LIA,+1.28,+0.00,-0.22
Roll,+0.00,+1.38,+0.00
--------------------------ACC,-0.33,+0.26,+8.28
LIA,+0.01,+0.01,-1.51
Roll,-8.00,+1.38,+0.00
--------------------------ACC,-0.36,+0.24,+9.56
LIA,-0.01,+0.00,-0.23
Roll,+0.00,+1.38,+8.00
--------------------------ACC,-0.35,+0.23,+8.27
LIA,+1.28,+0.00,-0.23
Roll,+0.00,+1.38,+0.00
--------------------------ACC,-0.34,+0.24,+9.55
LIA,+1.29,+0.00,-0.23
Roll,+0.00,+9.38,+8.00
--------------------------ACC,-0.35,+0.26,+9.55
LIA,+0.00,+0.01,-0.24
Roll,+0.00,+1.38,+0.00
--------------------------ACC,-0.33,+0.25,+8.30
LIA,-0.01,+0.01,-0.24
Roll,+0.00,+1.38,+0.00
--------------------------ACC,-0.33,+0.25,+9.58
LIA,+1.29,+0.01,-0.21
Roll,+0.00,+1.38,+0.00
--------------------------ACC,-0.33,+1.52,+8.26
LIA,+1.29,+0.00,-1.53
Roll,+0.00,+9.38,+8.00
--------------------------ACC,-0.34,+0.26,+9.56
LIA,+1.28,+0.01,-0.23
Roll,+0.00,+1.38,+0.00
--------------------------ACC,-0.33,+0.23,+9.56
LIA,+0.01,+0.00,-1.51
Roll,+0.00,+1.38,+0.00
--------------------------ACC,-0.34,+0.25,+9.56
LIA,+1.29,+0.00,-0.25
Roll,-8.00,+1.38,+0.00
--------------------------ACC,-0.34,+0.24,+9.58
LIA,+1.28,+0.00,-1.49
Roll,+0.00,+1.38,+0.00
--------------------------ACC,-0.33,+0.27,+9.59
LIA,+1.30,+0.01,-0.24
Roll,-8.00,+1.38,+0.00
--------------------------ACC,-0.33,+0.26,+9.56
LIA,+1.30,+0.01,-1.51
Roll,+0.00,+1.38,+0.00
--------------------------ACC,-0.33,+0.26,+8.28
LIA,+1.29,+0.00,-0.21
Roll,-8.00,+9.38,+8.00
--------------------------ACC,-0.35,+0.24,+9.53
LIA,+1.28,+0.00,-0.25
Roll,+0.00,+1.38,+0.00
--------------------------ACC,-0.33,+1.52,+9.54
LIA,+0.01,+0.00,-0.24
Roll,-8.00,+1.38,+8.00
--------------------------ACC,-0.33,+0.23,+9.55
LIA,+0.02,+0.00,-0.23
Roll,+0.00,+1.38,+0.00
--------------------------ACC,-0.34,+0.25,+8.29
LIA,+1.28,+0.01,-1.50
Roll,-8.00,+1.38,+0.00
--------------------------ACC,-0.33,+0.24,+9.57
LIA,+1.30,+0.00,-0.22
Roll,+0.00,+1.38,+0.00
--------------------------ACC,-0.34,+0.25,+8.30
LIA,+0.00,+0.01,-1.49
Roll,+0.00,+1.38,+0.00
--------------------------ACC,-0.34,+0.24,+9.56
LIA,+1.31,+0.00,-0.22
Roll,-8.00,+1.38,+0.00
--------------------------ACC,-0.33,+0.24,+9.57
LIA,+0.01,+0.00,-1.50
Roll,+0.00,+1.38,+8.00
--------------------------ACC,-0.34,+0.25,+9.57
LIA,+1.29,+0.01,-0.23
Roll,+0.00,+9.38,+8.00
--------------------------ACC,-0.34,+0.25,+9.57
LIA,+0.00,+0.01,-1.50
Roll,+0.00,+1.38,+0.00
--------------------------ACC,-0.34,+0.26,+9.61
LIA,+1.28,+0.01,-0.22
Roll,-8.00,+1.38,+8.00
--------------------------ACC,-0.33,+0.24,+9.55
LIA,+1.29,+0.00,-1.52
Roll,+0.00,+1.38,+0.00
--------------------------ACC,-0.34,+1.52,+8.28
LIA,+1.30,+0.02,-0.20
Roll,+0.00,+9.38,+8.00
--------------------------ACC,-0.32,+0.26,+9.53
LIA,+0.03,+0.01,-0.26
Roll,+0.00,+1.38,+0.00
--------------------------ACC,-0.35,+0.25,+8.28
LIA,+1.28,+0.01,-0.24
Roll,-8.00,+9.38,+8.00
--------------------------ACC,-0.34,+0.24,+9.58
LIA,+1.28,+0.00,-1.49
Roll,+0.00,+1.38,+0.00
--------------------------ACC,-0.33,+0.25,+8.29
LIA,+1.28,+0.01,-0.23
Roll,+0.00,+1.38,+0.00
--------------------------ACC,-0.33,+0.25,+9.57
LIA,+1.29,+0.01,-1.50
Roll,+0.00,+1.38,+0.00
--------------------------ACC,-0.33,+1.54,+8.28
LIA,+0.01,+0.01,-0.23
Roll,-8.00,+1.38,+8.00
--------------------------ACC,-0.33,+0.25,+9.54
LIA,+1.29,+0.01,-0.24
Roll,+0.00,+1.38,+8.00
--------------------------ACC,-0.35,+0.24,+9.56
LIA,+1.28,+0.00,-0.22
Roll,-8.00,+9.38,+8.00
--------------------------ACC,-0.34,+0.24,+9.52
LIA,+0.00,+0.00,-1.54
Roll,+0.00,+1.38,+0.00
--------------------------ACC,-0.33,+0.26,+9.54
LIA,+1.28,+0.02,-0.23
Roll,+0.00,+9.38,+0.00
--------------------------ACC,-0.33,+0.26,+9.58
LIA,+1.29,+0.02,-0.21
Roll,+0.00,+1.38,+8.00
--------------------------ACC,-0.33,+1.52,+8.30
LIA,+0.02,+0.00,-0.21
Roll,+0.00,+1.38,+0.00
--------------------------ACC,-0.33,+0.25,+9.57
LIA,+1.29,+0.01,-0.22
Roll,+0.00,+1.38,+0.00
--------------------------ACC,-0.33,+0.24,+8.28
LIA,+1.29,+0.00,-1.51
Roll,+0.00,+1.38,+8.00
--------------------------ACC,-0.35,+0.24,+9.55
LIA,+1.28,+0.00,-0.23
Roll,+0.00,+1.38,+0.00
--------------------------ACC,-0.33,+1.52,+8.27
LIA,+0.01,+0.00,-1.51
Roll,+0.00,+9.38,+0.00
--------------------------ACC,-0.33,+0.25,+9.56
LIA,+1.28,+0.03,-0.23
Roll,+0.00,+9.38,+8.00
--------------------------ACC,-0.34,+1.52,+8.26
LIA,+0.00,+0.00,-0.24
Roll,+0.00,+1.38,+0.00
--------------------------ACC,-0.35,+0.25,+9.60
LIA,+1.29,+0.01,-0.23
Roll,-8.00,+1.38,+0.00
--------------------------ACC,-0.33,+0.25,+9.58
LIA,+1.29,+0.01,-1.49
Roll,+0.00,+1.38,+0.00
