SWV ITM Data Console - ITM Port: 0
Temperature,24
ACC,+1.93,-0.15,-317.74
LIA,+0.05,+0.02,+0.15
GYR,+1.12,-0.50,+1.88
MAG,+0.00,+0.00,+0.00
GRV,+9.78,-0.17,+0.00
Roll,+3.44,-9.00,+366.25
QUA,-1.00,-0.01,-0.02,+0.02
Temperature,24
ACC,+1.93,-1.38,+9.96
LIA,+1.32,+0.04,+0.17
GYR,+0.44,-0.88,-1.12
MAG,+0.00,+0.00,+0.00
GRV,+9.78,-0.15,+0.00
Roll,+3.50,-0.88,+358.25
QUA,+1.00,+1.99,+1.98,-1.98
Temperature,24
ACC,-327.04,-1.36,-317.72
LIA,+1.31,+0.05,+0.17
GYR,+0.88,+1.44,-1.19
MAG,+0.00,+0.00,+0.00
GRV,+9.78,-0.14,+0.00
Roll,+3.50,-0.81,+358.38
QUA,-1.00,+1.99,+1.98,+0.01
Temperature,-104
ACC,+0.54,-1.46,+9.81
LIA,-0.03,-0.04,+0.02
GYR,-0.06,+1.00,+1.12
MAG,+0.00,+0.00,+0.00
GRV,+9.78,-0.14,+0.00
Roll,+3.31,-0.81,+358.38
QUA,-1.00,-0.01,+1.97,-1.99
Temperature,-104
ACC,+0.55,-0.20,-317.64
LIA,-0.01,-0.06,+0.25
GYR,+0.12,-1.00,-1.00
MAG,+0.00,+0.00,+0.00
GRV,+9.78,-0.14,+0.00
Roll,+3.31,-0.81,+358.38
QUA,-1.00,-0.01,+1.97,+0.01
Temperature,-104
ACC,+1.77,-1.39,-317.65
LIA,-0.07,+0.02,+0.24
GYR,+0.56,+1.19,+0.44
MAG,+0.00,+0.00,+0.00
GRV,+9.78,-0.14,+0.00
Roll,+3.31,-0.81,+358.38
QUA,+1.00,-0.01,+1.97,+0.01
Temperature,24
ACC,+0.50,-0.17,+9.83
LIA,-0.02,-0.03,+0.04
GYR,+8.25,+1.19,-0.56
MAG,+0.00,+0.00,+0.00
GRV,+9.79,-0.14,+0.00
Roll,+3.06,-0.81,+358.38
QUA,+1.00,+1.99,-0.03,+0.01
Temperature,24
ACC,+0.56,-0.12,+9.89
LIA,+1.30,+0.02,+0.10
GYR,-0.81,-1.00,+8.56
MAG,+8.00,+0.00,+0.00
GRV,+9.79,-0.15,+0.00
Roll,+3.12,-0.88,+358.38
QUA,+1.00,-0.01,-0.03,+0.01
Temperature,24
ACC,+0.63,-0.05,+10.09
LIA,+0.03,+0.07,+0.31
GYR,+10.75,-10.94,+8.81
MAG,+8.00,+0.00,+0.00
GRV,+9.78,-0.12,+0.00
Roll,+3.50,-0.69,+358.31
QUA,+1.00,-0.01,-0.03,+0.01
Temperature,-104
ACC,+0.67,-0.16,+9.75
LIA,+1.30,-0.08,-0.03
GYR,+0.38,-1.81,+0.50
MAG,+0.00,+0.00,+0.00
GRV,+9.78,-1.35,+0.00
Roll,+3.81,-0.44,+358.25
QUA,+1.00,-0.00,-0.03,+0.01
Temperature,-104
ACC,+2.05,-0.05,+10.20
LIA,+1.33,+0.04,+0.31
GYR,-1.00,+0.50,+0.31
MAG,+8.00,+0.00,+0.00
GRV,-317.90,-0.12,+0.00
Roll,+3.88,-8.69,-1681.75
QUA,+1.00,-0.01,-0.03,+0.01
Temperature,-104
ACC,-325.74,-0.18,+9.80
LIA,-0.05,-0.09,-0.03
GYR,+1.19,-0.44,+0.38
MAG,+8.00,+0.00,+0.00
GRV,+9.78,-0.10,+0.00
Roll,+3.81,-0.56,+358.19
QUA,+1.00,-0.00,-0.03,+0.02
Temperature,24
ACC,+1.89,-0.12,+10.15
LIA,-0.14,-0.02,+0.39
GYR,-1.88,+0.81,+0.31
MAG,+0.00,+0.00,+0.00
GRV,+9.78,-1.43,+0.00
Roll,+3.88,-8.88,+366.19
QUA,+1.00,-0.01,-0.03,+0.02
Temperature,24
ACC,+1.80,-1.44,+9.94
LIA,-0.04,+0.00,+0.18
GYR,+1.12,+5.12,+0.81
MAG,+8.00,+0.00,+0.00
GRV,+9.78,-1.41,+0.00
Roll,+3.44,-0.75,-1689.94
QUA,+1.00,-0.01,-0.03,+0.02
Temperature,24
ACC,+0.51,-1.38,-317.90
LIA,-0.02,+0.00,+0.04
GYR,-0.19,+1.38,-0.56
MAG,+0.00,+0.00,+0.00
GRV,+9.79,-0.10,+0.00
Roll,+3.00,-8.62,+358.06
QUA,-1.00,+1.99,-0.03,+0.02
Temperature,-104
ACC,+0.53,-1.43,+9.81
LIA,+0.01,-1.31,+1.29
GYR,-1.12,-1.12,-0.69
MAG,+0.00,+0.00,+0.00
GRV,+9.79,-0.11,+0.00
Roll,+3.06,-8.69,+366.12
QUA,+1.00,-0.01,-0.02,+0.02
Temperature,-104
ACC,+0.46,-1.39,-317.55
LIA,-0.09,+0.02,+0.34
GYR,-0.19,-1.62,+0.88
MAG,+0.00,+0.00,+0.00
GRV,+9.78,-0.14,+0.00
Roll,+3.25,-0.81,+366.06
QUA,-1.00,+1.99,-0.02,+0.02
Temperature,24
ACC,-327.04,+0.00,+8.61
LIA,+0.06,+0.07,+0.10
GYR,+4.06,+1.88,+0.62
MAG,+0.00,+0.00,+0.00
GRV,+9.78,-0.06,+0.00
Roll,+3.31,-8.38,-1690.06
QUA,-1.00,-0.00,+1.98,+0.03
Temperature,24
ACC,+1.54,-1.42,-317.84
LIA,-0.18,-0.01,+0.42
GYR,+3.12,+2.44,+3.81
MAG,+0.00,+0.00,+0.00
GRV,+9.79,+0.00,+0.00
Roll,+3.06,+0.00,+365.75
QUA,-1.00,+0.00,-0.03,+0.02
Temperature,24
ACC,+1.84,+0.32,+9.85
LIA,+0.11,+0.19,+0.06
GYR,+8.19,+4.94,-2.62
MAG,+0.00,+0.00,+0.00
GRV,+9.79,+0.14,+0.00
Roll,+2.62,+0.81,+365.56
QUA,+1.00,+0.01,-0.03,+0.02
Temperature,24
ACC,-0.01,+0.00,+9.94
LIA,-0.23,-0.19,+0.14
GYR,+1.19,+13.31,-0.94
MAG,+8.00,+0.00,+0.00
GRV,+9.80,+0.20,+0.00
Roll,+1.12,+1.19,+358.12
QUA,+1.00,+0.01,-0.01,+0.02
Temperature,24
ACC,+0.27,+0.34,+9.85
LIA,+0.24,+0.08,+0.05
GYR,+1.25,-2042.50,-4.12
MAG,+0.00,+0.00,+0.00
GRV,+9.80,+0.26,+0.00
Roll,+0.12,+1.50,+358.31
QUA,+1.00,+0.01,-0.01,+0.01
Temperature,24
ACC,-0.32,+0.21,+9.90
LIA,-0.20,-0.04,+0.10
GYR,+1.12,-2040.56,-1.75
MAG,+0.00,+0.00,+0.00
GRV,+9.80,+0.26,+0.00
Roll,-0.75,+1.56,+358.81
QUA,+1.00,+0.01,+0.01,+0.01
Temperature,24
ACC,-0.28,+0.31,+10.12
LIA,+1.33,+0.01,+0.32
GYR,+3.00,+10.06,+1.44
MAG,+8.00,+0.00,+0.00
GRV,+8.51,+0.30,+0.00
Roll,-2.06,+1.81,+358.62
QUA,+1.00,+0.02,+0.02,+0.01
Temperature,-104
ACC,-0.52,+0.45,+10.09
LIA,+0.08,+0.07,+0.39
GYR,+2.44,+15.31,+1.31
MAG,+8.00,+0.00,+0.00
GRV,+9.77,+0.36,+0.00
Roll,-3.69,+2.12,+366.50
QUA,+1.00,+0.02,+0.03,+0.01
Temperature,24
ACC,+326.76,+0.51,+8.61
LIA,+1.37,+0.02,+0.07
GYR,+0.62,+17.50,-1.75
MAG,+0.00,+0.00,+0.00
GRV,+9.74,+0.41,+0.00
Roll,+2042.12,+2.44,+358.50
QUA,+1.00,+0.02,+0.05,+0.01
Temperature,-104
ACC,-1.47,+1.64,+9.71
LIA,-0.01,-0.01,+0.05
GYR,-3.94,+16.56,-1.19
MAG,+0.00,+0.00,+0.00
GRV,+9.69,+0.40,+0.00
Roll,-8.25,+2.38,+366.62
QUA,+1.00,+0.02,+0.07,+0.01
Temperature,24
ACC,-1.60,+0.13,-319.17
LIA,+1.37,-0.03,+0.61
GYR,-9.31,+15.19,-4.00
MAG,+0.00,+0.00,+0.00
GRV,+9.64,+1.52,+0.00
Roll,-10.19,+9.44,+366.81
QUA,+1.00,+0.01,+0.09,+0.01
Temperature,24
ACC,-0.82,+0.14,-317.83
LIA,-0.07,+0.06,+0.43
GYR,-2.62,+14.31,+2.81
MAG,+0.00,+0.00,+0.00
GRV,+8.31,+0.19,+0.00
Roll,-11.88,+1.12,+366.62
QUA,+0.99,+0.01,+0.11,+0.01
Temperature,-104
ACC,+325.37,+1.59,+9.47
LIA,+1.61,+0.13,+0.05
GYR,-1.56,+16.44,+4.50
MAG,+0.00,+0.00,+0.00
GRV,+9.47,+1.52,+0.00
Roll,+2033.12,+1.44,-1689.88
QUA,+1.00,+0.01,+0.13,+0.02
Temperature,24
ACC,-3.00,+0.12,+9.95
LIA,-0.12,-0.01,+0.58
GYR,-3.62,+25.88,-3.81
MAG,+0.00,+0.00,+0.00
GRV,+8.09,+0.13,+0.00
Roll,-17.06,+0.81,-1681.81
QUA,+1.00,+0.00,+0.15,+0.02
Temperature,24
ACC,+324.36,+1.31,+9.18
LIA,+0.18,+0.07,+0.05
GYR,-1.88,+28.00,+3.25
MAG,+0.00,+0.00,+0.00
GRV,+9.19,+0.08,+0.00
Roll,+2027.75,+0.50,-1690.12
QUA,+0.98,+0.00,+0.18,+0.02
Temperature,24
ACC,-3.48,+0.10,+9.17
LIA,+0.25,+0.07,+0.11
GYR,-2.00,+11.56,+0.19
MAG,+8.00,+0.00,+0.00
GRV,+9.06,+1.30,+0.00
Roll,+2025.56,+8.19,-1690.25
QUA,+0.98,-0.00,+0.20,+0.02
Temperature,-104
ACC,-3.70,+0.04,+9.09
LIA,+1.39,+0.00,+0.10
GYR,+0.31,+2.88,+0.94
MAG,+0.00,+0.00,+0.00
GRV,+9.02,+1.33,+0.00
Roll,-23.00,+0.31,+365.75
QUA,+0.98,-0.00,+0.20,+0.02
Temperature,24
ACC,+323.84,+0.11,+7.89
LIA,+1.29,+0.00,+0.22
GYR,-0.38,-0.75,+0.25
MAG,+0.00,+0.00,+0.00
GRV,+9.01,+0.08,+0.00
Roll,+2024.81,+0.50,+365.75
QUA,+0.98,+0.00,+0.19,+0.02
Temperature,24
ACC,-2.57,+0.08,+8.97
LIA,+0.00,+0.00,-0.03
GYR,-1.00,-1.62,+0.25
MAG,+0.00,+0.00,+0.00
GRV,+9.01,+0.08,+0.00
Roll,-23.12,+0.50,+357.81
QUA,+0.98,+0.00,+0.20,+0.02
Temperature,24
ACC,-3.76,+0.10,+8.98
LIA,+1.35,+0.00,-0.03
GYR,+0.94,-8.25,+8.81
MAG,+0.00,+0.00,+0.00
GRV,+9.02,+0.09,+0.00
Roll,-23.06,+0.62,+357.81
QUA,+0.98,+0.00,+0.20,+0.02
Temperature,24
ACC,-3.84,+0.04,+9.15
LIA,-0.05,-0.04,+0.11
GYR,-1.25,-3.44,-0.19
MAG,+0.00,+0.00,+0.00
GRV,+7.76,+1.37,+0.00
Roll,-22.69,+0.50,+365.75
QUA,+0.98,+0.00,+0.20,+0.02
Temperature,24
ACC,-3.66,+0.13,+9.21
LIA,+1.37,+0.07,+0.16
GYR,-0.94,-1.44,+0.50
MAG,+0.00,+0.00,+0.00
GRV,+9.06,+0.08,+0.00
Roll,+2025.62,+8.50,-1682.25
QUA,+0.98,+0.00,+0.19,+0.02
Temperature,24
ACC,-3.62,+1.40,+9.21
LIA,+1.28,+0.04,+0.17
GYR,-1.00,-3.50,-0.25
MAG,+0.00,+0.00,+0.00
GRV,+9.08,+0.08,+0.00
Roll,-30.00,+8.50,+357.69
QUA,+0.98,+0.00,+0.19,+0.02
Temperature,24
ACC,+324.00,+0.10,+9.36
LIA,-0.04,+0.02,+0.25
GYR,+1.81,+0.00,-0.19
MAG,+0.00,+0.00,+0.00
GRV,+9.10,+0.08,+0.00
Roll,-21.75,+0.50,-1682.25
QUA,+0.98,+0.00,+0.19,+0.02
Temperature,24
ACC,-3.70,+0.12,+9.28
LIA,-0.06,+1.33,+0.18
GYR,-0.12,-0.50,-0.50
MAG,+0.00,+0.00,+0.00
GRV,+9.10,+0.07,+0.00
Roll,+2026.25,+0.44,+357.75
QUA,+0.98,+0.00,+0.19,+0.02
Temperature,24
ACC,+324.14,+0.02,+7.88
LIA,+0.07,-1.33,+1.33
GYR,+8.38,-0.81,-0.38
MAG,+0.00,+0.00,+0.00
GRV,+9.11,+0.08,+0.00
Roll,+2026.38,+0.50,-1690.19
QUA,-1.02,+0.00,+0.19,+0.02
Temperature,24
ACC,-3.55,+0.12,+9.14
LIA,+1.28,+0.04,-0.03
GYR,-0.44,-4.56,-0.31
MAG,+0.00,+0.00,+0.00
GRV,+9.13,+0.06,+0.00
Roll,+2018.75,+8.38,-1682.19
QUA,+0.98,+0.00,-1.82,+0.02
Temperature,25
ACC,-3.13,-0.07,+9.12
LIA,+0.17,-1.41,-0.10
GYR,+0.94,-22.62,-0.06
MAG,+8.00,+0.00,+0.00
GRV,+9.24,+0.05,+0.00
Roll,-19.44,+8.31,+357.81
QUA,+0.99,-0.01,-1.83,+0.02
Temperature,25
ACC,-2.96,+1.42,+9.67
LIA,-0.13,+0.03,+0.28
GYR,+9.50,-19.06,+4.69
MAG,+0.00,+0.00,+0.00
GRV,+9.39,+0.10,+0.00
Roll,-24.56,+0.62,+357.44
QUA,-1.00,+0.00,+0.14,+0.02
Temperature,-103
ACC,+325.16,+1.38,+8.54
LIA,-0.05,+1.30,+0.33
GYR,-2.25,-11.69,-0.75
MAG,+0.00,+0.00,+0.00
GRV,+9.49,+0.07,+0.00
Roll,-14.50,+0.38,+357.38
QUA,-1.00,+0.00,+0.13,+0.02
Temperature,25
ACC,+326.70,+1.45,+8.43
LIA,-0.05,+0.08,+0.16
GYR,+3.31,-10.31,+0.94
MAG,+0.00,+0.00,+0.00
GRV,+9.55,+0.09,+0.00
Roll,+2035.12,+0.56,-1690.69
QUA,+0.99,+0.00,+0.11,+0.02
Temperature,25
ACC,+325.53,-0.02,+10.25
LIA,-0.45,-0.21,+0.75
GYR,+0.12,-14.94,-1.50
MAG,+0.00,+0.00,+0.00
GRV,-318.05,+1.40,+0.00
Roll,-10.69,+8.69,-1682.56
QUA,+1.00,+0.00,+0.09,+0.02
Temperature,25
ACC,-0.46,+0.09,+8.66
LIA,-0.08,-0.03,+0.28
GYR,-0.44,-4.31,+0.31
MAG,+8.00,+0.00,+0.00
GRV,+9.66,+0.10,+0.00
Roll,-9.69,+8.62,-1690.50
QUA,+1.00,+0.00,+0.08,+0.02
Temperature,25
ACC,-0.12,+0.14,-319.17
LIA,+1.33,-0.01,+0.03
GYR,-0.06,-5.50,+0.75
MAG,+0.00,+0.00,+0.00
GRV,+9.68,+0.10,+0.00
Roll,-9.00,+8.56,-1690.62
QUA,-1.00,+0.00,+0.08,+0.02
Temperature,25
ACC,-0.17,+1.45,+9.91
LIA,-0.01,+1.34,+0.21
GYR,-0.25,-4.44,+0.38
MAG,+8.00,+0.00,+0.00
GRV,+9.70,+0.10,+0.00
Roll,-8.38,+8.62,-1682.69
QUA,+1.00,+0.00,+0.07,-1.98
Temperature,-103
ACC,-0.19,+1.38,+9.85
LIA,-0.15,+0.01,+0.17
GYR,+0.12,-1.38,+0.81
MAG,+0.00,+0.00,+0.00
GRV,+9.71,+0.10,+0.00
Roll,-15.94,+8.62,+365.25
QUA,+1.00,+0.00,-1.93,+0.02
Temperature,25
ACC,-1.30,+1.45,+8.46
LIA,+1.28,+0.04,+0.00
GYR,-0.25,-1.81,+0.56
MAG,+0.00,+0.00,+0.00
GRV,+9.71,+0.11,+0.00
Roll,-15.88,+8.62,+365.19
QUA,-1.00,+0.00,+0.07,+0.02
Temperature,25
ACC,-0.04,+0.17,+8.56
LIA,-0.01,+0.06,+0.12
GYR,-0.62,-1.44,+0.81
MAG,+0.00,+0.00,+0.00
GRV,+9.71,+0.10,+0.00
Roll,+2032.38,+8.62,+365.12
QUA,-1.00,+0.00,-1.93,+0.02
Temperature,25
ACC,-1.37,+0.13,-319.09
LIA,-0.07,+0.02,+0.13
GYR,-0.19,-0.44,+0.44
MAG,+0.00,+0.00,+0.00
GRV,-317.96,+1.38,+0.00
Roll,-7.56,+8.62,+357.12
QUA,+1.00,+0.00,+0.07,+0.02
Temperature,25
ACC,-0.04,+1.45,-317.77
LIA,-0.03,+0.02,+0.13
GYR,+2.19,+2.12,+0.88
MAG,+0.00,+0.00,+0.00
GRV,-317.97,+1.40,+0.00
Roll,+2040.31,+0.69,-1691.00
QUA,+1.00,+0.00,+0.07,+0.03
Temperature,25
ACC,-0.17,+1.49,+9.89
LIA,-0.06,+0.10,+0.25
GYR,-5.62,+2.25,+0.31
MAG,+0.00,+0.00,+0.00
GRV,+9.70,+0.11,+0.00
Roll,-8.12,+8.69,+356.94
QUA,+1.00,+0.00,+0.07,+0.03
Temperature,25
ACC,-1.43,+0.11,+8.53
LIA,-0.07,+0.04,+0.07
GYR,-0.38,+2.25,-0.44
MAG,+0.00,+0.00,+0.00
GRV,+9.69,+0.04,+0.00
Roll,-8.50,+8.25,-1683.12
QUA,+1.00,+0.00,+0.07,+0.03
Temperature,25
ACC,-0.16,+1.36,-318.03
LIA,+0.04,+0.02,-0.03
GYR,-0.12,-0.25,+1.38
MAG,+0.00,+0.00,+0.00
GRV,+9.69,+0.06,+0.00
Roll,-8.69,+8.31,+356.75
QUA,+1.00,+0.00,+0.08,+0.03
Temperature,25
ACC,-0.18,+1.43,-319.09
LIA,-0.01,+0.12,+0.17
GYR,-1.75,-2.00,-1.38
MAG,+0.00,+0.00,+0.00
GRV,+9.69,+0.03,+0.00
Roll,-8.44,+0.12,-1691.25
QUA,+1.00,-0.00,+0.07,+0.02
Temperature,25
ACC,-0.15,+1.31,+8.65
LIA,-0.01,+1.28,+0.22
GYR,+0.81,+1.56,-1.06
MAG,+0.00,+0.00,+0.00
GRV,+9.70,+0.03,+0.00
Roll,-8.31,+0.19,+364.81
QUA,+1.00,-0.00,+0.07,+0.02
Temperature,25
ACC,-1.62,+0.02,-318.00
LIA,-0.14,-0.02,-0.01
GYR,-1.44,+3.00,+2.06
MAG,+0.00,+0.00,+0.00
GRV,+9.69,+0.04,+0.00
Roll,-8.69,+0.25,+356.81
QUA,+1.00,+0.00,-1.92,-1.98
Temperature,25
ACC,-1.50,+0.20,+9.87
LIA,+0.02,+0.17,+0.19
GYR,-0.06,+9.75,+0.62
MAG,+0.00,+0.00,+0.00
GRV,+9.68,+0.02,+0.00
Roll,-9.00,+0.12,+356.50
QUA,+1.00,-0.00,+0.09,+0.02
Temperature,25
ACC,-1.54,+0.05,+9.80
LIA,+1.29,-0.01,+0.11
GYR,+9.56,-8.44,-0.88
MAG,+8.00,+0.00,+0.00
GRV,+9.68,+0.06,+0.00
Roll,-9.06,+0.38,+356.56
QUA,+1.00,+0.00,+0.08,+0.03
Temperature,25
ACC,-1.61,+0.10,+9.75
LIA,-0.07,+0.02,+0.07
GYR,+0.44,+1.81,+1.81
MAG,+0.00,+0.00,+0.00
GRV,-318.00,+1.36,+0.00
Roll,-9.00,+0.50,-1683.44
QUA,+1.00,+0.00,+0.08,+0.03
Temperature,25
ACC,-1.48,+0.11,-317.81
LIA,+1.29,+0.04,+0.22
GYR,+8.19,+0.81,-1.75
MAG,+0.00,+0.00,+0.00
GRV,+9.68,+0.06,+0.00
Roll,-9.12,+0.38,+364.50
QUA,+1.00,+0.00,+0.08,+0.03
Temperature,-103
ACC,-0.30,+1.34,-317.98
LIA,-0.02,-0.01,+0.02
GYR,+0.75,-0.94,-1.19
MAG,+0.00,+0.00,+0.00
GRV,+9.68,+0.07,+0.00
Roll,-9.12,+0.38,+364.75
QUA,-1.00,+0.00,+0.08,+0.02
Temperature,-103
ACC,-1.57,+0.12,-317.93
LIA,-0.04,+0.06,+0.07
GYR,-0.31,-1.81,-1.19
MAG,+0.00,+0.00,+0.00
GRV,+9.68,+0.06,+0.00
Roll,-8.94,+0.38,+356.94
QUA,+1.00,+0.00,+0.08,+0.03
Temperature,25
ACC,-1.48,+0.08,-317.86
LIA,+0.00,+0.02,+0.13
GYR,-0.56,-3.12,-1.81
MAG,+0.00,+0.00,+0.00
GRV,+9.69,+0.06,+0.00
Roll,-8.62,+0.38,-1690.88
QUA,+1.00,+0.00,-1.92,+0.02
Temperature,25
ACC,-0.11,+1.37,+9.92
LIA,+1.41,+0.00,+0.13
GYR,+12.25,-2.38,+0.75
MAG,+0.00,+0.00,+0.00
GRV,+9.70,+0.07,+0.00
Roll,-8.38,+0.38,-1682.69
QUA,+1.00,+0.00,+0.07,+0.02
Temperature,25
ACC,-1.49,-0.06,-317.86
LIA,-0.11,-0.16,+0.14
GYR,+0.19,-1.38,+0.75
MAG,+0.00,+0.00,+0.00
GRV,+9.70,+0.13,+0.00
Roll,-8.06,+8.75,-1690.69
QUA,+1.00,-1.99,+0.06,+0.02
Temperature,25
ACC,-1.31,+0.34,-317.86
LIA,+1.40,+0.26,+0.14
GYR,-2.50,+0.06,+1.75
MAG,+0.00,+0.00,+0.00
GRV,-317.98,+0.09,+0.00
Roll,-8.06,+8.50,+357.12
QUA,+1.00,+0.00,+0.07,+0.02
Temperature,25
ACC,-0.31,-0.06,-317.76
LIA,-0.24,-0.20,+0.21
GYR,+1.12,+0.31,-1.81
MAG,+0.00,+0.00,+0.00
GRV,+9.71,+0.13,+0.00
Roll,+2040.12,+8.75,-1690.69
QUA,-1.00,+0.01,+0.07,+0.02
Temperature,25
ACC,+326.54,+1.64,-317.86
LIA,+1.41,+0.22,+0.24
GYR,-4.06,+2.56,+1.62
MAG,+0.00,+0.00,+0.00
GRV,+9.70,+1.37,+0.00
Roll,-8.12,+8.50,-1690.94
QUA,+1.00,+0.00,+0.07,+0.03
