SWV ITM Data Console - ITM Port: 0
Hello
[+] BNO055 init success
[BNO] Unit selection success
--------------------------ACC,+326.94,-0.27,+9.55
LIA,+0.00,+0.00,-0.19
Roll,-4.25,-1.69,+0.00
--------------------------ACC,-0.69,-0.27,+9.54
LIA,+0.03,+0.02,-1.50
Roll,+2035.75,-1.69,+0.00
--------------------------ACC,-0.73,-0.29,+9.52
LIA,+1.28,+0.00,-0.24
Roll,-4.25,-1.69,+0.00
--------------------------ACC,-0.74,-0.28,+9.60
LIA,+1.28,+0.00,-0.17
Roll,+2035.75,-1.69,+0.00
--------------------------ACC,-0.73,-0.30,+9.55
LIA,+0.00,+0.00,-0.21
Roll,-4.25,-1.69,+0.00
--------------------------ACC,+326.97,-0.28,+9.55
LIA,+1.29,+0.00,-0.22
Roll,-4.25,-1.69,+0.00
--------------------------ACC,-0.70,-0.28,+9.53
LIA,+0.02,+0.00,-0.24
Roll,-4.25,-1.69,+0.00
--------------------------ACC,+326.96,-0.29,+9.53
LIA,+1.28,+0.00,-1.52
Roll,-4.25,-1.69,+0.00
--------------------------ACC,-0.72,-0.29,+9.56
LIA,+0.00,+0.00,-0.20
Roll,-12.25,-1.69,+0.00
--------------------------ACC,-0.74,-0.29,+9.57
LIA,+0.00,+0.00,-0.20
Roll,-4.25,-1.69,+0.00
--------------------------ACC,-0.72,-0.26,+9.54
LIA,+1.28,+0.03,-0.22
Roll,+2043.75,-1.69,+8.00
--------------------------ACC,+326.98,-0.31,+9.54
LIA,+0.04,+0.02,-0.22
Roll,-4.25,-1.69,+0.00
--------------------------ACC,-0.67,-0.27,+9.52
LIA,+1.33,+0.02,-0.24
Roll,+2043.75,-1.69,+0.00
--------------------------ACC,-0.72,-0.29,+9.55
LIA,+0.00,+0.00,-0.21
Roll,-4.25,-1.69,+8.00
--------------------------ACC,+326.90,-0.30,+9.56
LIA,-0.05,-0.01,-0.21
Roll,-4.25,-1.69,+0.00
--------------------------ACC,-0.80,-0.28,+9.59
LIA,-0.07,+0.01,-0.17
Roll,+2043.75,-1.69,-1688.06
--------------------------ACC,-0.71,-0.29,+9.56
LIA,+1.28,+0.00,-0.18
Roll,-4.25,-1.69,+359.94
--------------------------ACC,-0.71,-0.30,+9.54
LIA,+1.29,-0.01,-0.22
Roll,-4.25,-1.69,+359.94
--------------------------ACC,-0.69,-0.29,+9.53
LIA,+1.31,+0.00,-0.23
Roll,-4.25,-1.69,-1688.06
--------------------------ACC,+326.96,-0.28,+9.54
LIA,+1.29,-0.01,-0.21
Roll,-4.25,-1.69,+359.94
--------------------------ACC,-0.72,-0.25,+9.53
LIA,+0.00,+0.03,-1.51
Roll,-4.25,-1.69,+359.94
--------------------------ACC,-0.70,-0.28,+9.57
LIA,+1.30,+0.01,-0.19
Roll,+2035.75,-1.69,+367.94
--------------------------ACC,-0.70,-0.30,+9.57
LIA,-0.01,+0.00,-0.20
Roll,-4.25,-1.69,+359.94
--------------------------ACC,-0.72,-0.28,+9.55
LIA,+1.28,+0.00,-1.50
Roll,+2035.75,-1.69,+359.94
--------------------------ACC,-0.69,-0.28,+9.53
LIA,+1.31,+0.01,-0.23
Roll,-12.25,-1.69,+359.94
--------------------------ACC,+326.98,-0.29,+9.53
LIA,+0.02,+0.01,-0.19
Roll,-4.25,-1.69,+359.94
--------------------------ACC,+326.96,-0.30,+9.55
LIA,+0.00,-1.29,-0.21
Roll,-4.25,-1.69,+359.94
--------------------------ACC,-0.72,-0.28,+9.53
LIA,+1.28,+0.00,-0.23
Roll,+2043.75,-1.69,+359.94
--------------------------ACC,+326.94,-0.30,+9.54
LIA,+1.29,+0.00,-0.24
Roll,-4.25,-1.69,+359.94
--------------------------ACC,-0.70,-0.27,+9.58
LIA,+0.02,+0.01,-0.19
Roll,-12.25,-1.69,-1688.06
--------------------------ACC,-0.72,-0.29,+9.56
LIA,+0.00,+0.00,-0.21
Roll,-4.25,-1.69,+359.94
--------------------------ACC,+326.95,-0.28,+9.55
LIA,+1.28,-0.01,-0.22
Roll,-4.25,-1.69,+359.94
--------------------------ACC,-0.72,-0.32,+9.56
LIA,+1.28,-1.31,-0.20
Roll,-4.25,-1.69,-1680.06
--------------------------ACC,-0.73,-0.28,+9.53
LIA,+0.00,+0.01,-0.23
Roll,-12.25,-1.69,+359.94
--------------------------ACC,-0.70,-0.28,+9.53
LIA,+1.28,+0.00,-0.21
Roll,-4.25,-1.69,+359.94
--------------------------ACC,-0.70,-0.27,+9.53
LIA,+1.30,+0.01,-1.52
Roll,-4.25,-1.69,+359.94
--------------------------ACC,-0.72,-0.30,+9.53
LIA,+1.28,+0.00,-0.24
Roll,-4.25,-1.69,+359.94
--------------------------ACC,-0.71,-0.29,+9.56
LIA,+0.00,+0.00,-0.19
Roll,-4.25,-1.69,+359.94
--------------------------ACC,-0.72,-0.30,+9.58
LIA,+1.28,+0.00,-0.19
Roll,-12.25,-1.69,+359.94
--------------------------ACC,-0.72,-0.29,+9.53
LIA,+1.28,+0.00,-0.23
Roll,-4.25,-1.69,+359.94
--------------------------ACC,-0.71,-0.28,+9.55
LIA,+0.01,+0.01,-1.49
Roll,+2035.75,-1.69,-1688.06
--------------------------ACC,-0.71,-0.29,+9.54
LIA,+0.01,+0.00,-0.23
Roll,+2035.75,-1.69,-1688.06
--------------------------ACC,-0.73,-0.30,+9.51
LIA,+0.00,+0.01,-0.24
Roll,-4.25,-1.69,+359.94
--------------------------ACC,-0.71,-0.32,+9.54
LIA,+0.01,-0.02,-0.23
Roll,-4.25,-1.69,+359.94
--------------------------ACC,-0.71,-0.31,+9.55
LIA,+0.01,-0.01,-0.22
Roll,-4.25,-1.69,+359.94
--------------------------ACC,+326.96,-0.29,+9.54
LIA,+0.00,+0.00,-1.51
Roll,-4.25,-1.69,+359.94
--------------------------ACC,-0.71,-0.29,+9.56
LIA,+0.01,+0.00,-0.20
Roll,-4.25,-1.69,+359.94
--------------------------ACC,-0.72,-0.28,+9.57
LIA,-0.02,+0.00,-0.17
Roll,-4.25,-1.69,+359.94
--------------------------ACC,-0.70,-0.27,+9.52
LIA,+1.30,+0.01,-1.52
Roll,+2035.75,-1.69,+359.94
--------------------------ACC,-0.69,-0.32,+9.53
LIA,+1.31,-0.02,-0.23
Roll,-4.25,-1.69,+359.94
--------------------------ACC,-0.73,-0.26,+9.54
LIA,+1.28,+0.02,-0.22
Roll,-4.25,-1.69,+359.94
--------------------------ACC,-0.74,-0.30,+9.54
LIA,-0.01,-0.01,-0.22
Roll,-4.25,-1.69,-1680.06
--------------------------ACC,-0.72,-0.30,+9.54
LIA,+0.00,+0.00,-0.23
Roll,-4.25,-1.69,+359.94
--------------------------ACC,-0.72,-0.28,+9.55
LIA,+0.00,+0.01,-0.21
Roll,-4.25,-1.69,+367.94
--------------------------ACC,-0.72,-0.29,+9.55
LIA,+1.28,+0.00,-0.22
Roll,-12.25,-1.69,+359.94
--------------------------ACC,-0.73,-0.30,+9.55
LIA,+0.02,+0.00,-0.21
Roll,-4.25,-1.69,+359.94
--------------------------ACC,-0.73,-0.30,+9.55
LIA,+0.00,-1.29,-0.21
Roll,-12.25,-1.69,+359.94
--------------------------ACC,-0.68,-0.32,+9.51
LIA,+1.32,-0.02,-0.25
Roll,-4.25,-1.69,+359.94
--------------------------ACC,+326.96,-0.27,+9.54
LIA,+1.30,+0.00,-0.21
Roll,-4.25,-1.69,+359.94
--------------------------ACC,-0.72,-0.29,+9.56
LIA,+1.28,+0.00,-0.20
Roll,-12.25,-1.69,-1680.06
--------------------------ACC,-0.72,-0.27,+9.54
LIA,+0.00,+0.02,-0.22
Roll,-12.25,-1.69,-1680.06
--------------------------ACC,+326.99,-0.29,+9.53
LIA,+1.29,+0.00,-0.21
Roll,-4.25,-1.69,+367.94
--------------------------ACC,-0.73,-0.31,+9.56
LIA,+0.00,-1.29,-0.20
Roll,+2035.75,-1.69,+359.94
--------------------------ACC,-0.69,-0.29,+9.53
LIA,+1.31,+0.00,-0.24
Roll,-12.25,-1.69,-1680.06
--------------------------ACC,+326.96,-0.29,+9.54
LIA,+0.00,+0.00,-0.21
Roll,-4.25,-1.69,+359.94
--------------------------ACC,-0.73,-0.30,+9.54
LIA,+1.28,+0.00,-1.51
Roll,-4.25,-1.69,+367.94
--------------------------ACC,-0.68,-0.29,+9.55
LIA,+1.32,+0.00,-0.22
Roll,-4.25,-1.69,+367.94
--------------------------ACC,-0.72,-0.30,+9.54
LIA,+1.28,-1.29,-0.23
Roll,-4.25,-1.69,+359.94
--------------------------ACC,-0.71,-0.28,+9.59
LIA,+0.01,+0.00,-0.18
Roll,-12.25,-1.69,+359.94
--------------------------ACC,-0.72,-0.26,+9.56
LIA,+0.01,+0.01,-0.23
Roll,-4.25,-1.69,+359.94
--------------------------ACC,+326.97,-0.30,+9.54
LIA,+0.01,-1.29,-0.22
Roll,-4.25,-1.69,+359.94
--------------------------ACC,-0.70,-0.29,+9.56
LIA,+1.30,+0.00,-1.48
Roll,-12.25,-1.69,-1688.06
--------------------------ACC,-0.76,-0.28,+9.54
LIA,-0.03,+0.00,-0.23
Roll,-4.25,-1.69,+359.94
--------------------------ACC,-0.68,-0.30,+9.54
LIA,+0.04,+0.00,-1.51
Roll,-4.25,-1.69,+359.94
--------------------------ACC,-0.72,-0.29,+9.55
LIA,+1.28,+0.00,-0.21
Roll,-4.25,-1.69,+359.94
--------------------------ACC,-0.71,-0.27,+9.52
LIA,-0.02,-0.01,-0.21
Roll,-4.25,-1.69,+367.94
--------------------------ACC,-0.70,-0.28,+9.55
LIA,+0.02,+0.00,-0.21
Roll,+2035.75,-1.69,+367.94
--------------------------ACC,-0.69,-0.29,+9.56
LIA,+1.31,+0.00,-0.20
Roll,+2043.75,-1.69,-1680.06
--------------------------ACC,-0.70,-0.31,+9.58
LIA,+0.00,-0.02,-0.22
Roll,-4.25,-1.69,+359.94
--------------------------ACC,-0.71,-0.29,+9.52
LIA,+1.29,+0.00,-1.52
Roll,-12.25,-1.69,+359.94
--------------------------ACC,-0.72,-0.28,+9.57
LIA,+1.28,+0.01,-0.20
Roll,-12.25,-1.69,+359.94
--------------------------ACC,-0.71,-0.29,+9.55
LIA,+1.30,+0.00,-0.22
Roll,-4.25,-1.69,+367.94
--------------------------ACC,+326.98,-0.30,+9.55
LIA,+0.02,-1.29,-0.22
Roll,-4.25,-1.69,+359.94
--------------------------ACC,-0.71,-0.28,+9.55
LIA,+1.29,+0.01,-0.21
Roll,+2043.75,-1.69,+359.94
--------------------------ACC,-0.69,-0.29,+9.53
LIA,+0.03,+0.00,-0.23
Roll,-4.25,-1.69,+367.94
--------------------------ACC,+326.97,-0.28,+9.55
LIA,+0.01,+0.00,-0.22
Roll,-4.25,-1.69,+367.94
--------------------------ACC,-0.71,-0.28,+9.58
LIA,+0.01,+0.00,-0.19
Roll,+2035.75,-1.69,-1688.06
--------------------------ACC,-0.69,-0.29,+9.54
LIA,+0.00,+0.01,-0.22
Roll,-4.25,-1.69,+367.94
--------------------------ACC,-0.72,-0.31,+9.57
LIA,+0.00,-1.30,-0.20
Roll,-4.25,-1.69,+359.94
--------------------------ACC,-0.71,-0.31,+9.55
LIA,+1.29,-0.01,-0.21
Roll,-4.25,-1.69,+367.94
--------------------------ACC,-0.72,-0.28,+9.52
LIA,+0.00,+0.00,-0.23
Roll,-4.25,-1.69,+359.94
--------------------------ACC,-0.72,-0.30,+9.56
LIA,+0.00,+0.00,-0.20
Roll,+2043.75,-1.69,-1688.06
--------------------------ACC,-0.72,-0.30,+9.53
LIA,+1.28,+0.00,-0.24
Roll,-4.25,-1.69,+359.94
--------------------------ACC,+326.97,-0.30,+9.58
LIA,+0.01,+0.00,-1.47
Roll,-4.25,-1.69,+359.94
--------------------------ACC,-0.72,-0.30,+9.55
LIA,+1.28,-1.29,-0.22
Roll,+2035.75,-1.69,+367.94
--------------------------ACC,-0.73,-0.31,+9.56
LIA,+1.28,-0.01,-0.20
Roll,-4.25,-1.69,+359.94
--------------------------ACC,-0.69,-0.30,+9.56
LIA,+1.28,+0.00,-0.23
Roll,-4.25,-1.69,+359.94
--------------------------ACC,-0.72,-0.29,+9.52
LIA,+1.28,+0.00,-0.24
Roll,-12.25,-1.69,-1688.06
--------------------------ACC,-0.73,-0.30,+9.55
LIA,+0.00,-0.01,-0.22
Roll,-4.25,-1.69,+359.94
--------------------------ACC,+326.97,-0.29,+9.51
LIA,+0.01,+0.00,-1.53
Roll,-4.25,-1.69,+359.94
--------------------------ACC,-0.70,-0.28,+9.56
LIA,+1.30,+0.00,-0.20
Roll,-12.25,-1.69,+359.94
--------------------------ACC,-0.74,-0.31,+9.54
LIA,-0.01,-0.02,-0.22
Roll,-4.25,-1.69,+367.94
--------------------------ACC,-0.70,-0.29,+9.50
LIA,+0.02,+0.00,-1.54
Roll,-4.25,-1.69,+359.94
--------------------------ACC,-0.72,-0.29,+9.53
LIA,+1.28,+0.00,-0.23
Roll,+2035.75,-1.69,+367.94
--------------------------ACC,-0.72,-0.29,+9.56
LIA,+1.28,+0.00,-0.20
Roll,-4.25,-1.69,+359.94
--------------------------ACC,+326.95,-0.30,+9.54
LIA,+1.28,+0.00,-1.50
Roll,-4.25,-1.69,+359.94
--------------------------ACC,-0.71,-0.30,+9.56
LIA,+1.29,-0.01,-0.21
Roll,+2043.75,-1.69,+359.94
--------------------------ACC,-0.71,-0.28,+9.54
LIA,+1.28,+0.00,-0.20
Roll,-4.25,-1.69,+359.94
--------------------------ACC,-0.71,-0.30,+9.54
LIA,+1.29,-0.01,-0.22
Roll,-4.25,-1.69,+367.94
--------------------------ACC,-0.72,-0.30,+9.56
LIA,+1.28,-0.01,-0.21
Roll,+2043.75,-1.69,+359.94
--------------------------ACC,-0.72,-0.29,+9.57
LIA,+0.00,+0.00,-0.19
Roll,-4.25,-1.69,+359.94
--------------------------ACC,-0.72,-0.28,+9.55
LIA,+1.28,+0.00,-0.22
Roll,+2043.75,-1.69,+359.94
--------------------------ACC,-0.71,-0.31,+9.56
LIA,+1.29,-0.02,-0.20
Roll,-12.25,-1.69,-1688.06
--------------------------ACC,-0.73,-0.26,+9.53
LIA,+1.28,+0.00,-1.49
Roll,-4.25,-1.69,+359.94
--------------------------ACC,-0.72,-0.29,+9.56
LIA,+1.28,+0.00,-1.49
Roll,-4.25,-1.69,+359.94
--------------------------ACC,-0.72,-0.28,+9.54
LIA,+1.28,+0.00,-0.22
Roll,-12.25,-1.69,+359.94
--------------------------ACC,-0.70,-0.31,+9.58
LIA,+0.01,+0.00,-0.18
Roll,-4.25,-1.69,+359.94
--------------------------ACC,-0.70,-0.28,+9.53
LIA,+0.02,+0.01,-0.24
Roll,+2043.75,-1.69,+367.94
--------------------------ACC,-0.71,-0.27,+9.52
LIA,+1.29,+0.02,-0.24
Roll,+2035.75,-1.69,-1688.06
--------------------------ACC,+326.96,-0.31,+9.55
LIA,+1.30,+0.01,-0.19
Roll,-4.25,-1.69,+359.94
--------------------------ACC,-0.72,-0.31,+9.53
LIA,+1.28,-1.30,-0.24
Roll,-4.25,-1.69,+359.94
--------------------------ACC,-0.73,-0.31,+9.58
LIA,+1.28,-0.02,-0.18
Roll,+2035.75,-1.69,+359.94
--------------------------ACC,-0.70,-0.29,+9.57
LIA,+1.30,+0.00,-0.20
Roll,-4.25,-1.69,+359.94
--------------------------ACC,+326.96,-0.28,+9.55
LIA,+0.00,+0.00,-0.21
Roll,-4.25,-1.69,+359.94
--------------------------ACC,-0.72,-0.30,+9.56
LIA,+1.28,+0.00,-0.20
Roll,-12.25,-1.69,-1680.06
--------------------------ACC,-0.71,-0.29,+9.56
LIA,+1.29,+0.00,-0.21
Roll,-4.25,-1.69,+367.94
--------------------------ACC,-0.70,-0.28,+9.54
LIA,+0.02,+0.00,-0.22
Roll,-4.25,-1.69,+359.94
--------------------------ACC,-0.71,-0.31,+9.57
LIA,+1.29,-0.02,-0.19
Roll,+2035.75,-1.69,-1680.06
--------------------------ACC,+326.96,-0.30,+9.54
LIA,+1.30,+0.00,-0.22
Roll,-4.25,-1.69,+367.94
--------------------------ACC,+326.96,-0.30,+9.57
LIA,+1.28,+0.00,-0.20
Roll,-4.25,-1.69,+359.94
--------------------------ACC,-0.72,-0.28,+9.55
LIA,+0.00,+0.01,-0.22
Roll,+2035.75,-1.69,+367.94
--------------------------ACC,+326.99,-0.30,+9.54
LIA,+0.01,+0.00,-0.23
Roll,+2043.75,-1.69,+359.94
--------------------------ACC,-0.72,-0.33,+9.58
LIA,+1.28,-1.32,-0.18
Roll,-4.25,-1.69,+359.94
--------------------------ACC,-0.67,-0.22,+9.50
LIA,+0.05,+0.07,-1.54
Roll,-12.25,-1.69,+0.00
--------------------------ACC,-0.72,-0.29,+9.54
LIA,+1.28,+0.00,-0.23
Roll,-4.25,-1.69,+359.94
--------------------------ACC,-0.71,-0.29,+9.57
LIA,+0.01,+0.00,-0.20
Roll,-4.25,-1.69,+359.94
--------------------------ACC,-0.74,-0.29,+9.56
LIA,-0.01,+0.00,-0.21
Roll,+2043.75,-1.69,-1680.06
--------------------------ACC,+326.97,-0.28,+9.56
LIA,+1.30,+0.00,-0.19
Roll,-4.25,-1.69,+359.94
--------------------------ACC,-0.78,-0.28,+9.53
LIA,-0.05,+1.29,-0.23
Roll,-4.25,-1.69,+367.94
--------------------------ACC,-0.73,-0.30,+9.57
LIA,+0.00,-0.01,-0.20
Roll,-4.19,-1.69,-1688.06
--------------------------ACC,+326.98,-0.31,+9.55
LIA,+0.01,+0.00,-0.22
Roll,-4.19,-1.69,+367.94
--------------------------ACC,-0.70,-0.27,+9.56
LIA,+0.01,+0.01,-1.48
Roll,-4.19,-1.69,+367.94
--------------------------ACC,-0.73,-0.30,+9.58
LIA,+0.00,+0.00,-0.19
Roll,+2035.81,-1.69,+367.94
--------------------------ACC,+326.98,-0.27,+9.58
LIA,+0.00,+0.00,-0.22
Roll,-4.19,-1.69,+359.94
--------------------------ACC,+326.97,-0.32,+9.57
LIA,+1.29,-0.02,-0.20
Roll,-4.19,-1.69,+359.94
--------------------------ACC,-0.69,-0.30,+9.54
LIA,+1.31,+0.00,-0.23
Roll,+2043.81,-1.69,+359.94
--------------------------ACC,+326.99,-0.29,+9.54
LIA,+0.02,+0.00,-0.25
Roll,-4.19,-1.69,+359.94
--------------------------ACC,-0.60,-0.32,+9.61
LIA,+0.12,-0.02,-0.16
Roll,-12.25,-1.69,+367.94
--------------------------ACC,-0.75,-0.29,+9.53
LIA,+1.28,+0.00,-0.23
Roll,+2043.62,-1.69,+0.00
--------------------------ACC,+326.97,-0.31,+9.53
LIA,+0.14,-0.01,-0.21
Roll,-4.38,-1.69,+0.00
--------------------------ACC,-0.59,-0.35,+9.57
LIA,+0.15,-0.06,-0.20
Roll,-12.38,-1.69,+367.81
--------------------------ACC,-0.75,-0.31,+9.53
LIA,+1.28,-0.02,-0.23
Roll,-4.38,-1.69,+359.62
--------------------------ACC,-0.64,-0.31,+9.55
LIA,-0.02,+0.00,-0.15
Roll,-4.38,-1.69,+359.62
--------------------------ACC,-0.69,-0.30,+9.52
LIA,+0.01,-0.01,-0.25
Roll,+2043.88,-1.69,-1688.38
--------------------------ACC,-0.68,-0.30,+9.55
LIA,+0.03,-0.01,-0.22
Roll,-4.19,-1.69,-1688.38
--------------------------ACC,+326.99,-0.29,+9.51
LIA,+1.30,+0.00,-0.20
Roll,-4.19,-1.69,+359.62
--------------------------ACC,+326.95,-0.31,+9.52
LIA,+1.29,-1.30,-0.24
Roll,-4.38,-1.69,+359.62
--------------------------ACC,-0.74,-0.31,+9.55
LIA,+1.28,-0.02,-0.21
Roll,-4.31,-1.69,-1688.31
--------------------------ACC,-0.74,-0.29,+9.54
LIA,+1.28,+0.00,-0.22
Roll,-4.31,-1.69,+359.69
--------------------------ACC,+326.96,-0.28,+9.54
LIA,+1.29,+0.00,-0.24
Roll,-4.31,-1.69,+367.69
--------------------------ACC,-0.73,-0.29,+9.55
LIA,+1.29,+0.00,-0.22
Roll,+2035.69,-1.69,+367.75
--------------------------ACC,-0.75,-0.29,+9.54
LIA,+1.28,+0.00,-0.23
Roll,-4.31,-1.69,-1680.25
--------------------------ACC,+326.97,-0.29,+9.55
LIA,+1.30,-0.03,-0.23
Roll,-4.31,-1.69,+367.75
--------------------------ACC,-0.72,-0.30,+9.55
LIA,+1.29,-1.29,-0.22
Roll,-4.31,-1.69,+359.75
--------------------------ACC,-0.74,-0.31,+9.54
LIA,+1.28,-0.01,-0.22
Roll,+2035.69,-1.69,-1680.25
--------------------------ACC,-0.63,-0.28,+9.53
LIA,+1.36,+0.00,-0.24
Roll,-4.19,-1.69,+367.56
--------------------------ACC,+327.00,-0.30,+9.54
LIA,+0.02,-0.01,-0.23
Roll,-4.19,-1.69,+367.56
--------------------------ACC,-0.68,-0.28,+9.55
LIA,+1.30,+0.00,-0.21
Roll,-12.12,-1.69,+359.56
--------------------------ACC,-0.72,-0.30,+9.54
LIA,+1.28,-0.01,-0.23
Roll,-4.12,-1.69,+367.56
--------------------------ACC,+326.97,-0.30,+9.55
LIA,+1.28,-0.01,-0.22
Roll,-4.12,-1.69,+359.56
--------------------------ACC,-0.70,-0.30,+9.55
LIA,+1.29,-0.01,-0.21
Roll,+2043.88,-1.69,+367.56
--------------------------ACC,-0.68,-0.30,+9.52
LIA,+1.31,-0.01,-0.25
Roll,+2043.81,-1.69,-1680.44
--------------------------ACC,-0.71,-0.31,+9.56
LIA,+1.28,-0.01,-0.22
Roll,-4.19,-1.69,+359.56
--------------------------ACC,+326.99,-0.29,+9.54
LIA,+1.30,+0.00,-0.22
Roll,-4.19,-1.69,+367.56
--------------------------ACC,-0.68,-0.29,+9.55
LIA,+1.31,+0.00,-0.22
Roll,+2035.81,-1.69,-1680.44
--------------------------ACC,-0.71,-0.33,+9.64
LIA,-0.03,+0.00,-0.29
Roll,-4.19,-1.69,+359.56
euler reset
--------------------------ACC,-0.71,-0.29,+9.54
LIA,+1.28,+0.00,-1.51
Roll,+2040.00,+0.00,-2048.00
--------------------------ACC,-0.71,-0.28,+9.52
LIA,+1.28,+0.00,-0.24
Roll,+0.00,+0.00,+0.00
--------------------------ACC,-0.71,-0.30,+9.54
LIA,+0.00,-1.29,-0.22
Roll,+0.00,+0.00,-2048.00
--------------------------ACC,-0.68,-0.29,+9.57
LIA,+1.31,+0.00,-0.20
Roll,+0.06,+0.00,+0.00
--------------------------ACC,-0.70,-0.30,+9.57
LIA,+0.00,-0.01,-0.20
Roll,+2040.00,+0.00,+0.00
--------------------------ACC,-0.70,-0.32,+9.57
LIA,+1.30,+0.00,-0.20
Roll,+0.00,+0.00,+0.00
--------------------------ACC,-0.70,-0.32,+9.55
LIA,+1.29,-0.02,-0.21
Roll,+0.00,+0.00,+0.00
--------------------------ACC,-0.72,-0.30,+9.55
LIA,-0.01,-0.01,-0.22
Roll,+0.00,+0.00,+0.00
--------------------------ACC,-0.71,-0.28,+9.54
LIA,+1.28,+0.00,-0.23
Roll,+0.00,+0.00,+0.00
--------------------------ACC,-0.68,-0.30,+9.56
LIA,+1.31,-0.01,-0.20
Roll,-8.00,+0.00,-2040.00
--------------------------ACC,-0.71,-0.29,+9.56
LIA,+1.28,+0.00,-0.20
Roll,+0.00,+0.00,+8.00
--------------------------ACC,-0.73,-0.29,+9.52
LIA,-0.01,+0.00,-0.25
Roll,+0.00,+0.00,-2040.00
--------------------------ACC,-0.72,-0.32,+9.53
LIA,+1.28,-0.03,-0.23
Roll,+0.00,+0.00,+8.00
--------------------------ACC,-0.68,-0.31,+9.53
LIA,+1.31,-0.02,-0.23
Roll,+0.00,+0.00,+0.00
--------------------------ACC,+326.97,-0.29,+9.54
LIA,+1.30,+0.00,-0.21
Roll,+0.00,+0.00,+0.00
--------------------------ACC,-0.71,-0.31,+9.54
LIA,+1.28,-0.01,-0.23
Roll,+2040.00,+0.00,+0.00
--------------------------ACC,+326.97,-0.29,+9.53
LIA,+1.30,+0.00,-0.20
Roll,+0.00,+0.00,+0.00
--------------------------ACC,-0.71,-0.29,+9.59
LIA,+0.00,+0.00,-0.18
Roll,+0.00,+0.00,+0.00
--------------------------ACC,-0.71,-0.29,+9.55
LIA,+1.28,+0.00,-1.50
Roll,+0.00,+0.00,+8.00
--------------------------ACC,-0.71,-0.29,+9.55
LIA,+1.28,+0.00,-0.22
Roll,+0.00,+0.00,+0.00
--------------------------ACC,-0.72,-0.30,+9.55
LIA,+0.00,-0.01,-0.21
Roll,+0.00,+0.00,+0.00
--------------------------ACC,+326.98,-0.30,+9.58
LIA,+1.29,-0.01,-0.19
Roll,+0.00,+0.00,+0.00
--------------------------ACC,-0.70,-0.29,+9.55
LIA,+0.01,+0.00,-0.22
Roll,+2048.00,+0.00,+0.00
--------------------------ACC,-0.71,-0.29,+9.52
LIA,+1.28,+0.00,-0.24
Roll,+0.00,+0.00,+0.00
--------------------------ACC,-0.70,-0.31,+9.57
LIA,+1.28,-0.02,-0.20
Roll,+0.00,+0.00,+0.00
--------------------------ACC,-0.71,-0.28,+9.54
LIA,+0.00,+0.00,-0.22
Roll,+2048.00,+0.00,-2048.00
--------------------------ACC,-0.71,-0.30,+9.53
LIA,+1.28,-0.01,-0.24
Roll,+0.00,+0.00,+0.00
--------------------------ACC,+326.98,-0.30,+9.55
LIA,+0.00,-0.01,-0.22
Roll,+0.00,+0.00,+0.00
--------------------------ACC,-0.70,-0.29,+9.55
LIA,+1.28,-0.01,-0.23
Roll,+0.00,+0.00,+0.00
--------------------------ACC,-0.70,-0.30,+9.54
LIA,+0.01,-0.01,-0.23
Roll,+0.00,+0.00,+8.00
--------------------------ACC,+326.98,-0.30,+9.55
LIA,+1.28,+0.00,-0.22
Roll,+0.00,+0.00,+0.00
--------------------------ACC,-0.70,-0.32,+9.56
LIA,+1.28,-0.02,-0.21
Roll,-8.00,+0.00,-2040.00
--------------------------ACC,+326.98,-0.30,+9.53
LIA,+1.30,-0.02,-0.23
Roll,+0.00,+0.00,+0.00
--------------------------ACC,-0.70,-0.32,+9.55
LIA,+0.01,-1.30,-0.21
Roll,-8.00,+0.00,+0.00
--------------------------ACC,-0.72,-0.31,+9.56
LIA,+0.00,-0.01,-0.21
Roll,+0.00,+0.00,+0.00
--------------------------ACC,-0.70,-0.30,+9.54
LIA,+1.28,-0.01,-0.23
Roll,+2048.00,+0.00,-2048.00
--------------------------ACC,-0.72,-0.28,+9.55
LIA,-0.01,+0.00,-0.22
Roll,+0.00,+0.00,+0.00
--------------------------ACC,-0.70,-0.29,+9.56
LIA,+0.01,+0.00,-0.21
Roll,+0.00,+0.00,+0.00
--------------------------ACC,-0.70,-0.30,+9.56
LIA,+1.28,-1.29,-0.20
Roll,+0.00,+0.00,+8.00
--------------------------ACC,-0.69,-0.29,+9.54
LIA,+1.29,+0.00,-0.23
Roll,+0.00,+0.00,+0.00
--------------------------ACC,-0.70,-0.28,+9.57
LIA,+0.01,+0.00,-0.20
Roll,+0.00,+0.00,+0.00
--------------------------ACC,-0.73,-0.31,+9.57
LIA,-0.01,-0.02,-0.20
Roll,+0.00,+0.00,+0.00
--------------------------ACC,-0.70,-0.32,+9.54
LIA,+1.29,-0.03,-0.23
Roll,+2048.00,+0.00,+8.00
--------------------------ACC,-0.71,-0.27,+9.53
LIA,+1.29,-0.01,-0.20
Roll,+0.00,+0.00,+0.00
--------------------------ACC,-0.70,-0.30,+9.56
LIA,+1.28,-0.01,-0.20
Roll,+0.00,+0.00,+0.00
--------------------------ACC,-0.70,-0.28,+9.58
LIA,+1.30,+0.00,-0.20
Roll,+0.00,+0.00,+0.00
--------------------------ACC,-0.70,-0.28,+9.55
LIA,+0.00,+0.00,-0.22
Roll,+0.00,+0.00,+0.00
--------------------------ACC,-0.72,-0.31,+9.57
LIA,+1.28,-0.01,-0.20
Roll,+2040.00,+0.00,+8.00
--------------------------ACC,-0.71,-0.29,+9.57
LIA,+1.28,+0.00,-0.19
Roll,+0.00,+0.00,+0.00
--------------------------ACC,-0.70,-0.29,+9.57
LIA,+0.01,+0.00,-1.47
Roll,+2048.00,+0.00,+0.00
--------------------------ACC,-0.72,-0.30,+9.55
LIA,+1.28,-0.01,-0.21
Roll,+0.00,+0.00,+0.00
--------------------------ACC,-0.73,-0.30,+9.56
LIA,-0.02,-0.01,-0.20
Roll,+0.00,+0.00,+0.00
--------------------------ACC,-0.70,-0.30,+9.56
LIA,+1.28,-0.02,-0.20
Roll,+0.00,+0.00,+0.00
--------------------------ACC,-0.71,-0.28,+9.55
LIA,+1.28,+0.00,-0.22
Roll,+2040.00,+0.00,+0.00
--------------------------ACC,+327.01,-0.29,+9.55
LIA,+1.28,-0.03,-0.22
Roll,+0.00,+0.00,+0.00
--------------------------ACC,-0.70,-0.30,+9.54
LIA,+1.28,-0.01,-0.22
Roll,+0.00,+0.00,+0.00
--------------------------ACC,-0.69,-0.27,+9.56
LIA,+1.30,+0.01,-0.21
Roll,+0.00,+0.00,+0.00
--------------------------ACC,-0.71,-0.30,+9.53
LIA,+1.28,-0.01,-0.24
Roll,+0.00,+0.00,+0.00
--------------------------ACC,-0.70,-0.31,+9.53
LIA,+0.01,-0.01,-0.23
Roll,+0.00,+0.00,-2048.00
--------------------------ACC,-0.72,-0.29,+9.54
LIA,+1.28,+0.00,-0.22
Roll,+0.00,+0.00,+0.00
--------------------------ACC,-0.71,-0.30,+9.53
LIA,+1.28,-0.01,-0.24
Roll,-8.00,+0.00,-2048.00
--------------------------ACC,-0.72,-0.32,+9.55
LIA,+0.00,-0.01,-0.22
Roll,+0.00,+0.00,+0.00
--------------------------ACC,-0.70,-0.30,+9.58
LIA,+1.28,-0.01,-0.19
Roll,+0.00,+0.00,+0.00
--------------------------ACC,+326.96,-0.29,+9.53
LIA,+0.03,-0.01,-0.19
Roll,+0.00,+0.00,+0.00
--------------------------ACC,-0.73,-0.28,+9.56
LIA,-0.02,+0.00,-1.48
Roll,-8.00,+0.00,-2040.00
--------------------------ACC,-0.70,-0.31,+9.56
LIA,+0.00,+0.00,-0.22
Roll,+0.00,+0.00,+0.00
--------------------------ACC,-0.71,-0.28,+9.57
LIA,+1.28,+0.00,-0.19
Roll,+0.00,+0.00,+0.00
--------------------------ACC,+326.97,-0.31,+9.53
LIA,+0.00,-0.01,-0.23
Roll,+0.00,+0.00,+0.00
--------------------------ACC,-0.69,-0.29,+9.52
LIA,+0.02,+0.00,-0.24
Roll,+0.00,+0.00,-2040.00
--------------------------ACC,+326.99,-0.30,+9.57
LIA,+1.29,-1.29,-0.20
Roll,+0.00,+0.00,+0.00
--------------------------ACC,-0.72,-0.30,+9.53
LIA,+0.00,-0.01,-0.24
Roll,+0.00,+0.00,+0.00
--------------------------ACC,+326.98,-0.30,+9.52
LIA,+0.00,-1.29,-0.24
Roll,+0.00,+0.00,+0.00
--------------------------ACC,-0.69,-0.28,+9.53
LIA,+1.30,+0.00,-0.23
Roll,+0.00,+0.00,+0.00
--------------------------ACC,-0.70,-0.31,+9.56
LIA,+1.28,-0.01,-0.20
Roll,+2040.00,+0.00,-2040.00
--------------------------ACC,-0.65,-0.31,+9.55
LIA,+1.34,-0.01,-0.22
Roll,+2040.00,+0.00,+8.00
--------------------------ACC,+326.97,-0.31,+9.53
LIA,+1.30,+0.00,-0.23
Roll,+0.00,+0.00,+0.00
--------------------------ACC,-0.70,-0.30,+9.53
LIA,+0.01,-0.01,-0.24
Roll,+2040.00,+0.00,-2048.00
--------------------------ACC,+326.96,-0.28,+9.51
LIA,+1.30,-0.01,-0.22
Roll,+0.00,+0.00,+8.00
--------------------------ACC,-0.72,-0.29,+9.58
LIA,+1.28,+0.00,-0.18
Roll,+0.00,+0.00,+8.00
--------------------------ACC,+326.97,-0.31,+9.55
LIA,+0.02,+0.00,-0.21
Roll,+0.00,+0.00,+0.00
--------------------------ACC,-0.72,-0.32,+9.52
LIA,+0.00,-0.03,-0.24
Roll,+2040.00,+0.00,+0.00
--------------------------ACC,+326.98,-0.29,+9.56
LIA,+1.28,-0.01,-0.25
Roll,+0.00,+0.00,+8.00
--------------------------ACC,-0.68,-0.29,+9.53
LIA,+0.03,+0.00,-0.23
Roll,+0.00,+0.00,-2048.00
--------------------------ACC,-0.71,-0.31,+9.54
LIA,+1.30,-0.01,-0.25
Roll,+2048.00,+0.00,+0.00
--------------------------ACC,-0.69,-0.29,+9.55
LIA,+0.01,+0.00,-0.22
Roll,-8.00,+0.00,-2048.00
--------------------------ACC,-0.72,-0.28,+9.56
LIA,+1.28,+0.00,-0.21
Roll,+0.00,+0.00,+0.00
--------------------------ACC,-0.67,-0.28,+9.56
LIA,+1.32,+0.00,-0.20
Roll,+2048.00,+0.00,-2048.00
--------------------------ACC,-0.66,-0.30,+9.54
LIA,-0.01,-0.01,-0.21
Roll,+0.00,+0.00,+0.00
--------------------------ACC,-0.72,-0.32,+9.56
LIA,+1.28,-0.03,-0.21
Roll,+0.00,+0.00,+0.00
--------------------------ACC,+327.00,-0.31,+9.57
LIA,+1.30,-0.01,-0.19
Roll,+0.00,+0.00,+0.00
--------------------------ACC,-0.68,-0.32,+9.52
LIA,+1.31,-0.02,-0.25
Roll,+0.00,+0.00,+0.00
--------------------------ACC,-0.73,-0.33,+9.55
LIA,-0.02,-0.03,-0.21
Roll,+2048.00,+0.00,+0.00
--------------------------ACC,-0.72,-0.28,+9.61
LIA,-0.01,+0.00,-0.15
Roll,+0.00,+0.00,+0.00
--------------------------ACC,-0.71,-0.30,+9.57
LIA,+1.28,-0.01,-0.19
Roll,+0.00,+0.00,+0.00
--------------------------ACC,-0.71,-0.28,+9.55
LIA,+1.28,+0.00,-0.22
Roll,+2048.00,+0.00,+0.00
--------------------------ACC,-0.69,-0.27,+9.56
LIA,+0.01,+0.01,-0.21
Roll,+0.00,+0.00,+0.00
--------------------------ACC,-0.72,-0.32,+9.53
LIA,+0.00,-0.02,-0.23
Roll,+0.00,+0.00,+0.00
--------------------------ACC,-0.68,-0.28,+9.55
LIA,+0.02,+0.00,-1.49
Roll,-8.00,+0.00,-2048.00
--------------------------ACC,-0.71,-0.30,+9.54
LIA,-0.01,-0.01,-0.22
Roll,+0.00,+0.00,+8.00
--------------------------ACC,-0.71,-0.30,+9.54
LIA,+0.00,-0.01,-0.23
Roll,-8.00,+0.00,+0.00
--------------------------ACC,-0.69,-0.29,+9.52
LIA,+1.28,+0.00,-0.23
Roll,+0.00,+0.00,+8.00
--------------------------ACC,-0.70,-0.30,+9.52
LIA,+1.29,-0.01,-0.24
Roll,+0.00,+0.00,+8.00
--------------------------ACC,+326.97,-0.29,+9.53
LIA,-0.02,-0.02,-0.20
Roll,+0.00,+0.00,+0.00
--------------------------ACC,-0.69,-0.28,+9.53
LIA,+1.29,+0.00,-0.23
Roll,+0.00,+0.00,+8.00
--------------------------ACC,-0.72,-0.29,+9.55
LIA,+0.04,+0.00,-0.25
Roll,+0.00,+0.00,+0.00
--------------------------ACC,-0.71,-0.30,+9.58
LIA,+1.28,-0.01,-0.19
Roll,+0.00,+0.00,+0.00
--------------------------ACC,-0.64,-0.32,+9.54
LIA,+0.07,-1.31,-0.23
Roll,+0.00,+0.00,+0.00
--------------------------ACC,-0.75,-0.31,+9.49
LIA,-0.03,-0.02,-0.28
Roll,+0.00,+0.00,+0.00
--------------------------ACC,+326.95,-0.32,+9.57
LIA,-0.01,-0.03,-0.19
Roll,+2048.00,+0.00,+0.00
--------------------------ACC,-0.69,-0.28,+9.56
LIA,+1.29,+0.00,-0.21
Roll,-8.00,+0.00,+0.00
--------------------------ACC,+326.96,-0.27,+9.55
LIA,+1.28,-0.01,-0.20
Roll,+0.00,+0.00,+0.00
--------------------------ACC,-0.71,-0.29,+9.54
LIA,+1.28,+0.00,-1.50
Roll,+0.00,+0.00,-2040.00
--------------------------ACC,+327.00,-0.32,+9.55
LIA,+1.28,-0.02,-0.20
Roll,+0.00,+0.00,+0.00
--------------------------ACC,-0.71,-0.31,+9.55
LIA,+0.00,-0.02,-0.22
Roll,+2040.00,+0.00,+8.00
--------------------------ACC,-0.69,-0.31,+9.55
LIA,+1.29,-0.01,-0.23
Roll,+0.00,+0.00,+0.00
--------------------------ACC,-0.70,-0.31,+9.55
LIA,+1.28,-0.02,-0.21
Roll,+0.00,+0.00,+0.00
--------------------------ACC,-0.70,-0.31,+9.54
LIA,+0.00,-1.29,-0.22
Roll,+0.00,+0.00,+0.00
--------------------------ACC,-0.70,-0.30,+9.50
LIA,+0.01,-0.01,-0.27
Roll,+0.00,+0.00,+0.00
--------------------------ACC,-0.71,-0.28,+9.56
LIA,+1.28,+0.00,-1.49
Roll,+0.00,+0.00,+8.00
--------------------------ACC,-0.73,-0.30,+9.56
LIA,-0.01,-0.01,-0.20
Roll,+0.00,+0.00,+0.00
--------------------------ACC,-0.70,-0.29,+9.56
LIA,+0.00,+0.00,-1.48
Roll,+0.00,+0.00,+8.00
--------------------------ACC,-0.70,-0.29,+9.56
LIA,+0.00,+0.00,-0.21
Roll,+0.00,+0.00,+0.00
--------------------------ACC,-0.71,-0.30,+9.56
LIA,+1.28,-0.01,-0.21
Roll,+0.00,+0.00,+0.00
--------------------------ACC,-0.69,-0.28,+9.56
LIA,+1.29,+0.00,-0.20
Roll,+0.00,+0.00,+0.00
--------------------------ACC,-0.70,-0.32,+9.51
LIA,+0.00,-0.03,-0.26
Roll,+0.00,+0.00,+0.00
--------------------------ACC,-0.70,-0.29,+9.56
LIA,+1.29,+0.00,-0.21
Roll,-8.00,+0.00,+0.00
--------------------------ACC,-0.69,-0.30,+9.57
LIA,+1.29,-0.01,-0.19
Roll,+0.00,+0.00,+0.00
--------------------------ACC,-0.71,-0.29,+9.56
LIA,+0.00,+0.00,-1.49
Roll,+2040.00,+0.00,-2048.00
--------------------------ACC,-0.67,-0.31,+9.55
LIA,+1.31,-0.01,-0.22
Roll,+0.00,+0.00,+8.00
--------------------------ACC,-0.73,-0.29,+9.54
LIA,-0.01,+0.00,-0.23
Roll,+2040.00,+0.00,-2040.00
--------------------------ACC,-0.68,-0.28,+9.53
LIA,+1.30,+0.00,-0.23
Roll,+0.00,+0.00,+0.00
--------------------------ACC,-0.70,-0.28,+9.51
LIA,+1.29,+0.00,-1.53
Roll,+2040.00,+0.00,-2048.00
--------------------------ACC,-0.70,-0.30,+9.55
LIA,+1.29,-0.01,-0.21
Roll,+0.00,+0.00,+0.00
--------------------------ACC,-0.70,-0.28,+9.53
LIA,+0.00,+0.00,-0.24
Roll,+0.00,+0.00,+0.00
--------------------------ACC,-0.70,-0.29,+9.52
LIA,+0.01,+0.00,-0.23
Roll,+0.00,+0.00,+0.00
--------------------------ACC,-0.72,-0.30,+9.55
LIA,+1.28,-0.01,-0.22
Roll,+2040.00,+0.00,-2048.00
--------------------------ACC,-0.70,-0.31,+9.58
LIA,+1.28,+0.00,-0.19
Roll,+0.00,+0.00,+0.00
--------------------------ACC,-0.71,-0.30,+9.55
LIA,+1.28,-0.01,-0.22
Roll,+2040.00,+0.00,+0.00
--------------------------ACC,+326.95,-0.29,+9.53
LIA,+1.28,-0.01,-0.21
Roll,+0.00,+0.00,+8.00
--------------------------ACC,-0.71,-0.31,+9.58
LIA,+1.28,-0.01,-0.19
Roll,+0.00,+0.00,+0.00
--------------------------ACC,+326.95,-0.29,+9.55
LIA,-0.01,+1.28,-1.49
Roll,+0.00,+0.00,+8.00
--------------------------ACC,-0.69,-0.30,+9.54
LIA,+1.30,-0.01,-0.22
Roll,-8.00,+0.00,-2048.00
--------------------------ACC,-0.71,-0.32,+9.59
LIA,+0.00,-0.01,-0.21
Roll,+0.00,+0.00,+0.00
--------------------------ACC,-0.69,-0.31,+9.55
LIA,+0.01,-0.01,-0.21
Roll,+0.00,+0.00,+0.00
--------------------------ACC,-0.68,-0.33,+9.53
LIA,+1.31,-0.03,-0.24
Roll,+0.00,+0.00,+8.00
--------------------------ACC,-0.68,-0.28,+9.54
LIA,+1.30,+0.00,-0.22
Roll,+0.00,+0.00,+0.00
--------------------------ACC,-0.71,-0.30,+9.56
LIA,+0.00,-0.01,-0.21
Roll,+0.00,+0.00,+0.00
--------------------------ACC,-0.70,-0.29,+9.57
LIA,+1.29,+0.00,-0.20
Roll,+0.00,+0.00,+0.00
--------------------------ACC,-0.72,-0.30,+9.55
LIA,+0.00,-1.29,-0.21
Roll,-8.00,+0.00,+8.00
--------------------------ACC,-0.70,-0.30,+9.55
LIA,+1.28,-0.01,-0.21
Roll,+0.00,+0.00,+0.00
--------------------------ACC,-0.70,-0.29,+9.59
LIA,+1.29,+0.00,-0.18
Roll,+2040.00,+0.00,+8.00
--------------------------ACC,-0.71,-0.31,+9.52
LIA,+0.00,-0.01,-0.23
Roll,+0.00,+0.00,+0.00
--------------------------ACC,-0.71,-0.31,+9.53
LIA,+1.28,-0.02,-0.23
Roll,+2040.00,+0.00,+0.00
--------------------------ACC,+327.00,-0.31,+9.57
LIA,+0.02,-1.29,-0.19
Roll,+0.00,+0.00,+0.00
--------------------------ACC,-0.70,-0.32,+9.56
LIA,+1.28,-0.02,-0.21
Roll,-8.00,+0.00,+0.00
--------------------------ACC,-0.71,-0.29,+9.55
LIA,+1.28,-0.01,-0.23
Roll,+0.00,+0.00,+0.00
--------------------------ACC,-0.72,-0.32,+9.57
LIA,+1.28,-0.03,-0.19
Roll,+0.00,+0.00,+0.00
--------------------------ACC,-0.72,-0.29,+9.58
LIA,+0.00,+0.00,-1.47
Roll,+0.00,+0.00,+0.00
--------------------------ACC,-0.69,-0.29,+9.55
LIA,+1.30,+0.00,-0.21
Roll,+0.00,+0.00,+0.00
--------------------------ACC,-0.71,-0.29,+9.54
LIA,+0.00,+0.00,-1.51
Roll,+2048.00,+0.00,+8.00
--------------------------ACC,-0.70,-0.29,+9.56
LIA,+1.29,+0.00,-0.20
Roll,+0.00,+0.00,+8.00
--------------------------ACC,-0.70,-0.29,+9.54
LIA,+1.29,+0.00,-1.50
Roll,+2040.00,+0.00,-2048.00
--------------------------ACC,-0.70,-0.30,+9.55
LIA,+0.00,-0.01,-0.22
Roll,+0.00,+0.00,+0.00
--------------------------ACC,-0.71,-0.32,+9.57
LIA,+0.00,-0.03,-0.20
Roll,+0.00,+0.00,+0.00
--------------------------ACC,+326.98,-0.28,+9.54
LIA,+0.00,+0.00,-0.22
Roll,+0.00,+0.00,+0.00
--------------------------ACC,-0.67,-0.29,+9.52
LIA,+1.32,+0.00,-0.24
Roll,+0.00,+0.00,+8.00
--------------------------ACC,+326.97,-0.29,+9.55
LIA,+1.28,+0.00,-0.21
Roll,+0.00,+0.00,+0.00
--------------------------ACC,-0.72,-0.31,+9.54
LIA,+1.28,-0.02,-0.23
Roll,+0.00,+0.00,+0.00
--------------------------ACC,-0.71,-0.32,+9.55
LIA,+1.28,-1.30,-0.22
Roll,+0.00,+0.00,+0.00
--------------------------ACC,-0.68,-0.30,+9.52
LIA,+0.02,-0.01,-0.24
Roll,+0.00,+0.00,+8.00
--------------------------ACC,-0.70,-0.30,+9.55
LIA,+1.29,-0.01,-0.22
Roll,+2048.00,+0.00,+8.00
--------------------------ACC,-0.71,-0.30,+9.54
LIA,+0.00,-0.01,-0.22
Roll,+0.00,+0.00,+0.00
--------------------------ACC,-0.71,-0.30,+9.52
LIA,+0.00,-1.29,-0.25
Roll,+2040.00,+0.00,-2040.00
--------------------------ACC,-0.69,-0.30,+9.53
LIA,+1.29,-0.01,-0.24
Roll,+0.00,+0.00,+8.00
--------------------------ACC,+326.96,-0.30,+9.53
LIA,+1.28,-1.29,-0.24
Roll,+0.00,+0.00,+0.00
--------------------------ACC,-0.70,-0.30,+9.51
LIA,+1.28,-0.01,-0.26
Roll,+0.00,+0.00,+0.00
--------------------------ACC,-0.70,-0.29,+9.55
LIA,+1.29,+0.00,-1.50
Roll,-8.00,+0.00,+0.00
--------------------------ACC,-0.69,-0.30,+9.55
LIA,+1.30,-0.01,-0.21
Roll,+0.00,+0.00,+0.00
--------------------------ACC,-0.69,-0.30,+9.55
LIA,+1.29,-0.01,-0.21
Roll,+2048.00,+0.00,+0.00
--------------------------ACC,-0.70,-0.29,+9.51
LIA,+1.28,+0.01,-0.20
Roll,+0.00,+0.00,+0.00
--------------------------ACC,-0.69,-0.31,+9.54
LIA,+1.30,-0.02,-0.22
Roll,+0.00,+0.00,+0.00
--------------------------ACC,+326.99,-0.27,+9.54
LIA,+1.29,+0.01,-0.22
Roll,+0.00,+0.00,+0.00
--------------------------ACC,-0.71,-0.30,+9.53
LIA,+1.28,-0.01,-0.24
Roll,+2048.00,+0.00,-2040.00
--------------------------ACC,-0.71,-0.31,+9.54
LIA,+1.28,-0.01,-0.21
Roll,+0.00,+0.00,+0.00
--------------------------ACC,-0.71,-0.31,+9.55
LIA,+0.00,-0.02,-0.22
Roll,+2040.00,+0.00,+0.00
--------------------------ACC,-0.69,-0.29,+9.51
LIA,+0.01,-0.01,-0.22
Roll,+0.00,+0.00,+8.00
--------------------------ACC,-0.70,-0.30,+9.55
LIA,+0.00,-0.01,-0.21
Roll,+0.00,+0.00,+8.00
--------------------------ACC,+326.99,-0.29,+9.57
LIA,+1.30,+0.00,-0.21
Roll,+0.00,+0.00,+0.00
--------------------------ACC,-0.69,-0.29,+9.54
LIA,+0.01,+0.00,-0.22
Roll,-8.00,+0.00,+0.00
--------------------------ACC,+327.00,-0.30,+9.53
LIA,+0.02,-0.01,-0.24
Roll,+0.00,+0.00,+0.00
--------------------------ACC,-0.70,-0.30,+9.53
LIA,+1.28,-0.01,-0.23
Roll,+0.00,+0.00,+0.00
--------------------------ACC,+327.00,-0.28,+9.57
LIA,+1.31,+0.00,-0.20
Roll,+0.00,+0.00,+0.00
--------------------------ACC,-0.73,-0.30,+9.52
LIA,-0.01,-0.01,-0.25
Roll,+0.00,+0.00,+0.00
--------------------------ACC,-0.67,-0.29,+9.57
LIA,+1.32,+0.00,-0.19
Roll,+2048.00,+0.00,+0.00
--------------------------ACC,-0.68,-0.31,+9.57
LIA,+1.28,+0.00,-0.20
Roll,+0.00,+0.00,+0.00
--------------------------ACC,-0.70,-0.31,+9.56
LIA,+1.28,-0.01,-0.21
Roll,+0.00,+0.00,+8.00
--------------------------ACC,+327.00,-0.29,+9.53
LIA,+0.02,+0.00,-0.22
Roll,+0.00,+0.00,+8.00
--------------------------ACC,+326.99,-0.31,+9.53
LIA,+1.29,-0.02,-0.24
Roll,+0.00,+0.00,+0.00
--------------------------ACC,+326.97,-0.32,+9.55
LIA,+0.00,-0.03,-0.22
Roll,+0.00,+0.00,+0.00
--------------------------ACC,-0.69,-0.29,+9.54
LIA,+1.30,+0.00,-0.23
Roll,+0.00,+0.00,+0.00
--------------------------ACC,-0.69,-0.29,+9.54
LIA,+0.01,+0.00,-0.22
Roll,-8.00,+0.00,-2048.00
--------------------------ACC,-0.70,-0.32,+9.55
LIA,+1.28,-0.02,-0.21
Roll,+0.00,+0.00,+0.00
--------------------------ACC,-0.69,-0.28,+9.52
LIA,+1.30,+0.00,-1.52
Roll,+2040.00,+0.00,+0.00
--------------------------ACC,-0.71,-0.30,+9.56
LIA,+1.28,-0.01,-0.20
Roll,+0.00,+0.00,+0.00
--------------------------ACC,-0.70,-0.30,+9.56
LIA,+1.29,-0.01,-0.20
Roll,+0.00,+0.00,+0.00
--------------------------ACC,-0.70,-0.31,+9.54
LIA,+0.02,-0.02,-0.25
Roll,+0.00,+0.00,+0.00
--------------------------ACC,-0.70,-0.28,+9.52
LIA,+1.28,+0.00,-0.25
Roll,+0.00,+0.00,+0.00
--------------------------ACC,-0.71,-0.31,+9.56
LIA,+0.00,-0.02,-0.21
Roll,+0.00,+0.00,+0.00
--------------------------ACC,-0.71,-0.30,+9.57
LIA,+1.28,-0.01,-0.19
Roll,+0.00,+0.00,+0.00
--------------------------ACC,-0.72,-0.30,+9.51
LIA,+1.28,-1.29,-0.26
Roll,+2040.00,+0.00,+8.00
--------------------------ACC,-0.70,-0.30,+9.57
LIA,+1.29,-0.01,-0.20
Roll,+0.00,+0.00,+0.00
--------------------------ACC,-0.69,-0.30,+9.54
LIA,+0.02,-0.01,-0.22
Roll,+0.00,+0.00,+0.00
--------------------------ACC,+326.98,-0.29,+9.56
LIA,+1.29,-0.01,-0.21
Roll,+0.00,+0.00,+0.00
--------------------------ACC,-0.71,-0.29,+9.53
LIA,+0.00,+0.00,-0.23
Roll,+2040.00,+0.00,+0.00
--------------------------ACC,+326.97,-0.29,+9.54
LIA,+1.28,+0.01,-0.20
Roll,+0.00,+0.00,+0.00
--------------------------ACC,-0.70,-0.29,+9.54
LIA,+1.29,+0.00,-0.22
Roll,-8.00,+0.00,-2048.00
--------------------------ACC,-0.70,-0.30,+9.54
LIA,+1.28,-0.01,-0.22
Roll,+0.00,+0.00,+0.00
--------------------------ACC,-0.71,-0.32,+9.54
LIA,+1.28,-1.31,-0.23
Roll,+2048.00,+0.00,+0.00
--------------------------ACC,-0.68,-0.30,+9.55
LIA,+1.30,-0.01,-0.21
Roll,+0.00,+0.00,+0.00
--------------------------ACC,-0.69,-0.30,+9.56
LIA,+0.02,-0.01,-0.21
Roll,+2048.00,+0.00,+0.00
--------------------------ACC,-0.70,-0.31,+9.53
LIA,+0.01,-0.01,-0.24
Roll,+0.00,+0.00,+0.00
--------------------------ACC,-0.75,-0.31,+9.61
LIA,-0.03,-0.02,-0.15
Roll,+0.00,+0.00,+0.00
--------------------------ACC,-0.74,-0.28,+9.47
LIA,-0.02,+0.00,-0.29
Roll,+0.00,+0.00,+0.00
--------------------------ACC,-0.67,-0.29,+9.53
LIA,+1.32,+0.00,-0.23
Roll,+0.00,+0.00,+0.00
--------------------------ACC,-0.68,-0.29,+9.52
LIA,+0.03,+0.00,-1.52
Roll,+2048.00,+0.00,-2048.00
--------------------------ACC,-0.73,-0.30,+9.54
LIA,-0.01,-0.01,-0.23
Roll,+0.00,+0.00,+0.00
--------------------------ACC,-0.72,-0.30,+9.57
LIA,+0.00,-1.29,-0.19
Roll,-8.00,+0.00,+0.00
--------------------------ACC,-0.69,-0.29,+9.54
LIA,+1.29,+0.00,-0.21
Roll,+0.00,+0.00,+8.00
--------------------------ACC,-0.72,-0.31,+9.56
LIA,+1.28,-0.01,-0.20
Roll,+0.00,+0.00,+0.00
--------------------------ACC,-0.70,-0.31,+9.56
LIA,+0.01,-0.02,-0.20
Roll,+0.00,+0.00,+0.00
--------------------------ACC,-0.71,-0.32,+9.53
LIA,+1.28,-0.03,-0.24
Roll,+2048.00,+0.00,-2040.00
--------------------------ACC,+326.96,-0.31,+9.55
LIA,+1.28,+0.00,-0.23
Roll,+0.00,+0.00,+0.00
--------------------------ACC,-0.72,-0.31,+9.55
LIA,+1.28,-0.01,-0.22
Roll,+0.00,+0.00,+0.00
--------------------------ACC,+326.98,-0.30,+9.54
LIA,+0.00,-0.01,-0.22
Roll,+0.00,+0.00,+0.00
--------------------------ACC,-0.69,-0.31,+9.57
LIA,+0.02,-0.01,-0.19
Roll,-8.00,+0.00,+0.00
--------------------------ACC,+326.97,-0.29,+9.56
LIA,+1.29,-0.01,-0.20
Roll,+0.00,+0.00,+0.00
--------------------------ACC,-0.73,-0.30,+9.54
LIA,-0.01,-0.01,-0.22
Roll,-8.00,+0.00,+8.00
--------------------------ACC,+326.96,-0.31,+9.55
LIA,+1.28,-0.01,-0.21
Roll,+0.00,+0.00,+0.00
--------------------------ACC,-0.70,-0.31,+9.55
LIA,+1.29,-0.02,-0.21
Roll,+0.00,+0.00,+0.00
--------------------------ACC,+326.95,-0.32,+9.55
LIA,-0.01,-0.03,-0.21
Roll,+0.00,+0.00,+8.00
--------------------------ACC,-0.69,-0.29,+9.51
LIA,+0.02,+0.00,-0.26
Roll,+2040.00,+0.00,+0.00
--------------------------ACC,-0.72,-0.30,+9.57
LIA,+0.00,-0.01,-0.20
Roll,+0.00,+0.00,+0.00
--------------------------ACC,-0.71,-0.30,+9.57
LIA,+1.28,-0.01,-0.19
Roll,+2048.00,+0.00,+0.00
--------------------------ACC,-0.69,-0.29,+9.53
LIA,+0.02,+0.00,-0.23
Roll,+0.00,+0.00,+0.00
--------------------------ACC,-0.70,-0.28,+9.54
LIA,+1.29,+0.00,-0.22
Roll,+0.00,+0.00,+0.00
--------------------------ACC,-0.70,-0.29,+9.51
LIA,+1.29,+0.00,-0.26
Roll,+0.00,+0.00,+0.00
--------------------------ACC,-0.70,-0.30,+9.53
LIA,+0.01,-0.01,-0.24
Roll,+0.00,+0.00,+0.00
--------------------------ACC,-0.69,-0.31,+9.52
LIA,+0.02,-0.02,-0.25
Roll,-8.00,+0.00,+0.00
--------------------------ACC,+326.96,-0.31,+9.56
LIA,+0.00,-0.01,-0.21
Roll,+0.00,+0.00,+0.00
--------------------------ACC,-0.70,-0.28,+9.57
LIA,+1.29,+0.00,-0.20
Roll,+0.00,+0.00,-2048.00
--------------------------ACC,+326.99,-0.30,+9.56
LIA,+0.02,-0.01,-0.20
Roll,+0.00,+0.00,+0.00
--------------------------ACC,-0.70,-0.31,+9.54
LIA,+1.29,-0.01,-0.23
Roll,-8.00,+0.00,-2048.00
--------------------------ACC,-0.69,-0.30,+9.54
LIA,+1.28,+0.00,-0.23
Roll,+0.00,+0.00,+0.00
--------------------------ACC,-0.70,-0.31,+9.56
LIA,+1.29,-0.01,-0.21
Roll,+2048.00,+0.00,-2048.00
--------------------------ACC,+327.01,-0.31,+9.53
LIA,+0.00,-0.01,-0.20
Roll,+0.00,+0.00,+0.00
--------------------------ACC,-0.72,-0.29,+9.52
LIA,+1.28,+0.00,-0.24
Roll,+0.00,+0.00,+0.00
--------------------------ACC,-0.69,-0.30,+9.54
LIA,+0.02,-0.01,-0.23
Roll,+0.00,+0.00,+0.00
--------------------------ACC,-0.73,-0.29,+9.54
LIA,-0.01,+0.00,-0.23
Roll,+0.00,+0.00,+0.00
--------------------------ACC,-0.73,-0.31,+9.55
LIA,-0.01,-0.02,-0.22
Roll,-8.00,+0.00,+8.00
--------------------------ACC,-0.70,-0.29,+9.54
LIA,+1.29,+0.00,-0.22
Roll,+0.00,+0.00,+0.00
--------------------------ACC,-0.72,-0.27,+9.54
LIA,+1.28,+0.01,-0.23
Roll,-8.00,+0.00,-2048.00
--------------------------ACC,+326.97,-0.30,+9.50
LIA,+0.01,+0.00,-0.19
Roll,+0.00,+0.00,+0.00
--------------------------ACC,-0.69,-0.32,+9.64
LIA,+1.30,-0.02,-0.13
Roll,+0.00,+0.00,+0.00
--------------------------ACC,-0.68,-0.28,+9.52
LIA,+0.02,+0.00,-1.53
Roll,+0.00,+0.00,+0.00
--------------------------ACC,-0.70,-0.29,+9.52
LIA,+1.29,+0.00,-0.25
Roll,+0.00,+0.00,+0.00
--------------------------ACC,-0.69,-0.31,+9.56
LIA,+0.02,-0.02,-0.20
Roll,+0.00,+0.00,+0.00
--------------------------ACC,+326.97,-0.30,+9.52
LIA,+1.28,-0.01,-0.25
Roll,+0.00,+0.00,+8.00
--------------------------ACC,-0.72,-0.29,+9.52
LIA,+1.28,+0.00,-1.53
Roll,+0.00,+0.00,+0.00
--------------------------ACC,-0.68,-0.30,+9.63
LIA,+1.31,-0.01,-0.14
Roll,+0.00,+0.00,+0.00
--------------------------ACC,-0.67,-0.31,+9.49
LIA,+0.03,-0.01,-0.28
Roll,+0.00,+0.00,+8.00
--------------------------ACC,+326.99,-0.30,-318.08
LIA,+1.29,-0.01,-0.22
Roll,+0.00,+0.00,+8.00
--------------------------ACC,-0.74,-0.32,+9.57
LIA,-0.02,-0.03,-0.20
Roll,+0.00,+0.00,+0.00
--------------------------ACC,+327.02,-0.29,+9.54
LIA,+1.29,-0.01,-0.19
Roll,+0.00,+0.00,+0.00
--------------------------ACC,-0.67,-0.31,+9.55
LIA,+1.32,-0.02,-0.22
Roll,+2048.00,+0.00,-2048.00
--------------------------ACC,-0.70,-0.31,+9.54
LIA,+1.29,-0.02,-0.23
Roll,+0.00,+0.00,+0.00
--------------------------ACC,-0.71,-0.30,+9.52
LIA,+1.28,-0.01,-0.24
Roll,+2040.00,+0.00,-2048.00
--------------------------ACC,-0.70,-0.30,+9.58
LIA,+1.29,-0.01,-0.19
Roll,+2040.00,+0.00,+0.00
--------------------------ACC,+326.96,-0.30,+9.54
LIA,+0.00,+0.00,-0.22
Roll,+0.00,+0.00,+8.00
--------------------------ACC,-0.71,-0.30,+9.55
LIA,+0.00,-0.01,-0.22
Roll,+0.00,+0.00,+0.00
--------------------------ACC,-0.71,-0.29,+9.57
LIA,+1.28,+0.00,-0.20
Roll,+0.00,+0.00,+0.00
--------------------------ACC,-0.72,-0.30,+9.54
LIA,+1.28,-0.01,-0.21
Roll,+0.00,+0.00,+0.00
--------------------------ACC,-0.69,-0.30,+9.52
LIA,+0.02,-0.01,-0.24
Roll,-8.00,+0.00,+8.00
--------------------------ACC,+326.99,-0.31,+9.54
LIA,+0.00,-0.01,-0.23
Roll,+0.00,+0.00,+0.00
--------------------------ACC,-0.69,-0.29,+9.58
LIA,+0.02,+0.00,-0.19
Roll,-8.00,+0.00,+0.00
--------------------------ACC,+326.99,-0.30,+9.55
LIA,+1.30,-0.01,-0.21
Roll,+0.00,+0.00,+0.00
--------------------------ACC,-0.68,-0.30,+9.54
LIA,+1.30,-0.01,-0.23
Roll,+0.00,+0.00,+8.00
--------------------------ACC,-0.69,-0.30,+9.56
LIA,+0.02,-0.01,-0.21
Roll,+0.00,+0.00,+0.00
--------------------------ACC,-0.70,-0.29,+9.53
LIA,+0.01,+0.00,-0.24
Roll,+0.00,+0.00,+0.00
--------------------------ACC,-0.71,-0.30,+9.51
LIA,+0.00,-0.01,-0.25
Roll,+2048.00,+0.00,-2040.00
--------------------------ACC,-0.69,-0.31,+9.54
LIA,+1.30,+0.00,-0.23
Roll,+0.00,+0.00,+0.00
--------------------------ACC,-0.70,-0.29,+9.55
LIA,+1.29,+0.00,-0.21
Roll,-8.00,+0.00,-2048.00
--------------------------ACC,+326.98,-0.31,+9.55
LIA,+1.29,-0.01,-0.26
Roll,+0.00,+0.00,+0.00
--------------------------ACC,-0.71,-0.30,+9.53
LIA,+1.28,-0.01,-0.24
Roll,+2040.00,+0.00,-2040.00
--------------------------ACC,+326.98,-0.29,+9.54
LIA,+1.29,-1.30,-0.21
Roll,+0.00,+0.00,+0.00
--------------------------ACC,-0.70,-0.32,+9.53
LIA,+1.29,-0.02,-0.24
Roll,-8.00,+0.00,+0.00
--------------------------ACC,-0.70,-0.29,+9.52
LIA,+1.29,+0.00,-0.24
Roll,+0.00,+0.00,+0.00
--------------------------ACC,-0.67,-0.30,+9.51
LIA,+1.32,-0.01,-0.25
Roll,+0.00,+0.00,+0.00
--------------------------ACC,-0.70,-0.28,+9.54
LIA,+0.01,+0.00,-0.23
Roll,+0.00,+0.00,+8.00
--------------------------ACC,-0.67,-0.30,+9.50
LIA,+0.04,-0.01,-0.27
Roll,+0.00,+0.00,+8.00
--------------------------ACC,+326.97,-0.27,+9.56
LIA,+1.28,+0.01,-0.20
Roll,+0.00,+0.00,+0.00
--------------------------ACC,-0.70,-0.30,+9.57
LIA,+1.29,-0.01,-0.20
Roll,+0.00,+0.00,+0.00
--------------------------ACC,-0.71,-0.28,+9.58
LIA,+1.28,+0.00,-1.46
Roll,+0.00,+0.00,+8.00
--------------------------ACC,-0.70,-0.32,+9.57
LIA,+0.01,-0.03,-0.19
Roll,+0.00,+0.00,+0.00
--------------------------ACC,-0.69,-0.30,+9.55
LIA,+0.02,-0.01,-0.22
Roll,+0.00,+0.00,+8.00
--------------------------ACC,-0.70,-0.33,+9.47
LIA,+0.00,-0.01,-0.18
Roll,+0.00,+0.00,+8.00
--------------------------ACC,-0.70,-0.30,+9.57
LIA,+1.29,-0.01,-0.19
Roll,+0.00,+0.00,+0.00
--------------------------ACC,+327.00,-0.30,+9.53
LIA,+1.30,-0.01,-0.23
Roll,+0.00,+0.00,+0.00
--------------------------ACC,-0.69,-0.30,+9.55
LIA,+1.30,-0.01,-0.22
Roll,+2048.00,+0.00,+8.00
--------------------------ACC,+326.97,-0.32,+9.55
LIA,+0.02,-0.01,-0.24
Roll,+0.00,+0.00,+8.00
--------------------------ACC,-0.69,-0.30,+9.53
LIA,+1.30,-1.29,-0.23
Roll,+2040.00,+0.00,+0.00
--------------------------ACC,-0.71,-0.30,+9.48
LIA,+1.28,-0.01,-0.29
Roll,+0.00,+0.00,+0.00
--------------------------ACC,-0.70,-0.29,+9.55
LIA,+1.29,+0.00,-1.50
Roll,+2048.00,+0.00,+0.00
--------------------------ACC,-0.70,-0.31,+9.55
LIA,+1.29,-0.01,-0.21
Roll,+0.00,+0.00,+0.00
--------------------------ACC,-0.69,-0.31,+9.56
LIA,+1.30,-0.01,-0.20
Roll,+0.00,+0.00,+0.00
--------------------------ACC,+326.96,-0.31,+9.50
LIA,+0.02,+0.00,-0.15
Roll,+0.00,+0.00,+8.00
--------------------------ACC,-0.70,-0.29,+9.53
LIA,+1.29,+0.00,-0.23
Roll,+2040.00,+0.00,+0.00
--------------------------ACC,-0.70,-0.28,+9.54
LIA,+1.29,-0.01,-0.22
Roll,+0.00,+0.00,+0.00
--------------------------ACC,-0.69,-0.32,+9.54
LIA,+1.30,-0.02,-0.22
Roll,+2048.00,+0.00,+0.00
--------------------------ACC,-0.71,-0.27,+9.53
LIA,+1.28,+0.01,-0.24
Roll,+0.00,+0.00,+8.00
--------------------------ACC,-0.71,-0.29,+9.57
LIA,+1.28,+0.00,-0.19
Roll,+0.00,+0.00,+0.00
--------------------------ACC,-0.68,-0.31,+9.49
LIA,+0.03,-0.02,-0.28
Roll,+2040.00,+0.00,+0.00
--------------------------ACC,-0.70,-0.28,+9.56
LIA,+1.29,+0.00,-0.20
Roll,+0.00,+0.00,+0.00
--------------------------ACC,-0.71,-0.30,+9.54
LIA,+1.28,-0.01,-0.23
Roll,+2040.00,+0.00,-2040.00
--------------------------ACC,-0.71,-0.30,+9.53
LIA,+0.01,-0.01,-0.17
Roll,+0.00,+0.00,+0.00
--------------------------ACC,-0.70,-0.30,+9.53
LIA,+1.29,-0.01,-0.24
Roll,-8.00,+0.00,-2040.00
--------------------------ACC,+326.98,-0.30,+9.55
LIA,+1.31,+0.00,-0.24
Roll,+0.00,+0.00,+0.00
--------------------------ACC,-0.75,-0.30,+9.58
LIA,-0.03,-0.01,-0.19
Roll,-8.00,+0.00,+0.00
--------------------------ACC,+326.98,-0.31,+9.56
LIA,+1.29,+0.00,-0.20
Roll,-8.00,+0.00,+0.00
--------------------------ACC,-0.71,-0.29,+9.56
LIA,+1.28,+0.00,-0.21
Roll,+2048.00,+0.00,+0.00
--------------------------ACC,+327.00,-0.30,+9.54
LIA,+0.01,-0.01,-0.21
Roll,+0.00,+0.00,+0.00
--------------------------ACC,-0.69,-0.28,+9.52
LIA,+0.02,+0.00,-0.24
Roll,+0.00,+0.00,+0.00
--------------------------ACC,+326.95,-0.28,+9.59
LIA,-0.01,+1.28,-0.18
Roll,+0.00,+0.00,+0.00
--------------------------ACC,-0.71,-0.30,+9.54
LIA,+1.28,-0.01,-0.22
Roll,+0.00,+0.00,+0.00
--------------------------ACC,-0.70,-0.30,+9.54
LIA,+1.29,-1.29,-0.22
Roll,+0.00,+0.00,+0.00
