SWV ITM Data Console - ITM Port: 0
--------------------------ACC,-0.15,-0.03,+9.59
LIA,+0.00,+0.00,-1.48
Roll,-0.88,-0.12,+0.00
--------------------------ACC,-0.15,+0.00,+9.54
LIA,+1.28,+0.01,-0.26
Roll,-0.88,-0.12,+0.00
--------------------------ACC,-0.14,+1.28,+8.30
LIA,+1.28,+0.02,-0.22
Roll,-0.88,-0.12,+0.00
--------------------------ACC,-0.12,-0.03,+9.57
LIA,+1.30,+0.00,-0.22
Roll,-0.88,-0.12,+0.00
--------------------------ACC,-0.13,-0.03,+9.56
LIA,+1.28,+0.00,-0.22
Roll,-8.88,-0.12,+0.00
--------------------------ACC,-0.15,-0.01,+9.56
LIA,+1.28,+0.01,-1.52
Roll,-0.88,-0.12,+0.00
--------------------------ACC,-0.13,-0.01,+9.59
LIA,+0.00,+0.01,-0.26
Roll,-0.88,-0.12,+0.00
--------------------------ACC,-0.16,+0.00,+9.54
LIA,+0.00,+0.01,-1.53
Roll,-0.88,-0.12,+8.00
--------------------------ACC,-0.16,-0.03,+9.59
LIA,+1.29,+0.01,-0.25
Roll,-0.88,-0.12,+0.00
--------------------------ACC,-0.13,-0.03,+9.56
LIA,+1.30,+0.00,-1.52
Roll,-0.88,-0.12,+0.00
--------------------------ACC,-0.17,-0.01,+9.59
LIA,-0.01,+0.01,-0.21
Roll,-0.88,-0.12,+0.00
--------------------------ACC,-0.37,-0.20,+9.73
LIA,-0.21,-0.17,-0.06
Roll,-8.88,-0.12,+8.00
--------------------------ACC,-0.30,-0.02,+9.53
LIA,-0.14,+0.00,-0.26
Roll,-0.88,-0.12,+8.00
--------------------------ACC,-0.25,-0.06,+9.52
LIA,-0.10,-0.03,-0.27
Roll,-8.88,-0.12,+8.00
--------------------------ACC,-0.19,-0.02,+9.56
LIA,-0.03,+0.00,-0.24
Roll,-0.88,-0.12,+0.00
--------------------------ACC,-0.19,-0.02,+9.56
LIA,+1.29,+0.00,-0.24
Roll,-0.88,-0.12,+0.00
--------------------------ACC,-0.15,-0.01,+9.56
LIA,+0.00,+0.01,-0.24
Roll,-0.88,-0.12,+0.00
--------------------------ACC,-0.16,-0.04,+9.58
LIA,+0.00,-0.01,-0.21
Roll,-0.88,-0.12,+0.00
--------------------------ACC,-0.14,+0.00,+9.55
LIA,+1.28,+0.02,-0.24
Roll,-0.88,-0.12,+0.00
--------------------------ACC,-0.15,-0.02,+9.56
LIA,+0.00,+0.00,-0.23
Roll,-8.88,-0.12,+0.00
--------------------------ACC,-0.15,-0.03,+9.58
LIA,+1.28,+0.00,-0.21
Roll,-0.88,-0.12,+0.00
--------------------------ACC,-0.15,-0.02,+9.56
LIA,+0.00,+0.00,-0.24
Roll,-8.88,-0.12,+0.00
--------------------------ACC,-0.16,-0.03,+9.57
LIA,-0.01,+0.00,-0.23
Roll,-0.88,-0.12,+0.00
--------------------------ACC,-0.16,-0.01,+9.57
LIA,+0.00,+0.01,-0.22
Roll,-0.88,-0.12,+0.00
--------------------------ACC,-0.15,-0.02,+9.58
LIA,+1.28,+0.00,-0.22
Roll,-0.88,-0.12,+0.00
--------------------------ACC,-0.13,-0.03,+9.57
LIA,+0.02,+0.00,-1.51
Roll,-0.88,-0.12,+0.00
--------------------------ACC,-0.16,-0.03,+9.56
LIA,-0.01,+0.00,-0.23
Roll,-0.88,-0.12,+0.00
--------------------------ACC,-0.14,+1.28,+9.54
LIA,+1.29,+0.01,-0.26
Roll,-8.88,-0.12,+0.00
--------------------------ACC,-0.14,+0.00,+9.57
LIA,+0.01,+0.01,-0.23
Roll,-0.88,-0.12,+0.00
--------------------------ACC,-0.11,-0.01,+9.57
LIA,+1.31,+0.01,-0.23
Roll,-0.88,-0.12,+0.00
--------------------------ACC,-0.12,-0.02,+9.58
LIA,+0.03,+0.00,-0.22
Roll,-0.88,-0.12,+0.00
--------------------------ACC,-0.12,-0.01,+9.57
LIA,+0.00,+0.01,-0.23
Roll,-8.88,-0.12,+0.00
--------------------------ACC,-0.14,+0.00,+9.57
LIA,+1.28,+0.02,-1.51
Roll,-0.88,-0.12,+0.00
--------------------------ACC,-0.14,-0.01,+9.55
LIA,+0.02,+0.01,-0.24
Roll,-0.88,-0.12,+0.00
--------------------------ACC,-0.14,-0.03,+9.56
LIA,+0.01,+0.00,-0.23
Roll,-0.88,-0.12,+0.00
--------------------------ACC,-0.15,-0.03,+9.57
LIA,-0.01,-0.01,-0.21
Roll,-8.88,-0.12,+0.00
--------------------------ACC,-0.15,-0.01,+9.54
LIA,+1.28,+0.01,-1.53
Roll,-0.88,-0.12,+0.00
--------------------------ACC,-0.13,-0.02,+9.56
LIA,+1.29,+0.00,-0.23
Roll,-0.88,-0.12,+0.00
--------------------------ACC,-0.16,+1.28,+9.58
LIA,+0.00,+0.01,-0.21
Roll,-0.88,-0.12,+8.00
--------------------------ACC,-0.15,-0.02,+9.56
LIA,+0.00,+0.00,-0.24
Roll,-0.88,-0.12,+0.00
--------------------------ACC,-0.14,-0.01,+9.58
LIA,+0.00,+0.01,-1.50
Roll,-0.88,-0.12,+8.00
--------------------------ACC,-0.14,-0.01,+9.58
LIA,+1.29,+0.01,-0.21
Roll,-0.88,-0.12,+8.00
--------------------------ACC,-0.14,-0.03,+9.58
LIA,+1.28,+0.00,-0.21
Roll,-8.88,-0.12,+0.00
--------------------------ACC,-0.14,+0.00,+9.59
LIA,+0.01,+0.02,-0.20
Roll,-0.88,-0.12,+0.00
--------------------------ACC,-0.14,+0.00,+8.28
LIA,+1.29,+0.01,-0.23
Roll,-8.88,-0.12,+0.00
--------------------------ACC,-0.14,-0.01,+9.58
LIA,+0.01,+0.01,-0.22
Roll,-0.88,-0.12,+8.00
--------------------------ACC,-0.16,-0.03,+9.55
LIA,+1.28,+0.00,-0.23
Roll,-8.88,-0.12,+0.00
--------------------------ACC,-0.15,-0.03,+9.56
LIA,+1.28,+0.00,-1.51
Roll,-0.88,-0.12,+8.00
--------------------------ACC,-0.16,+0.00,+9.56
LIA,+0.00,+0.00,-0.23
Roll,-8.88,-0.12,+8.00
--------------------------ACC,-0.13,-0.04,+9.57
LIA,+1.30,-0.01,-0.23
Roll,-0.88,-0.12,+0.00
--------------------------ACC,-0.14,-0.03,+9.57
LIA,+0.00,+0.00,-0.23
Roll,-0.88,-0.12,+8.00
--------------------------ACC,-0.15,-0.02,+9.56
LIA,+1.28,+0.00,-1.52
Roll,-0.88,-0.12,+8.00
--------------------------ACC,-0.16,-0.03,+9.56
LIA,+1.28,+0.01,-0.21
Roll,-0.88,-0.12,+0.00
--------------------------ACC,-0.15,-0.02,+9.57
LIA,+1.28,+0.00,-1.50
Roll,-0.88,-0.12,+8.00
--------------------------ACC,-0.14,-0.02,+9.57
LIA,+1.28,-0.01,-0.25
Roll,-0.88,-0.12,+8.00
--------------------------ACC,-0.16,-0.02,+9.56
LIA,+0.00,+0.00,-0.23
Roll,-0.88,-0.12,+8.00
--------------------------ACC,-0.15,-0.02,+9.59
LIA,+1.28,+0.00,-1.49
Roll,-0.88,-0.12,+8.00
--------------------------ACC,-0.15,-0.03,+9.57
LIA,+0.00,+0.00,-0.22
Roll,-8.88,-0.12,+8.00
--------------------------ACC,-0.13,-0.02,+9.56
LIA,+1.29,+0.00,-0.23
Roll,-0.88,-0.12,+8.00
--------------------------ACC,-0.14,-0.01,+9.57
LIA,+0.00,-0.01,-0.22
Roll,-8.88,-0.12,+0.00
--------------------------ACC,-0.15,-0.02,+9.55
LIA,+1.28,+0.00,-1.52
Roll,-0.88,-0.12,+8.00
--------------------------ACC,-0.16,-0.03,+9.56
LIA,+1.28,+0.01,-0.24
Roll,-8.88,-0.12,+8.00
--------------------------ACC,-0.13,-0.01,+9.58
LIA,+1.29,+0.01,-0.22
Roll,-0.88,-0.12,+0.00
--------------------------ACC,-0.17,-0.02,+9.56
LIA,-0.01,+0.00,-0.24
Roll,-0.88,-0.12,+8.00
--------------------------ACC,-0.14,-0.01,+9.59
LIA,+1.28,+0.01,-0.21
Roll,-0.88,-0.12,+0.00
--------------------------ACC,-0.14,-0.02,+9.58
LIA,+1.29,+0.00,-1.50
Roll,-0.88,-0.12,+8.00
--------------------------ACC,-0.12,-0.01,+9.59
LIA,+0.00,+0.01,-0.23
Roll,-8.88,-0.12,+0.00
--------------------------ACC,-0.14,-0.03,+9.56
LIA,+0.01,+0.00,-1.52
Roll,-0.88,-0.12,+0.00
--------------------------ACC,-0.14,+1.28,+9.55
LIA,+1.30,+0.00,-0.21
Roll,-0.88,-0.12,+8.00
--------------------------ACC,-0.14,-0.03,+9.56
LIA,+1.29,+0.00,-1.51
Roll,-0.88,-0.12,+8.00
--------------------------ACC,-0.14,-0.03,+9.57
LIA,+1.28,+0.00,-0.23
Roll,-0.88,-0.12,+0.00
--------------------------ACC,-0.15,-0.02,+9.59
LIA,+1.28,+0.00,-0.21
Roll,-8.88,-0.12,+0.00
--------------------------ACC,-0.13,-0.02,+9.56
LIA,+0.02,+0.00,-0.23
Roll,-0.88,-0.12,+8.00
--------------------------ACC,-0.16,-0.02,+9.58
LIA,-0.01,+0.00,-1.50
Roll,-0.88,-0.12,+8.00
--------------------------ACC,-0.15,-0.01,+9.57
LIA,+1.28,+0.01,-0.23
Roll,-0.88,-0.12,+0.00
--------------------------ACC,-0.14,+0.00,+8.27
LIA,+0.00,+0.03,-0.24
Roll,-0.88,-0.12,+8.00
--------------------------ACC,-0.13,-0.03,+9.58
LIA,+0.01,+0.00,-0.21
Roll,-0.88,-0.12,+0.00
--------------------------ACC,-0.16,-0.02,+9.54
LIA,+0.00,+0.00,-0.26
Roll,-0.88,-0.12,+0.00
--------------------------ACC,-0.14,-0.04,+9.56
LIA,+1.29,-0.01,-0.24
Roll,-0.88,-0.12,+0.00
--------------------------ACC,-0.14,-0.01,+9.55
LIA,+0.00,+0.01,-0.23
Roll,-0.88,-0.12,+0.00
--------------------------ACC,-0.13,-0.01,+9.57
LIA,+1.30,+0.01,-1.51
Roll,-0.88,-0.12,+0.00
--------------------------ACC,-0.15,+1.28,+9.57
LIA,+0.02,+0.00,-0.22
Roll,-8.88,-0.12,+0.00
--------------------------ACC,-0.14,-0.02,+9.58
LIA,+0.00,+0.00,-0.21
Roll,-0.88,-0.12,+0.00
--------------------------ACC,-0.15,+1.28,+8.29
LIA,+1.28,+0.00,-0.22
Roll,-8.88,-0.12,+8.00
--------------------------ACC,-0.15,-0.03,+9.57
LIA,+1.28,+0.00,-0.23
Roll,-0.88,-0.12,+0.00
--------------------------ACC,-0.14,-0.04,+9.58
LIA,+1.30,+0.00,-0.23
Roll,-8.88,-0.12,+0.00
--------------------------ACC,-0.17,-0.03,+9.58
LIA,-0.01,+0.00,-0.22
Roll,-8.88,-0.12,+0.00
--------------------------ACC,-0.13,-0.01,+9.55
LIA,+0.00,-0.01,-0.21
Roll,-8.88,-0.12,+8.00
--------------------------ACC,-0.18,-0.03,+9.56
LIA,-0.02,+1.28,-0.24
Roll,-8.88,-0.12,+0.00
--------------------------ACC,-0.15,+0.00,+9.58
LIA,+0.00,+0.02,-0.22
Roll,-0.88,-0.12,+0.00
--------------------------ACC,-0.15,-0.02,+9.55
LIA,+0.00,+0.00,-0.24
Roll,-8.88,-0.12,+0.00
--------------------------ACC,-0.14,-0.02,+9.56
LIA,+0.00,+0.00,-0.24
Roll,-0.88,-0.12,+0.00
--------------------------ACC,-0.15,-0.03,+9.57
LIA,+1.28,+0.00,-1.51
Roll,-0.88,-0.12,+0.00
--------------------------ACC,-0.13,-0.04,+9.57
LIA,+1.29,-0.01,-0.22
Roll,-0.88,-0.12,+0.00
--------------------------ACC,-0.15,-0.03,+9.58
LIA,+0.00,+0.00,-0.22
Roll,-8.88,-0.12,+0.00
--------------------------ACC,-0.14,+0.00,+9.58
LIA,+1.29,+0.01,-0.22
Roll,-0.88,-0.12,+0.00
--------------------------ACC,-0.14,+1.28,+9.57
LIA,+0.01,+0.01,-1.50
Roll,-0.88,-0.12,+0.00
--------------------------ACC,-0.15,-0.02,+9.56
LIA,+1.28,+0.00,-0.23
Roll,-8.88,-0.12,+0.00
--------------------------ACC,-0.16,-0.02,+9.56
LIA,+0.00,+0.00,-1.52
Roll,-0.88,-0.12,+8.00
--------------------------ACC,-0.13,-0.04,+9.58
LIA,+1.29,+0.00,-0.21
Roll,-8.88,-0.12,+0.00
--------------------------ACC,-0.13,-0.02,+9.56
LIA,+0.01,+0.00,-1.51
Roll,-0.88,-0.12,+0.00
--------------------------ACC,-0.13,-0.03,+9.57
LIA,+1.29,+0.00,-0.23
Roll,-0.88,-0.12,+8.00
--------------------------ACC,-0.13,-0.01,+9.56
LIA,+1.29,+0.01,-1.52
Roll,-8.88,-0.12,+0.00
--------------------------ACC,-0.12,-0.05,+9.59
LIA,+1.30,-0.02,-0.21
Roll,-0.88,-0.12,+0.00
--------------------------ACC,-0.14,-0.01,+9.55
LIA,+1.29,+0.01,-0.24
Roll,-8.88,-0.12,+0.00
--------------------------ACC,-0.13,-0.01,+9.57
LIA,+1.29,+0.01,-1.51
Roll,-0.88,-0.12,+0.00
--------------------------ACC,-0.14,+0.00,+9.59
LIA,+1.28,+0.02,-0.21
Roll,-0.88,-0.12,+8.00
--------------------------ACC,-0.14,+0.00,+9.58
LIA,+0.01,+0.02,-0.22
Roll,-0.88,-0.12,+0.00
--------------------------ACC,-0.14,-0.02,+9.57
LIA,+1.28,+0.00,-0.22
Roll,-0.88,-0.12,+0.00
--------------------------ACC,-0.15,-0.03,+9.59
LIA,+0.00,+0.00,-1.49
Roll,-8.88,-0.12,+8.00
--------------------------ACC,-0.13,-0.02,+9.56
LIA,+1.30,+0.00,-0.23
Roll,-0.88,-0.12,+8.00
--------------------------ACC,-0.15,-0.02,+9.57
LIA,+0.00,+0.00,-0.23
Roll,-8.88,-0.12,+0.00
--------------------------ACC,-0.15,-0.01,+9.58
LIA,+1.28,+0.01,-0.22
Roll,-0.88,-0.12,+8.00
--------------------------ACC,-0.15,-0.01,+9.59
LIA,+1.28,+0.01,-0.20
Roll,-8.88,-0.12,+8.00
--------------------------ACC,-0.15,-0.03,+9.57
LIA,+1.28,+0.00,-0.22
Roll,-0.88,-0.12,+0.00
--------------------------ACC,-0.14,-0.01,+9.57
LIA,+1.29,+0.01,-0.22
Roll,-0.88,-0.12,+0.00
--------------------------ACC,-0.15,-0.03,+9.58
LIA,+0.00,+0.00,-0.21
Roll,-8.88,-0.12,+8.00
--------------------------ACC,-0.12,+0.00,+9.59
LIA,+1.30,+0.01,-0.21
Roll,-0.88,-0.12,+0.00
--------------------------ACC,-0.14,-0.02,+9.58
LIA,+0.00,+0.00,-0.22
Roll,-8.88,-0.12,+0.00
--------------------------ACC,-0.13,-0.02,+9.58
LIA,+0.02,+0.00,-0.22
Roll,-0.88,-0.12,+0.00
--------------------------ACC,-0.18,-0.03,+9.58
LIA,-0.02,+0.00,-1.49
Roll,-0.88,-0.12,+0.00
--------------------------ACC,-0.14,-0.01,+9.57
LIA,+0.01,+0.01,-0.23
Roll,-0.88,-0.12,+8.00
--------------------------ACC,-0.14,-0.02,+9.56
LIA,+1.28,+0.00,-1.51
Roll,-0.88,-0.12,+0.00
--------------------------ACC,-0.13,-0.01,+9.58
LIA,+1.29,+0.01,-0.22
Roll,-0.88,-0.12,+0.00
--------------------------ACC,-0.13,-0.01,+9.58
LIA,+0.01,+0.01,-0.22
Roll,-8.88,-0.12,+8.00
--------------------------ACC,-0.14,-0.02,+9.54
LIA,+0.00,+0.00,-0.25
Roll,-0.88,-0.12,+0.00
--------------------------ACC,-0.13,+1.28,+8.28
LIA,+1.29,+0.01,-0.20
Roll,-8.88,-0.12,+0.00
--------------------------ACC,-0.15,+0.00,+9.59
LIA,+1.28,+0.03,-1.49
Roll,-0.88,-0.12,+0.00
--------------------------ACC,-0.14,-0.02,+9.59
LIA,+1.29,+0.00,-0.23
Roll,-0.88,-0.12,+8.00
--------------------------ACC,-0.14,-0.02,+9.56
LIA,+0.01,+0.00,-1.52
Roll,-0.88,-0.12,+0.00
--------------------------ACC,-0.13,-0.01,+9.57
LIA,+0.01,+0.01,-0.22
Roll,-0.88,-0.12,+8.00
--------------------------ACC,-0.16,-0.02,+9.55
LIA,+0.00,+0.00,-1.52
Roll,-8.88,-0.12,+0.00
--------------------------ACC,-0.14,+0.00,+9.57
LIA,+1.28,+0.01,-0.22
Roll,-0.88,-0.12,+8.00
--------------------------ACC,-0.14,-0.02,+9.55
LIA,+1.28,+0.00,-1.53
Roll,-8.88,-0.12,+0.00
--------------------------ACC,-0.14,+0.00,+9.57
LIA,+1.28,+0.02,-0.23
Roll,-0.88,-0.12,+0.00
--------------------------ACC,-0.17,-0.03,+9.56
LIA,-0.02,+0.00,-1.52
Roll,-8.88,-0.12,+8.00
--------------------------ACC,-0.15,-0.01,+9.57
LIA,+1.28,+0.01,-0.22
Roll,-0.88,-0.12,+8.00
--------------------------ACC,-0.14,-0.01,+9.56
LIA,+0.00,+0.01,-0.24
Roll,-8.88,-0.12,+0.00
--------------------------ACC,-0.12,+0.00,+9.57
LIA,+0.02,+0.02,-0.23
Roll,-0.88,-0.12,+8.00
--------------------------ACC,-0.15,-0.01,+9.58
LIA,+1.28,+0.01,-1.50
Roll,-0.88,-0.12,+0.00
--------------------------ACC,-0.15,-0.02,+9.55
LIA,+1.28,+0.00,-1.52
Roll,-0.88,-0.12,+0.00
--------------------------ACC,-0.14,-0.01,+9.57
LIA,+0.02,+0.00,-0.22
Roll,-0.88,-0.12,+0.00
--------------------------ACC,-0.16,-0.02,+9.58
LIA,-0.01,+0.00,-1.50
Roll,-0.88,-0.12,+0.00
--------------------------ACC,-0.17,+1.28,+8.29
LIA,-0.01,+0.03,-0.23
Roll,-8.88,-0.12,+8.00
--------------------------ACC,-0.15,-0.03,+9.57
LIA,+0.00,+0.00,-0.23
Roll,-0.88,-0.12,+8.00
--------------------------ACC,-0.14,-0.02,+9.57
LIA,+1.29,+0.00,-0.21
Roll,-8.88,-0.12,+0.00
--------------------------ACC,-0.16,-0.02,+9.58
LIA,+1.28,+0.00,-1.50
Roll,-0.88,-0.12,+0.00
--------------------------ACC,-0.15,-0.01,+9.56
LIA,+1.28,+0.01,-0.23
Roll,-0.88,-0.12,+8.00
--------------------------ACC,-0.15,-0.01,+9.57
LIA,+0.00,+0.01,-0.22
Roll,-0.88,-0.12,+8.00
--------------------------ACC,-0.14,+0.00,+9.58
LIA,+0.00,+0.01,-0.22
Roll,-0.88,-0.12,+0.00
--------------------------ACC,-0.15,-0.01,+9.54
LIA,+1.28,+0.01,-0.25
Roll,-0.88,-0.12,+8.00
--------------------------ACC,-0.15,-0.01,+9.59
LIA,+1.28,+0.01,-0.21
Roll,-0.88,-0.12,+8.00
--------------------------ACC,-0.15,-0.03,+9.56
LIA,+0.00,+0.00,-0.23
Roll,-8.88,-0.12,+0.00
--------------------------ACC,-0.16,-0.02,+9.56
LIA,-0.01,+0.00,-0.23
Roll,-0.88,-0.12,+8.00
--------------------------ACC,-0.16,-0.01,+9.60
LIA,+1.28,+0.01,-0.19
Roll,-0.88,-0.12,+8.00
--------------------------ACC,-0.15,-0.04,+9.57
LIA,+1.28,-0.01,-0.22
Roll,-0.88,-0.12,+8.00
--------------------------ACC,-0.16,-0.03,+9.60
LIA,+1.28,+0.00,-0.20
Roll,-8.88,-0.12,+8.00
--------------------------ACC,-0.15,-0.03,+9.57
LIA,+0.00,+0.00,-0.22
Roll,-0.88,-0.12,+8.00
--------------------------ACC,-0.13,-0.05,+9.58
LIA,+1.29,-0.02,-0.22
Roll,-0.88,-0.12,+0.00
--------------------------ACC,-0.14,-0.01,+9.58
LIA,+1.28,+0.01,-0.21
Roll,-8.88,-0.12,+8.00
--------------------------ACC,-0.15,-0.04,+9.54
LIA,+1.28,-0.01,-0.25
Roll,-0.88,-0.12,+8.00
--------------------------ACC,-0.18,-0.02,+9.57
LIA,-0.02,+0.00,-0.22
Roll,-0.88,-0.12,+0.00
--------------------------ACC,-0.17,+0.00,+9.59
LIA,-0.01,+0.03,-0.21
Roll,-0.88,-0.12,+8.00
--------------------------ACC,-0.14,+0.00,+8.31
LIA,+1.28,+0.00,-0.23
Roll,-0.88,-0.12,+0.00
--------------------------ACC,-0.13,-0.05,+9.57
LIA,+1.29,-0.02,-0.23
Roll,-0.88,-0.12,+8.00
--------------------------ACC,-0.16,+1.28,+8.27
LIA,+1.28,+0.01,-0.25
Roll,-8.88,-0.12,+8.00
--------------------------ACC,-0.16,+0.00,+9.56
LIA,-0.01,+1.29,-0.23
Roll,-0.88,-0.12,+0.00
--------------------------ACC,-0.14,+1.28,+9.57
LIA,+1.28,+0.00,-0.21
Roll,-0.88,-0.12,+0.00
--------------------------ACC,-0.12,+0.00,+9.57
LIA,+1.30,+0.01,-1.50
Roll,-0.88,-0.12,+8.00
--------------------------ACC,-0.17,-0.02,+9.56
LIA,+1.28,+0.00,-0.23
Roll,-8.88,-0.12,+0.00
--------------------------ACC,-0.12,-0.04,+9.57
LIA,+0.03,-1.29,-0.22
Roll,-0.88,-0.12,+8.00
--------------------------ACC,-0.15,-0.01,+9.55
LIA,+1.28,+0.01,-0.24
Roll,-0.88,-0.12,+0.00
--------------------------ACC,-0.16,+1.28,+8.32
LIA,+0.00,+0.01,-1.48
Roll,-0.88,-0.12,+0.00
--------------------------ACC,-0.16,-0.02,+9.55
LIA,+1.28,+0.00,-0.24
Roll,-8.88,-0.12,+8.00
--------------------------ACC,-0.18,-0.04,+9.50
LIA,-0.02,-0.01,-0.29
Roll,-0.88,-0.12,+0.00
--------------------------ACC,-0.16,-0.02,+9.59
LIA,-0.01,+0.00,-0.20
Roll,-0.88,-0.12,+0.00
--------------------------ACC,-0.18,+0.00,+8.27
LIA,-0.02,+0.01,-1.53
Roll,-0.88,-0.12,+0.00
--------------------------ACC,-0.16,-0.02,+9.57
LIA,+0.00,+0.00,-0.22
Roll,-0.88,-0.12,+0.00
--------------------------ACC,-0.16,-0.05,+9.51
LIA,+0.00,-0.02,-0.28
Roll,-0.88,-0.12,+8.00
--------------------------ACC,-0.15,-0.03,+9.56
LIA,+1.31,-0.03,-0.20
Roll,-8.88,-0.12,+0.00
--------------------------ACC,-0.15,-0.04,+9.57
LIA,+0.00,-1.29,-0.22
Roll,-0.88,-0.12,+0.00
--------------------------ACC,-0.15,-0.03,+9.59
LIA,+0.00,+0.00,-0.20
Roll,-8.88,-0.12,+0.00
--------------------------ACC,-0.16,-0.01,+9.57
LIA,+1.28,+0.01,-1.51
Roll,-0.88,-0.12,+0.00
--------------------------ACC,-0.16,-0.02,+9.59
LIA,+0.00,+0.01,-0.24
Roll,-0.88,-0.12,+8.00
--------------------------ACC,-0.15,-0.02,+9.57
LIA,+1.28,+0.00,-1.50
Roll,-0.88,-0.12,+8.00
--------------------------ACC,-0.16,-0.01,+9.56
LIA,+1.28,+0.01,-0.23
Roll,-0.88,-0.12,+8.00
--------------------------ACC,-0.12,-0.02,+9.58
LIA,+1.31,+0.00,-0.21
Roll,-8.88,-0.12,+8.00
--------------------------ACC,-0.16,-0.02,+9.58
LIA,+0.00,+0.00,-1.49
Roll,-0.88,-0.12,+0.00
--------------------------ACC,-0.14,-0.03,+9.57
LIA,+0.00,+0.00,-0.24
Roll,-8.88,-0.12,+8.00
--------------------------ACC,-0.14,-0.02,+9.60
LIA,+1.29,+0.00,-0.20
Roll,-0.88,-0.12,+8.00
--------------------------ACC,-0.12,-0.05,+9.58
LIA,+1.30,-0.02,-0.22
Roll,-0.88,-0.12,+8.00
--------------------------ACC,-0.18,-0.01,+9.54
LIA,-0.02,+0.01,-1.54
Roll,-0.88,-0.12,+8.00
--------------------------ACC,-0.14,-0.04,+9.54
LIA,+1.28,-0.01,-0.26
Roll,-0.88,-0.12,+8.00
--------------------------ACC,-0.16,-0.03,+9.55
LIA,-0.01,+1.28,-0.24
Roll,-8.88,-0.12,+0.00
--------------------------ACC,-0.05,+0.00,+10.05
LIA,+1.37,+0.02,+0.24
Roll,-0.88,-0.12,+8.00
--------------------------ACC,-0.14,+1.31,+8.19
LIA,+1.28,+0.06,-0.33
Roll,-0.88,-0.12,+0.00
--------------------------ACC,-0.08,-0.05,+9.58
LIA,+1.35,-0.02,-0.21
Roll,-0.88,-0.12,+0.00
--------------------------ACC,-0.16,+1.28,+9.57
LIA,-0.01,+0.01,-0.23
Roll,-0.88,-0.12,+0.00
--------------------------ACC,-0.11,-0.05,-317.68
LIA,+1.31,-1.30,+0.20
Roll,-8.88,-0.12,+0.00
--------------------------ACC,-0.23,+0.05,+9.44
LIA,-0.08,+0.08,-0.35
Roll,-0.88,-0.12,+0.00
--------------------------ACC,-0.25,+0.05,+9.56
LIA,-0.10,+0.08,-1.51
Roll,-8.88,-0.12,+0.00
--------------------------ACC,-0.20,+0.00,+9.77
LIA,-0.04,+0.02,-0.03
Roll,-0.88,-0.12,+8.00
--------------------------ACC,+0.10,-1.50,-317.66
LIA,+0.26,-1.47,-1.06
Roll,-8.88,-0.12,+360.00
--------------------------ACC,-0.28,+0.06,+9.69
LIA,-0.12,+0.09,-0.10
Roll,-0.88,-0.12,+0.00
--------------------------ACC,-0.19,-0.06,+9.65
LIA,+1.29,+0.04,-0.28
Roll,-8.88,-0.12,+0.00
--------------------------ACC,-0.15,+0.00,+9.55
LIA,+0.00,+0.03,-1.52
Roll,-0.88,-0.12,+8.00
--------------------------ACC,-0.16,-0.02,+9.55
LIA,+1.28,+0.00,-0.24
Roll,-8.88,-0.12,+0.00
--------------------------ACC,-0.14,-0.01,+9.55
LIA,+1.28,+0.01,-0.25
Roll,-0.88,-0.12,+8.00
--------------------------ACC,-0.17,-0.01,+9.58
LIA,+1.29,+0.02,-0.25
Roll,-0.88,-0.12,+0.00
--------------------------ACC,-0.12,-0.01,+9.58
LIA,+1.31,+0.01,-0.21
Roll,-0.88,-0.12,+0.00
--------------------------ACC,-0.14,-0.03,+9.61
LIA,+0.01,+0.00,-0.19
Roll,-0.88,-0.12,+0.00
--------------------------ACC,-0.14,+0.00,+9.57
LIA,+0.00,+0.02,-1.50
Roll,-0.88,-0.12,+0.00
--------------------------ACC,-0.14,+0.00,+9.57
LIA,+1.29,+0.02,-0.23
Roll,-8.88,-0.12,+8.00
--------------------------ACC,-0.13,+0.00,+9.59
LIA,+1.29,+0.02,-1.48
Roll,-0.88,-0.12,+0.00
--------------------------ACC,-0.16,-0.02,+9.59
LIA,+0.00,+0.02,-0.20
Roll,-0.88,-0.12,+0.00
--------------------------ACC,-0.15,-0.04,+9.57
LIA,+0.00,-1.29,-0.23
Roll,-0.88,-0.12,+0.00
--------------------------ACC,-0.15,-0.02,+9.58
LIA,+1.28,+0.01,-0.27
Roll,-8.88,-0.12,+0.00
--------------------------ACC,-0.15,-0.03,+9.67
LIA,+1.28,+0.00,-1.40
Roll,-0.88,-0.12,+0.00
--------------------------ACC,-0.16,-0.04,+9.55
LIA,-0.01,+0.01,-0.20
Roll,-8.88,-0.12,+0.00
--------------------------ACC,-0.16,-0.04,+9.55
LIA,+0.00,-1.29,-0.24
Roll,-0.88,-0.12,+0.00
--------------------------ACC,-0.15,-0.03,+9.58
LIA,+1.28,+0.01,-0.22
Roll,-0.88,-0.12,+8.00
--------------------------ACC,-0.16,-0.03,+9.57
LIA,+0.00,+0.00,-1.51
Roll,-0.88,-0.12,+0.00
--------------------------ACC,-0.15,-0.03,+9.56
LIA,+1.28,+0.01,-0.19
Roll,-8.88,-0.12,+8.00
--------------------------ACC,-0.13,-0.01,+9.55
LIA,+0.01,+0.01,-1.53
Roll,-0.88,-0.12,+8.00
--------------------------ACC,-0.14,-0.03,+9.54
LIA,-0.01,+0.01,-0.19
Roll,-8.88,-0.12,+8.00
--------------------------ACC,-0.14,-0.01,+9.57
LIA,+1.29,+0.01,-1.50
Roll,-0.88,-0.12,+0.00
--------------------------ACC,-0.15,-0.02,+9.53
LIA,+1.28,+0.00,-0.26
Roll,-0.88,-0.12,+0.00
--------------------------ACC,-0.13,-0.02,+9.55
LIA,+1.29,+0.00,-0.25
Roll,-0.88,-0.12,+0.00
--------------------------ACC,-0.13,-0.03,+9.51
LIA,+1.30,+0.00,-0.28
Roll,-0.88,-0.12,+0.00
--------------------------ACC,-0.13,+0.00,+9.54
LIA,+0.01,+0.03,-0.25
Roll,-0.88,-0.12,+0.00
--------------------------ACC,-0.14,-0.01,+9.53
LIA,+1.28,+0.00,-0.22
Roll,-8.88,-0.12,+8.00
--------------------------ACC,-0.12,-0.01,+9.58
LIA,+0.02,+0.01,-0.21
Roll,-0.88,-0.12,+0.00
--------------------------ACC,-0.12,-0.02,+9.56
LIA,+0.01,+0.01,-0.21
Roll,-8.88,-0.12,+0.00
--------------------------ACC,-0.14,-0.03,+9.55
LIA,+0.01,+0.00,-0.24
Roll,-0.88,-0.12,+0.00
--------------------------ACC,-0.11,-0.01,+9.58
LIA,+1.31,+0.00,-0.24
Roll,-8.88,-0.12,+0.00
--------------------------ACC,-0.14,-0.01,+9.60
LIA,+1.29,+0.01,-0.20
Roll,-0.88,-0.12,+0.00
--------------------------ACC,-0.13,+0.00,+8.27
LIA,+1.30,+0.02,-0.22
Roll,-8.88,-0.12,+8.00
--------------------------ACC,-0.14,+0.00,+9.58
LIA,+0.00,+0.02,-0.22
Roll,-0.88,-0.12,+0.00
--------------------------ACC,-0.10,-0.01,-318.07
LIA,+1.33,+0.01,-0.19
Roll,-8.88,-0.12,+0.00
--------------------------ACC,-0.14,-0.02,+9.58
LIA,+1.29,+0.00,-0.22
Roll,-0.88,-0.12,+8.00
--------------------------ACC,-0.12,-0.02,+9.61
LIA,+0.01,+0.01,-0.25
Roll,-8.88,-0.12,+0.00
