SWV ITM Data Console - ITM Port: 0
ACC,-0.34,+0.01,+8.28
LIA,+1.44,+0.12,-0.25
GYR,-0.44,+0.69,+1.00
MAG,+0.00,+0.00,+0.00
GRV,+9.79,-0.11,+0.00
Roll,-10.88,-0.62,+10.62
QUA,+1.00,-0.01,+0.03,-0.02
Temperature,25
ACC,-0.34,+1.34,+8.26
LIA,+1.37,+0.24,-0.18
GYR,-0.81,+1.62,+0.38
MAG,+0.00,+0.00,+0.00
GRV,+9.79,-0.12,+0.00
Roll,-3.00,-0.69,+2.44
QUA,+1.00,+1.99,+0.03,-0.02
Temperature,25
ACC,-0.33,+1.28,+8.30
LIA,+1.44,+0.11,-0.20
GYR,+0.31,+0.00,+0.69
MAG,+0.00,+0.00,+0.00
GRV,+9.79,-0.10,+0.00
Roll,-2.88,-0.62,+2.62
QUA,+1.00,+1.99,+0.03,+1.98
Temperature,25
ACC,-0.30,-0.02,+9.55
LIA,+1.43,+0.07,-0.24
GYR,+0.44,-3.38,+1.12
MAG,+0.00,+0.00,+0.00
GRV,+9.79,-0.10,+0.00
Roll,-2.62,-0.56,+2.44
QUA,+1.00,-0.01,-1.97,+1.98
Temperature,25
ACC,-0.20,-0.01,+9.58
LIA,+1.41,+0.07,-1.49
GYR,-0.50,-3.12,+0.31
MAG,+0.00,+0.00,+0.00
GRV,+9.80,-0.09,+0.00
Roll,-1.94,-0.56,+2.38
QUA,+1.00,-0.00,+0.02,-0.03
Temperature,25
ACC,-0.04,-0.05,+9.59
LIA,+1.46,+0.06,-0.20
GYR,+8.12,-6.62,-1.69
MAG,+0.00,+0.00,+0.00
GRV,+9.80,-0.11,+0.00
Roll,-1.25,-0.69,+2.50
QUA,+1.00,-0.01,+0.01,-0.02
Temperature,-103
ACC,+0.07,-0.04,+9.56
LIA,+0.08,+0.08,-0.23
GYR,-2.12,-10.44,+4.19
MAG,+0.00,+0.00,+0.00
GRV,-317.88,-0.13,+0.00
Roll,+0.00,-0.75,+2.31
QUA,+1.00,-0.01,-0.00,-0.02
Temperature,25
ACC,+1.39,-1.35,+9.57
LIA,+1.40,+0.05,-0.21
GYR,+4.88,+7.19,+3.44
MAG,+0.00,+0.00,+0.00
GRV,+9.80,-0.10,+0.00
Roll,+0.06,-8.62,+1.75
QUA,-1.00,-0.01,-0.00,-0.02
Temperature,-103
ACC,+1.29,+0.03,+8.30
LIA,+1.42,+0.02,-0.23
GYR,+1.88,+2.50,+0.06
MAG,+0.00,+0.00,+0.00
GRV,+9.80,+0.00,+0.00
Roll,-8.69,+0.00,+1.56
QUA,+1.00,-0.00,+0.01,-0.01
Temperature,25
ACC,-0.05,+0.07,+8.32
LIA,+0.11,+0.06,-1.47
GYR,+0.94,+3.81,-1.75
MAG,+0.00,+0.00,+0.00
GRV,+9.80,+0.01,+0.00
Roll,-1.06,+0.06,+1.75
QUA,+1.00,+0.00,+0.01,-0.02
Temperature,25
ACC,-0.50,+0.09,+9.39
LIA,+1.29,-0.06,-0.39
GYR,-8.62,+63.50,+0.25
MAG,+8.00,+0.00,+0.00
GRV,+9.79,+0.15,+0.00
Roll,-3.69,+0.75,+1.75
QUA,+1.00,+0.01,+0.03,-0.02
Temperature,25
ACC,+326.80,+0.23,+9.51
LIA,+1.46,+0.04,-0.21
GYR,+11.06,-11.50,+5.44
MAG,+0.00,+0.00,+0.00
GRV,-319.22,+0.16,+0.00
Roll,-14.38,+0.94,+10.06
QUA,+1.00,+0.01,+0.06,-0.02
Temperature,25
ACC,+326.86,+1.51,+9.60
LIA,+0.09,+0.08,-0.29
GYR,+9.50,-7.50,+2.88
MAG,+0.00,+0.00,+0.00
GRV,+8.47,+0.17,+0.00
Roll,+2034.44,+1.00,+1.88
QUA,+1.00,+0.01,+0.05,-0.02
Temperature,25
ACC,-0.67,+0.19,-318.07
LIA,+1.37,+0.02,-0.14
GYR,+9.00,-10.50,+6.31
MAG,+0.00,+0.00,+0.00
GRV,+9.77,+0.17,+0.00
Roll,+2043.62,+9.00,+1.06
QUA,-1.00,+0.00,-1.96,-0.01
Temperature,-103
ACC,-0.26,+0.49,+10.59
LIA,+1.45,+0.21,+0.43
GYR,-2.25,+12.31,+0.06
MAG,+0.00,+0.00,+0.00
GRV,-319.18,+1.34,+0.00
Roll,-4.00,+8.38,+8.31
QUA,-1.00,+0.00,+0.04,-0.00
Temperature,25
ACC,+327.01,+1.36,+8.99
LIA,+0.00,+0.00,-0.78
GYR,-9.50,-24.50,+11.25
MAG,+0.00,+0.00,+0.00
GRV,+9.78,+0.07,+0.00
Roll,-11.69,+0.44,+0.25
QUA,-1.00,+0.00,+0.03,-0.00
Temperature,-103
ACC,-0.22,-0.13,+9.55
LIA,+0.05,+0.02,-1.52
GYR,-14.69,+4.81,+7.44
MAG,+0.00,+0.00,+0.00
GRV,+9.80,-0.18,+0.00
Roll,-9.69,-1.06,+366.69
QUA,+1.00,-0.01,-1.98,+0.00
Temperature,25
ACC,-0.11,+0.08,+9.52
LIA,+1.59,+0.18,-1.54
GYR,+1.94,-11.56,+11.88
MAG,+0.00,+0.00,+0.00
GRV,+9.79,-0.09,+0.00
Roll,-2.38,-0.50,+358.06
QUA,+1.00,-0.01,-1.98,+0.02
Temperature,25
ACC,-0.20,+0.07,+9.72
LIA,+0.13,+0.10,-1.36
GYR,+1.25,-13.06,+13.06
MAG,+0.00,+0.00,+0.00
GRV,+9.80,-0.02,+0.00
Roll,-1.88,-0.12,+357.62
QUA,+1.00,-0.00,+0.02,-1.98
Temperature,25
ACC,-0.18,+0.09,+9.64
LIA,+0.00,+0.10,-1.44
GYR,-2.69,+2043.12,+0.00
MAG,+0.00,+0.00,+0.00
GRV,+9.80,-0.02,+0.00
Roll,-0.94,-0.06,+365.69
QUA,+1.00,-0.00,+0.01,+0.02
Temperature,25
ACC,+0.29,+0.03,+9.53
LIA,+1.52,+0.05,-0.26
GYR,+1.00,-9.12,+4.56
MAG,+0.00,+0.00,+0.00
GRV,+9.80,-1.29,+0.00
Roll,+0.31,-0.06,+357.38
QUA,+1.00,-0.00,-0.00,+0.02
Temperature,25
ACC,+0.48,+0.05,+9.60
LIA,+1.66,+0.04,-0.31
GYR,+7.12,-11.25,+4.88
MAG,+0.00,+0.00,+0.00
GRV,+8.52,+0.05,+0.00
Roll,+1.12,+0.31,-1682.88
QUA,+1.00,+0.00,-0.01,+0.03
Temperature,25
ACC,+0.54,+0.11,+9.53
LIA,+1.39,+0.05,-0.41
GYR,+2.38,-1.81,-4.38
MAG,+0.00,+0.00,+0.00
GRV,+9.79,+0.09,+0.00
Roll,+2.69,+0.50,-1683.00
QUA,+1.00,+0.01,-0.02,+0.03
Temperature,25
ACC,+0.94,+0.17,+9.47
LIA,+1.54,+0.14,+0.02
GYR,-3.50,-10.19,+0.56
MAG,+0.00,+0.00,+0.00
GRV,+9.78,+0.04,+0.00
Roll,+3.75,+0.19,+357.00
QUA,-1.00,+0.00,-0.03,+0.03
Temperature,-103
ACC,-325.59,+0.07,+9.62
LIA,+1.32,+0.05,-0.15
GYR,+3.06,-0.44,-1.50
MAG,+0.00,+0.00,+0.00
GRV,+9.77,+0.02,+0.00
Roll,-2043.56,+0.12,-1682.94
QUA,+1.00,+0.00,+1.96,+0.03
Temperature,25
ACC,+2.15,+0.14,+9.73
LIA,+1.31,+0.10,-0.15
GYR,-2.44,+0.94,-1.00
MAG,+0.00,+0.00,+0.00
GRV,-317.91,+0.01,+0.00
Roll,+4.75,+0.06,-1691.06
QUA,-1.00,+0.00,-0.04,+0.03
Temperature,25
ACC,+2.40,+0.09,+7.92
LIA,+0.21,+0.11,-0.56
GYR,-1.69,-4.94,+5.81
MAG,+0.00,+0.00,+0.00
GRV,-317.92,-0.02,+0.00
Roll,-2042.62,-8.12,+356.50
QUA,+1.00,+0.00,-0.05,+0.03
Temperature,-103
ACC,-326.53,+0.02,-318.07
LIA,+1.37,+0.08,-0.33
GYR,-1.88,-1.50,+0.06
MAG,+8.00,+0.00,+0.00
GRV,+9.74,-0.07,+0.00
Roll,+6.31,-8.38,+356.19
QUA,-1.00,-0.01,-0.05,+0.04
Temperature,25
ACC,-325.57,+0.01,+9.33
LIA,-0.04,+0.07,-0.33
GYR,+1.44,+4.31,-1.25
MAG,+0.00,+0.00,+0.00
GRV,+9.75,-0.06,+0.00
Roll,+6.06,-0.38,-1683.56
QUA,-1.00,-0.00,-0.05,+0.03
Temperature,25
ACC,-326.56,+0.04,+8.04
LIA,+1.51,+0.07,-0.28
GYR,-2.00,+4.06,-1.12
MAG,+0.00,+0.00,+0.00
GRV,+9.76,-0.03,+0.00
Roll,+5.31,-8.12,+356.69
QUA,+1.00,-0.01,+1.96,+0.03
Temperature,25
ACC,+2.34,-1.44,+9.78
LIA,+1.48,-0.11,+0.02
GYR,-5.88,-6.44,+3.19
MAG,+0.00,+0.00,+0.00
GRV,-317.92,-0.08,+0.00
Roll,-2042.75,-0.44,-1683.12
QUA,+1.00,-0.01,-0.04,+0.03
Temperature,25
ACC,-325.37,+0.00,+9.31
LIA,+0.11,+0.03,-0.49
GYR,-0.88,+3.44,-0.56
MAG,+0.00,+0.00,+0.00
GRV,-317.93,-0.11,+0.00
Roll,-2042.44,-0.69,-1683.31
QUA,-1.00,+2.00,-0.05,+0.03
Temperature,25
ACC,-325.61,-0.12,+9.25
LIA,-0.05,+0.01,-0.47
GYR,-1.12,-0.25,-0.38
MAG,+0.00,+0.00,+0.00
GRV,+9.76,-0.14,+0.00
Roll,-2042.75,-0.81,+364.88
QUA,-1.00,+1.99,+1.96,+0.03
Temperature,-103
ACC,+0.99,-1.38,+9.41
LIA,+1.44,+0.03,-0.48
GYR,+0.88,+3.56,-0.38
MAG,+0.00,+0.00,+0.00
GRV,+9.76,-0.14,+0.00
Roll,-2042.81,-0.81,+364.94
QUA,+1.00,-0.01,-0.05,+0.03
Temperature,25
ACC,+0.72,-0.04,+9.32
LIA,-0.12,+0.12,-0.41
GYR,+1.06,-0.19,+0.00
MAG,+0.00,+0.00,+0.00
GRV,-317.92,-0.13,+0.00
Roll,-2043.00,-8.75,-1691.06
QUA,+1.00,-0.01,-0.04,+0.03
Temperature,-103
ACC,-326.68,-0.09,+9.50
LIA,+0.12,+0.02,-0.26
GYR,+2.50,+2.50,-2.19
MAG,+0.00,+0.00,+0.00
GRV,+9.76,-0.11,+0.00
Roll,+5.12,-0.62,-1690.94
QUA,-1.00,+2.00,-0.04,+0.03
Temperature,25
ACC,+0.82,+0.02,+8.07
LIA,+1.28,+0.09,-0.42
GYR,+10.06,+2.94,-2.56
MAG,+0.00,+0.00,+0.00
GRV,+9.77,-0.07,+0.00
Roll,+4.75,-0.38,+357.25
QUA,+1.00,-0.01,-0.03,+0.02
Temperature,-103
ACC,+0.75,+0.06,+8.11
LIA,+1.30,+0.12,-0.37
GYR,+8.62,+2.62,-1.81
MAG,+0.00,+0.00,+0.00
GRV,+9.77,-0.05,+0.00
Roll,+4.19,-0.31,+357.62
QUA,+1.00,-0.00,-0.04,-1.98
Temperature,25
ACC,+0.78,+0.04,+8.11
LIA,+0.07,+0.10,-0.38
GYR,-2.25,+2.75,-2.62
MAG,+0.00,+0.00,+0.00
GRV,+9.78,-0.06,+0.00
Roll,-2043.94,-8.31,+365.94
QUA,+1.00,-0.00,-0.04,+0.02
Temperature,25
ACC,+1.91,-0.03,+9.52
LIA,+1.34,+0.01,-0.26
GYR,-0.12,+7.94,-4.81
MAG,+0.00,+0.00,+0.00
GRV,+9.79,-0.05,+0.00
Roll,+3.25,-0.31,+358.50
QUA,-1.00,-0.01,+1.97,-1.99
Temperature,25
ACC,+0.63,+0.01,+9.35
LIA,+0.15,+0.06,-1.71
GYR,-2.19,-0.44,-0.62
MAG,+0.00,+0.00,+0.00
GRV,+9.79,-0.04,+0.00
Roll,+2.81,-0.25,+367.00
QUA,+1.00,-0.01,-0.02,+0.01
Temperature,-103
ACC,+0.70,+0.00,+8.16
LIA,+1.53,+0.06,-1.62
GYR,-3.62,+0.31,-3.88
MAG,+0.00,+0.00,+0.00
GRV,+9.79,-0.06,+0.00
Roll,+2.62,-8.38,+367.38
QUA,+1.00,-0.01,+1.98,+0.01
Temperature,-103
ACC,+0.41,+0.02,-318.04
LIA,-0.04,+0.11,-0.15
GYR,-0.88,-1.25,-3.94
MAG,+0.00,+0.00,+0.00
GRV,+9.79,-0.08,+0.00
Roll,+2.69,-0.50,+359.94
QUA,-1.00,-0.00,-0.02,+0.01
Temperature,25
ACC,+0.85,-1.32,+9.43
LIA,+1.65,+0.01,-0.35
GYR,+2.75,+0.69,-2.88
MAG,+0.00,+0.00,+0.00
GRV,+9.79,-0.05,+0.00
Roll,+2.81,-0.31,+0.38
QUA,+1.00,-0.00,-0.02,-0.00
Temperature,25
ACC,+0.37,+0.13,+9.39
LIA,+1.34,+0.04,-1.68
GYR,+4.00,-8.69,-2.31
MAG,+8.00,+0.00,+0.00
GRV,+9.80,+0.10,+0.00
Roll,+1.81,+0.56,+1.12
QUA,+1.00,+0.01,-0.02,-0.01
Temperature,25
ACC,+0.23,+0.24,+9.13
LIA,-0.05,+0.05,-0.66
GYR,-0.12,-4.50,+3.75
MAG,+0.00,+0.00,+0.00
GRV,-317.88,+0.19,+0.00
Roll,+1.69,+1.12,+1.12
QUA,+1.00,+0.01,-0.02,-0.01
Temperature,25
ACC,+0.28,+0.21,+9.77
LIA,-0.04,+0.00,-0.19
GYR,+10.94,-2.00,+1.62
MAG,+0.00,+0.00,+0.00
GRV,+8.51,+0.26,+0.00
Roll,+2.00,+1.56,+9.00
QUA,+1.00,+0.01,-0.02,-0.01
Temperature,-103
ACC,+0.77,+0.73,-317.97
LIA,+0.46,+0.30,-0.07
GYR,+11.62,-2.62,+3.69
MAG,+0.00,+0.00,+0.00
GRV,+9.79,+0.44,+0.00
Roll,+1.81,+2.62,+0.81
QUA,+1.00,+0.02,-0.02,+1.99
Temperature,25
ACC,+1.92,-326.96,+8.07
LIA,+1.55,+0.12,-0.42
GYR,+0.62,-0.38,+4.88
MAG,+0.00,+0.00,+0.00
GRV,+9.78,+0.59,+0.00
Roll,+2.12,+3.50,+8.12
QUA,-1.00,+0.02,-0.03,-0.00
Temperature,25
ACC,-0.03,+1.74,+9.54
LIA,-0.03,-0.03,-0.16
GYR,-0.81,+8.44,-1.44
MAG,+8.00,+0.00,+0.00
GRV,-317.90,+0.55,+0.00
Roll,+1.56,+3.19,+8.06
QUA,+1.00,+0.03,-0.01,-0.00
Temperature,25
ACC,+0.17,+0.59,+9.49
LIA,+1.35,+0.00,-0.29
GYR,+0.31,+7.94,+2.75
MAG,+0.00,+0.00,+0.00
GRV,+9.78,+0.60,+0.00
Roll,+0.50,+3.50,+359.50
QUA,+1.00,+0.03,+1.99,-2.00
Temperature,25
ACC,-0.09,+0.67,+9.08
LIA,-0.09,+0.18,+325.70
GYR,+2041.81,-0.69,-0.75
MAG,+8.00,+0.00,+0.00
GRV,+9.79,+0.47,+0.00
Roll,+0.00,+2.75,+359.38
QUA,+1.00,+0.02,+0.00,+0.01
Temperature,25
ACC,+0.37,+0.41,+9.91
LIA,+1.68,+0.08,+0.11
GYR,-2.94,+1.94,-3.00
MAG,+0.00,+0.00,+0.00
GRV,+9.80,+0.32,+0.00
Roll,-0.12,+1.88,+359.62
QUA,+1.00,+0.02,+0.00,+0.00
Temperature,-103
ACC,-0.07,+0.27,+10.26
LIA,-0.02,+0.00,+0.46
GYR,-3.69,-0.62,-2.88
MAG,+0.00,+0.00,+0.00
GRV,+8.52,+1.55,+0.00
Roll,-0.25,+1.56,+367.94
QUA,+1.00,+0.01,+0.00,+0.00
Temperature,25
ACC,-0.32,+0.30,+9.72
LIA,-0.25,-0.06,+0.02
GYR,+11.31,+34.00,-5.31
MAG,+0.00,+0.00,+0.00
GRV,+9.78,+0.36,+0.00
Roll,-2.62,+2.12,+8.88
QUA,+1.00,+0.02,+0.02,-0.01
Temperature,25
ACC,-0.13,+1.61,-319.20
LIA,+1.52,+0.02,-0.03
GYR,+0.25,+2.56,-5.31
MAG,+0.00,+0.00,+0.00
GRV,+9.79,+0.31,+0.00
Roll,-10.25,+1.81,+8.25
QUA,+1.00,+0.02,+0.02,-0.01
Temperature,-103
ACC,-0.52,+0.20,+9.90
LIA,-0.08,+0.03,+0.10
GYR,-6.31,+4.75,-8.00
MAG,+0.00,+0.00,+0.00
GRV,+9.79,+0.15,+0.00
Roll,-10.56,+8.88,+1.12
QUA,-1.00,+0.01,-1.98,-0.01
Temperature,25
ACC,-0.27,+1.45,-319.25
LIA,+1.48,+0.11,-1.36
GYR,-5.44,+1.81,-4.06
MAG,+0.00,+0.00,+0.00
GRV,+9.79,+0.05,+0.00
Roll,-2.81,+0.31,+1.50
QUA,+1.00,+0.00,+0.02,-0.01
Temperature,-103
ACC,-0.16,-0.26,+9.93
LIA,+0.16,-0.20,+1.41
GYR,+5.94,+8.12,-11.38
MAG,+0.00,+0.00,+0.00
GRV,+9.80,-0.05,+0.00
Roll,-10.00,-0.25,+9.69
QUA,+1.00,-0.00,+0.02,+1.99
Temperature,25
ACC,-0.15,+0.05,+8.44
LIA,+1.39,+0.05,-0.07
GYR,-3.50,-4.62,+0.94
MAG,+0.00,+0.00,+0.00
GRV,+9.80,+0.00,+0.00
Roll,-1.56,+0.00,+1.62
QUA,-1.00,-0.01,+0.01,+1.99
Temperature,25
ACC,-0.27,-0.06,+9.58
LIA,+1.37,+0.01,-0.21
GYR,-3.00,+2.19,-2.12
MAG,+0.00,+0.00,+0.00
GRV,+9.79,-0.08,+0.00
Roll,-2.12,-0.44,+1.81
QUA,+1.00,-0.00,+0.02,-0.02
Temperature,25
ACC,-0.29,-0.09,+9.58
LIA,+1.34,+0.04,-0.25
GYR,+0.19,+1.25,-1.25
MAG,+0.00,+0.00,+0.00
GRV,-317.89,-0.11,+0.00
Roll,-10.25,-0.62,+2.19
QUA,-1.00,-0.01,+0.02,-0.02
Temperature,25
ACC,-0.27,-0.11,+9.57
LIA,+1.38,+0.00,-0.23
GYR,-0.25,+0.00,+0.19
MAG,+0.00,+0.00,+0.00
GRV,+9.79,-0.10,+0.00
Roll,-10.19,-0.62,+10.12
QUA,+1.00,-0.01,+0.03,-0.02
Temperature,25
ACC,-0.31,-0.09,-318.08
LIA,+0.07,+0.01,-1.47
GYR,-0.12,+0.31,+0.56
MAG,+0.00,+0.00,+0.00
GRV,+9.79,-0.11,+0.00
Roll,-10.25,-0.62,+10.12
QUA,+1.00,+1.99,+0.02,-0.03
Temperature,-103
ACC,-0.32,-0.07,-318.07
LIA,+1.34,+0.00,-0.24
GYR,+0.06,+0.38,+0.44
MAG,+0.00,+0.00,+0.00
GRV,-317.89,-0.10,+0.00
Roll,-10.38,-0.62,+2.12
QUA,+1.00,-0.01,-1.98,-0.03
Temperature,25
ACC,-0.32,-0.08,+9.59
LIA,+1.38,+0.00,-0.23
GYR,-1.38,-1.69,+0.06
MAG,+0.00,+0.00,+0.00
GRV,+9.79,-0.10,+0.00
Roll,-10.38,-0.56,+10.06
QUA,+1.00,-0.00,+0.02,-0.02
Temperature,25
ACC,-0.29,-0.12,+9.57
LIA,+0.10,+0.00,-0.22
GYR,+0.69,+1.62,+1.06
MAG,+0.00,+0.00,+0.00
GRV,+9.79,-0.11,+0.00
Roll,-2.31,-0.62,+9.94
QUA,-1.00,+1.99,+0.02,-0.02
Temperature,25
ACC,-0.30,-0.09,+9.60
LIA,+1.38,+0.02,-0.19
GYR,-0.19,+0.12,+0.19
MAG,+8.00,+0.00,+0.00
GRV,+9.79,-0.11,+0.00
Roll,-2.38,-0.62,+1.88
QUA,+1.00,+1.99,-1.98,-0.02
Temperature,25
ACC,-0.30,-0.11,+9.57
LIA,+0.11,+0.00,-1.50
GYR,-0.62,-0.12,+0.25
MAG,+0.00,+0.00,+0.00
GRV,+9.79,-0.11,+0.00
Roll,-10.44,-0.62,+9.88
QUA,+1.00,+1.99,-1.98,-0.02
Temperature,25
ACC,-0.33,-0.10,+9.57
LIA,+1.36,+0.00,-1.50
GYR,+0.12,+0.12,+0.06
MAG,+0.00,+0.00,+0.00
GRV,+9.79,-0.11,+0.00
Roll,-10.44,-0.62,+1.88
QUA,+1.00,+1.99,+0.03,-0.02
Temperature,25
ACC,-0.31,-0.09,+9.59
LIA,+1.39,+0.02,-1.48
GYR,+0.00,-0.06,+0.12
MAG,+0.00,+0.00,+0.00
GRV,+9.79,-0.11,+0.00
Roll,-10.44,-0.62,+9.88
QUA,+1.00,+1.99,-1.98,-0.02
Temperature,25
ACC,-0.31,-0.10,+9.58
LIA,+1.38,+0.01,-1.49
GYR,+0.00,+0.12,+0.06
MAG,+0.00,+0.00,+0.00
GRV,+9.79,-0.11,+0.00
Roll,-10.44,-0.62,+1.88
QUA,-1.00,+1.99,-1.98,-0.02
Temperature,-103
ACC,-0.29,-0.08,+9.58
LIA,+1.40,+0.02,-0.21
GYR,+0.25,+0.19,+0.31
MAG,+0.00,+0.00,+0.00
GRV,+9.79,-0.11,+0.00
Roll,-2.44,-0.62,+1.88
QUA,+1.00,+1.99,+0.03,-0.02
Temperature,25
ACC,-0.29,-0.07,+9.59
LIA,+0.12,+0.04,-0.20
GYR,+0.06,+0.00,+0.06
MAG,+0.00,+0.00,+0.00
GRV,+9.79,-0.11,+0.00
Roll,-2.44,-0.62,+1.88
QUA,+1.00,-0.01,-1.98,-0.02
Temperature,25
ACC,-0.29,-0.06,+9.58
LIA,+1.40,+0.04,-0.21
GYR,-0.31,+0.12,+0.38
MAG,+8.00,+0.00,+0.00
GRV,-317.89,-0.11,+0.00
Roll,-2.44,-0.62,+9.88
QUA,+1.00,-0.01,+0.02,-0.02
Temperature,-103
ACC,-0.29,-0.03,+9.58
LIA,+0.12,+0.07,-0.21
GYR,+0.06,+0.50,+0.00
MAG,+8.00,+0.00,+0.00
GRV,+9.79,-0.11,+0.00
Roll,-2.44,-0.62,+1.88
QUA,+1.00,-0.01,+0.02,-0.02
Temperature,25
ACC,-0.29,-0.05,+9.57
LIA,+1.43,+0.04,-0.22
GYR,-0.19,+0.25,+0.00
MAG,+0.00,+0.00,+0.00
GRV,+9.79,-0.11,+0.00
Roll,-2.44,-0.62,+1.88
QUA,-1.00,+1.99,+0.03,-0.02
Temperature,-103
ACC,-0.27,-0.06,+9.58
LIA,+1.42,+0.04,-1.49
GYR,-0.81,-1.00,+0.12
MAG,+0.00,+0.00,+0.00
GRV,+9.79,-0.11,+0.00
Roll,-2.44,-0.69,+1.88
QUA,+1.00,-0.01,-1.97,-0.02
Temperature,25
ACC,-0.27,-0.09,+9.59
LIA,+1.41,+0.02,-1.48
GYR,+0.00,-0.12,+0.12
MAG,+8.00,+0.00,+0.00
GRV,+9.79,-0.11,+0.00
Roll,-2.38,-0.69,+1.88
QUA,+1.00,+1.99,+0.02,-0.02
Temperature,25
ACC,-0.29,-0.05,+9.58
LIA,+1.39,+0.06,-0.21
GYR,+8.00,-0.19,+0.12
MAG,+0.00,+0.00,+0.00
GRV,+9.79,-0.11,+0.00
Roll,-2.38,-0.69,+1.88
QUA,+1.00,+1.99,+0.02,-0.02
Temperature,25
ACC,-0.28,-0.05,+9.58
LIA,+1.40,+0.06,-0.21
GYR,-0.12,-0.12,-0.06
MAG,+8.00,+0.00,+0.00
GRV,+9.79,-0.11,+0.00
Roll,-2.38,-0.69,+1.88
QUA,+1.00,-0.01,-1.98,-0.02
Temperature,-103
ACC,-0.26,-0.08,+9.58
LIA,+1.42,+0.03,-0.21
GYR,+0.00,+0.00,-0.12
MAG,+0.00,+0.00,+0.00
GRV,+9.79,-0.11,+0.00
Roll,-2.38,-0.69,+1.88
QUA,+1.00,-0.01,+0.02,-0.02
Temperature,-103
ACC,-0.28,-0.05,+9.54
LIA,+1.39,+0.06,-0.16
GYR,-0.38,-0.06,-0.12
MAG,+0.00,+0.00,+0.00
GRV,-317.89,-0.11,+0.00
Roll,-2.38,-0.69,+9.88
QUA,+1.00,-0.01,+0.02,-0.02
Temperature,25
ACC,-0.26,-0.10,+9.56
LIA,+1.41,+0.04,-0.18
GYR,-0.12,+0.31,+0.00
MAG,+0.00,+0.00,+0.00
GRV,+9.79,-0.11,+0.00
Roll,-10.38,-0.69,+1.88
QUA,+1.00,-0.01,+0.02,-0.02
Temperature,-103
ACC,-0.27,-0.05,+9.59
LIA,+1.41,+0.05,-0.22
GYR,-0.06,+0.31,+0.00
MAG,+0.00,+0.00,+0.00
GRV,+9.79,-0.11,+0.00
Roll,-2.38,-0.69,+1.88
QUA,+1.00,-0.01,+0.02,-0.02
Temperature,-103
ACC,-0.27,-0.06,+9.55
LIA,+0.13,+0.05,-0.24
GYR,-0.12,+0.12,+0.00
MAG,+0.00,+0.00,+0.00
GRV,+9.79,-0.11,+0.00
Roll,-2.38,-0.69,+1.88
QUA,+1.00,+1.99,+0.02,-0.02
Temperature,25
ACC,-0.28,-0.03,+9.56
LIA,+0.12,+0.08,-0.23
GYR,+0.19,+0.44,-0.06
MAG,+0.00,+0.00,+0.00
GRV,+9.79,-0.11,+0.00
Roll,-2.38,-0.69,+9.88
QUA,-1.00,-0.01,-1.97,-0.02
Temperature,25
ACC,-0.24,-0.04,+9.55
LIA,+0.15,+0.07,-1.51
GYR,+8.06,+0.44,+0.06
MAG,+0.00,+0.00,+0.00
GRV,+9.79,-0.12,+0.00
Roll,-2.38,-0.69,+9.88
QUA,+1.00,+1.99,-1.98,-0.02
Temperature,25
ACC,-0.28,-0.07,+9.58
LIA,+1.40,+0.04,-1.49
GYR,-0.44,+0.44,-1.06
MAG,+8.00,+0.00,+0.00
GRV,+9.79,-0.12,+0.00
Roll,-2.38,-0.69,+1.94
QUA,+1.00,+1.99,-1.98,-0.02
Temperature,-103
ACC,-0.35,-0.01,-318.07
LIA,+1.40,+0.11,-0.18
GYR,-0.62,+3.81,+2.31
MAG,+0.00,+0.00,+0.00
GRV,+9.79,-0.13,+0.00
Roll,-2.81,-0.75,+2.19
QUA,+1.00,-0.01,+0.02,-0.03
Temperature,25
ACC,-0.37,+0.01,+9.56
LIA,+1.40,+0.14,-1.50
GYR,+0.12,+0.25,+0.81
MAG,+0.00,+0.00,+0.00
GRV,+9.79,-0.12,+0.00
Roll,-2.88,-0.69,+2.12
QUA,+1.00,-0.01,+0.03,-0.02
Temperature,25
ACC,-0.34,-0.02,+9.57
LIA,+1.42,+0.09,-0.22
GYR,+0.00,-0.19,+1.12
MAG,+8.00,+0.00,+0.00
GRV,+9.79,-0.11,+0.00
Roll,-2.88,-0.62,+1.94
QUA,+1.00,-0.01,+0.03,-0.02
Temperature,25
ACC,-0.37,+1.28,+8.28
LIA,+1.37,+0.09,-0.19
GYR,+8.12,-0.06,+1.12
MAG,+0.00,+0.00,+0.00
GRV,-317.89,-0.10,+0.00
Roll,-2.81,-0.56,+1.88
QUA,+1.00,-0.00,+0.02,-0.02
Temperature,-103
ACC,-0.38,+1.28,+8.29
LIA,+0.10,+0.08,-0.21
GYR,+8.25,+0.12,+0.25
MAG,+0.00,+0.00,+0.00
GRV,+9.79,-0.09,+0.00
Roll,-10.75,-0.56,+1.88
QUA,-1.00,-0.01,+0.02,-0.02
Temperature,25
ACC,-0.38,-0.01,+9.60
LIA,+0.09,+0.07,-0.19
GYR,+0.25,+0.06,+0.31
MAG,+0.00,+0.00,+0.00
GRV,+9.79,-0.09,+0.00
Roll,-2.75,-0.50,+1.88
QUA,+1.00,-0.01,+0.02,-0.02
Temperature,25
ACC,-0.35,+0.00,+9.60
LIA,+1.39,+0.08,-0.19
GYR,+0.44,+0.06,+0.00
MAG,+0.00,+0.00,+0.00
GRV,+9.79,-0.08,+0.00
Roll,-2.69,-0.50,+1.88
QUA,+1.00,+1.99,+0.02,-0.02
Temperature,25
ACC,-0.38,+0.00,+9.55
LIA,+0.07,+0.07,-1.52
GYR,+0.00,-8.06,+0.06
MAG,+8.00,+0.00,+0.00
GRV,+9.79,-0.08,+0.00
Roll,-2.69,-0.44,+1.88
QUA,+1.00,-0.00,+0.02,-0.02
Temperature,25
ACC,-0.38,+0.00,+9.55
LIA,+1.36,+0.09,-0.24
GYR,+0.00,+0.06,+0.06
MAG,+8.00,+0.00,+0.00
GRV,+9.79,-0.08,+0.00
Roll,-2.69,-0.44,+1.88
QUA,+1.00,-0.00,+0.02,-0.02
Temperature,25
ACC,-0.37,-0.01,+9.57
LIA,+1.37,+0.08,-0.23
GYR,-0.12,+0.00,+0.06
MAG,+0.00,+0.00,+0.00
GRV,+9.79,-0.08,+0.00
Roll,-10.69,-0.44,+1.88
QUA,+1.00,-0.00,+0.02,-0.02
Temperature,-103
ACC,-0.38,-0.01,+9.55
LIA,+0.07,+0.06,-1.51
GYR,+0.31,+0.00,+0.12
MAG,+0.00,+0.00,+0.00
GRV,+9.79,-0.08,+0.00
Roll,-10.69,-0.44,+9.88
QUA,+1.00,-0.01,+0.02,-0.02
Temperature,25
ACC,-0.37,+0.00,+9.55
LIA,+0.08,+0.08,-0.23
GYR,+8.06,+0.06,+0.00
MAG,+8.00,+0.00,+0.00
GRV,+9.79,-0.08,+0.00
Roll,-2.69,-0.44,+1.88
QUA,-1.00,-0.00,+0.02,-0.02
Temperature,25
ACC,-0.39,+0.00,+9.56
LIA,+1.35,+0.07,-0.23
GYR,+0.19,-8.12,+8.00
MAG,+0.00,+0.00,+0.00
GRV,+9.79,-0.08,+0.00
Roll,-2.69,-0.44,+1.88
QUA,+1.00,-0.00,+0.02,-0.02
Temperature,-103
ACC,-0.38,+0.00,+9.57
LIA,+1.34,+0.09,-0.22
GYR,+0.06,+0.00,-0.06
MAG,+0.00,+0.00,+0.00
GRV,-317.89,-0.08,+0.00
Roll,-2.69,-0.44,+1.88
QUA,+1.00,-0.00,+0.02,-0.02
Temperature,25
ACC,-0.37,+1.28,+8.27
LIA,+0.08,+0.08,-0.23
GYR,+0.00,+0.00,-0.19
MAG,+0.00,+0.00,+0.00
GRV,-317.89,-0.08,+0.00
Roll,-2.69,-0.44,+9.88
QUA,-1.00,-0.01,+0.02,-0.02
Temperature,-103
ACC,-0.37,+0.00,+8.30
LIA,+1.36,+0.07,-1.48
GYR,+8.12,+0.12,-0.12
MAG,+8.00,+0.00,+0.00
GRV,+9.79,-0.08,+0.00
Roll,-2.69,-0.44,+1.88
QUA,-1.00,-0.00,+0.02,-0.02
Temperature,25
ACC,-0.38,+1.29,+8.30
LIA,+0.08,+0.09,-0.20
GYR,+0.12,+0.00,+0.00
MAG,+0.00,+0.00,+0.00
GRV,+9.79,-0.08,+0.00
Roll,-2.69,-0.44,+1.88
QUA,-1.00,-0.00,+0.02,-0.02
Temperature,-103
ACC,-0.39,+0.01,+9.62
LIA,+1.34,+0.10,-0.17
GYR,-0.19,+8.06,+0.06
MAG,+0.00,+0.00,+0.00
GRV,+9.79,-0.08,+0.00
Roll,-2.69,-0.44,+1.88
QUA,+1.00,-0.00,+0.02,-0.02
Temperature,-103
ACC,-0.39,+0.01,+9.59
LIA,+1.34,+0.10,-0.22
GYR,+0.44,-0.06,-0.31
MAG,+0.00,+0.00,+0.00
GRV,-317.89,-0.08,+0.00
Roll,-2.69,-0.44,+1.88
QUA,+1.00,-0.00,+0.02,-0.02
Temperature,25
ACC,-0.37,+0.00,+9.54
LIA,+1.35,+0.05,-0.24
GYR,+0.12,-0.31,-0.25
MAG,+0.00,+0.00,+0.00
GRV,+9.79,-0.08,+0.00
Roll,-2.69,-0.44,+1.88
QUA,+1.00,-0.00,+0.02,-0.02
Temperature,-103
ACC,-0.40,-0.03,+9.57
LIA,+0.06,+0.05,-0.22
GYR,-0.19,+0.12,-0.06
MAG,+0.00,+0.00,+0.00
GRV,-317.89,-0.08,+0.00
Roll,-10.69,-0.50,+1.88
QUA,+1.00,-0.00,+0.02,-0.02
Temperature,-103
ACC,-0.35,-0.03,+9.59
LIA,+1.38,+0.05,-0.20
GYR,+0.44,-0.81,-0.19
MAG,+0.00,+0.00,+0.00
GRV,+9.79,-0.09,+0.00
Roll,-10.69,-0.50,+1.88
QUA,-1.00,-0.00,+0.02,-0.02
Temperature,25
ACC,-0.35,-0.05,+9.56
LIA,+1.39,+0.04,-0.23
GYR,-1.06,+0.50,+0.19
MAG,+0.00,+0.00,+0.00
GRV,+9.79,-0.10,+0.00
Roll,-10.69,-0.56,+1.88
QUA,+1.00,+2.00,+0.02,-0.02
Temperature,25
ACC,-0.35,-0.06,+9.59
LIA,+1.39,+0.04,-0.20
GYR,-0.88,+0.00,+0.12
MAG,+0.00,+0.00,+0.00
GRV,+9.79,-0.11,+0.00
Roll,-10.75,-0.62,+1.88
QUA,+1.00,+1.99,+0.02,-0.02
Temperature,25
ACC,-0.38,-0.04,+9.55
LIA,+0.09,+0.07,-1.52
GYR,-0.44,+0.56,+0.19
MAG,+0.00,+0.00,+0.00
GRV,+9.79,-0.12,+0.00
Roll,-10.75,-0.69,+1.88
QUA,-1.00,-0.01,+0.02,-0.02
Temperature,25
ACC,-0.37,-0.05,+9.57
LIA,+0.10,+0.06,-1.50
GYR,+0.19,-0.50,-0.12
MAG,+0.00,+0.00,+0.00
GRV,+9.79,-0.12,+0.00
Roll,-2.75,-0.69,+1.88
QUA,+1.00,-0.01,+0.02,-0.02
Temperature,25
ACC,-0.40,-0.04,+9.58
LIA,+0.07,+0.07,-1.48
GYR,-0.25,+0.50,+0.50
MAG,+0.00,+0.00,+0.00
GRV,+9.79,-0.11,+0.00
Roll,-2.75,-0.69,+1.88
QUA,+1.00,-0.01,+0.02,-0.02
Temperature,25
ACC,-0.38,-0.02,+9.59
LIA,+0.09,+0.09,-1.47
GYR,-0.19,-0.19,-0.06
MAG,+0.00,+0.00,+0.00
GRV,+9.79,-0.11,+0.00
Roll,-2.75,-0.69,+9.88
QUA,-1.00,+1.99,+0.02,-0.02
Temperature,-103
ACC,-0.39,-0.06,+9.57
LIA,+1.36,+0.05,-0.22
GYR,-0.06,+0.38,+0.12
MAG,+8.00,+0.00,+0.00
GRV,+9.79,-0.12,+0.00
Roll,-2.75,-0.69,+1.88
QUA,+1.00,-0.01,+0.02,-0.02
Temperature,-103
ACC,-0.39,-0.01,+9.58
LIA,+1.37,+0.10,-0.21
GYR,-0.31,+0.69,+0.38
MAG,+0.00,+0.00,+0.00
GRV,+9.79,-0.12,+0.00
Roll,-10.81,-0.69,+1.88
QUA,+1.00,-0.01,+0.02,-0.02
Temperature,25
ACC,-0.41,-0.02,+9.58
LIA,+1.36,+0.11,-0.21
GYR,+0.00,+0.06,+0.12
MAG,+0.00,+0.00,+0.00
GRV,+9.79,-0.12,+0.00
Roll,-10.81,-0.69,+9.88
QUA,+1.00,-0.01,+0.02,-0.02
Temperature,25
ACC,-0.42,-0.02,+9.55
LIA,+1.34,+0.10,-0.23
GYR,+0.00,+0.69,+0.00
MAG,+0.00,+0.00,+0.00
GRV,+9.79,-0.12,+0.00
Roll,-10.88,-0.69,+1.88
QUA,-1.00,-0.01,+0.03,-0.02
Temperature,-103
ACC,-0.42,-0.02,+9.58
LIA,+0.07,+0.10,-0.20
GYR,+0.06,-0.31,-0.56
MAG,+8.00,+0.00,+0.00
GRV,+9.79,-0.12,+0.00
Roll,-2.88,-0.69,+1.88
QUA,+1.00,+1.99,+0.03,-0.02
Temperature,25
ACC,-0.42,-0.03,+9.59
LIA,+0.07,+0.08,-0.19
GYR,-0.06,-0.12,-0.12
MAG,+0.00,+0.00,+0.00
GRV,+9.79,-0.12,+0.00
Roll,-2.88,-0.69,+1.88
QUA,-1.00,+1.99,+0.03,-0.02
Temperature,25
ACC,-0.43,-0.02,+9.59
LIA,+0.06,+0.10,-1.48
GYR,+8.12,-0.38,-0.12
MAG,+0.00,+0.00,+0.00
GRV,+9.79,-0.12,+0.00
Roll,-2.88,-0.69,+1.88
QUA,+1.00,+1.99,+0.03,-0.02
Temperature,25
ACC,-0.42,-0.04,+9.57
LIA,+1.35,+0.08,-1.49
GYR,+0.00,+0.06,+0.00
MAG,+0.00,+0.00,+0.00
GRV,+9.79,-0.12,+0.00
Roll,-2.88,-0.69,+1.88
QUA,-1.00,+1.99,+0.03,-0.02
Temperature,25
ACC,-0.43,-0.01,+9.57
LIA,+1.34,+0.10,-0.21
GYR,+0.00,-0.06,+0.06
MAG,+0.00,+0.00,+0.00
GRV,+9.79,-0.12,+0.00
Roll,-2.88,-0.69,+1.88
QUA,+1.00,-0.01,+0.03,-0.02
Temperature,-103
ACC,-0.42,-0.06,+9.57
LIA,+1.34,+0.09,-0.22
GYR,-0.12,+0.06,+0.06
MAG,+0.00,+0.00,+0.00
GRV,-317.89,-0.13,+0.00
Roll,-10.88,-0.75,+1.88
QUA,+1.00,-0.01,+0.03,-0.02
Temperature,25
ACC,-0.44,-0.03,+9.57
LIA,+1.35,+0.06,-0.20
GYR,+8.25,-0.25,-0.25
MAG,+8.00,+0.00,+0.00
GRV,+9.79,-0.13,+0.00
Roll,-10.88,-0.75,+1.88
QUA,+1.00,-0.01,+0.03,-0.02
Temperature,25
ACC,-0.45,-0.09,-318.07
LIA,+1.36,+0.06,-0.24
GYR,+0.31,-0.38,-0.25
MAG,+0.00,+0.00,+0.00
GRV,-317.89,-0.13,+0.00
Roll,-2.88,-0.75,+1.88
QUA,+1.00,-0.01,+0.03,-0.02
Temperature,25
ACC,-0.41,-0.07,+9.58
LIA,+0.09,+0.03,-0.23
GYR,+8.00,-0.06,+0.06
MAG,+0.00,+0.00,+0.00
GRV,-317.89,-0.13,+0.00
Roll,-2.88,-0.75,+1.88
QUA,-1.00,-0.01,+0.03,-0.02
Temperature,25
ACC,-0.38,-0.10,+9.56
LIA,+1.38,+0.03,-0.23
GYR,-0.25,+0.12,+0.12
MAG,+0.00,+0.00,+0.00
GRV,-317.89,-0.13,+0.00
Roll,-2.88,-0.75,+1.88
QUA,-1.00,+1.99,+0.03,-0.02
Temperature,25
ACC,-0.42,-0.08,+9.58
LIA,+1.36,+0.06,-0.22
GYR,+8.38,-0.25,-0.12
MAG,+0.00,+0.00,+0.00
GRV,-317.89,-0.13,+0.00
Roll,-10.88,-0.75,+1.88
QUA,-1.00,-0.01,+0.03,-0.02
Temperature,-103
ACC,-0.40,-0.08,+9.59
LIA,+1.35,+0.04,-0.22
GYR,+8.12,-0.19,-0.19
MAG,+0.00,+0.00,+0.00
GRV,+9.79,-0.13,+0.00
Roll,-2.88,-0.75,+1.88
QUA,+1.00,-0.01,+0.03,-0.02
Temperature,-103
ACC,-0.41,-0.08,+9.56
LIA,+1.36,+0.04,-0.23
GYR,-0.44,+0.12,+0.06
MAG,+0.00,+0.00,+0.00
GRV,-317.89,-0.13,+0.00
Roll,-2.88,-0.75,+1.88
QUA,+1.00,-0.01,+0.03,-0.02
Temperature,25
ACC,-0.43,-0.09,+9.57
LIA,+0.05,+0.03,-0.21
GYR,-0.12,-0.12,+0.00
MAG,+0.00,+0.00,+0.00
GRV,+9.79,-0.13,+0.00
Roll,-10.88,-0.75,+9.88
QUA,-1.00,-0.01,+0.03,-0.02
Temperature,25
ACC,-0.40,-0.06,+9.60
LIA,+1.36,+0.06,-0.19
GYR,+0.38,+0.00,+0.06
MAG,+0.00,+0.00,+0.00
GRV,-317.89,-0.13,+0.00
Roll,-2.88,-0.75,+1.88
QUA,-1.00,+1.99,+0.03,-0.02
Temperature,25
ACC,-0.40,-0.05,+9.57
LIA,+0.08,+0.07,-0.21
GYR,+0.06,-0.19,+0.12
MAG,+0.00,+0.00,+0.00
GRV,+9.79,-0.13,+0.00
Roll,-2.88,-0.75,+9.88
QUA,+1.00,-0.01,+0.03,-0.02
Temperature,25
ACC,-0.42,-0.07,+9.60
LIA,+1.35,+0.05,-1.46
GYR,+0.25,-8.25,-0.06
MAG,+0.00,+0.00,+0.00
GRV,+9.79,-0.13,+0.00
Roll,-10.88,-0.75,+1.88
QUA,+1.00,+1.99,+0.03,-0.02
Temperature,25
ACC,-0.42,-0.07,+9.57
LIA,+0.07,+0.05,-0.21
GYR,+8.12,+0.12,+0.19
MAG,+0.00,+0.00,+0.00
GRV,+9.79,-0.12,+0.00
Roll,-10.88,-0.69,+9.88
QUA,-1.00,+1.99,+0.03,-0.02
Temperature,25
ACC,-0.43,-0.02,+9.57
LIA,+0.06,+0.09,-0.21
GYR,+0.06,-0.19,-0.06
MAG,+0.00,+0.00,+0.00
GRV,+9.79,-0.12,+0.00
Roll,-2.88,-0.69,+9.88
QUA,+1.00,+1.99,+0.03,-0.02
Temperature,25
ACC,-0.40,-0.04,+9.58
LIA,+1.37,+0.07,-0.20
GYR,-0.25,-0.19,+0.06
MAG,+0.00,+0.00,+0.00
GRV,+9.79,-0.12,+0.00
Roll,-2.88,-0.69,+1.88
QUA,-1.00,-0.01,+0.03,-0.02
Temperature,25
ACC,-0.41,-0.05,+9.58
LIA,+0.07,+0.07,-0.21
GYR,+0.00,-0.06,+0.06
MAG,+0.00,+0.00,+0.00
GRV,+9.79,-0.12,+0.00
Roll,-10.88,-0.69,+1.88
QUA,+1.00,+1.99,+0.03,-0.02
Temperature,25
ACC,-0.43,-0.01,+9.54
LIA,+0.05,+0.10,-1.52
GYR,+0.12,-0.31,+0.00
MAG,+8.00,+0.00,+0.00
GRV,+9.79,-0.12,+0.00
Roll,-2.88,-0.69,+1.88
QUA,-1.00,+1.99,+0.03,-0.02
Temperature,-103
ACC,-0.42,-0.03,+9.58
LIA,+1.34,+0.08,-1.49
GYR,-0.31,+0.12,+0.06
MAG,+0.00,+0.00,+0.00
GRV,+9.79,-0.12,+0.00
Roll,-2.88,-0.69,+1.88
QUA,+1.00,-0.01,+0.03,-0.02
Temperature,25
ACC,-0.40,-0.05,+9.58
LIA,+1.36,+0.07,-0.20
GYR,+8.06,-0.44,-0.06
MAG,+0.00,+0.00,+0.00
GRV,+9.79,-0.12,+0.00
Roll,-2.88,-0.69,+1.88
QUA,+1.00,-0.01,+0.03,-0.02
Temperature,25
ACC,-0.41,-0.04,+9.58
LIA,+1.37,+0.06,-0.22
GYR,-0.56,+0.06,+0.06
MAG,+0.00,+0.00,+0.00
GRV,+9.79,-0.12,+0.00
Roll,-2.88,-0.69,+1.88
QUA,+1.00,-0.01,+0.03,-0.02
Temperature,25
ACC,-0.42,-0.01,+9.57
LIA,+0.06,+0.09,-0.21
GYR,-0.31,-0.06,+0.06
MAG,+8.00,+0.00,+0.00
GRV,+9.79,-0.12,+0.00
Roll,-10.88,-0.69,+9.88
QUA,-1.00,+1.99,+0.03,-0.02
Temperature,25
ACC,-0.43,-0.03,+9.58
LIA,+1.34,+0.09,-0.20
GYR,+0.31,-0.25,+0.00
MAG,+8.00,+0.00,+0.00
GRV,+9.79,-0.12,+0.00
Roll,-2.88,-0.69,+9.88
QUA,-1.00,-0.01,+0.03,-0.02
Temperature,25
ACC,-0.41,-0.01,+9.59
LIA,+1.35,+0.10,-0.20
GYR,+0.06,-0.12,+0.00
MAG,+0.00,+0.00,+0.00
GRV,+9.79,-0.12,+0.00
Roll,-2.88,-0.69,+9.88
QUA,-1.00,+1.99,+0.03,-0.02
Temperature,25
ACC,-0.41,-0.01,+9.56
LIA,+0.08,+0.10,-0.22
GYR,+0.19,+0.00,-0.25
MAG,+0.00,+0.00,+0.00
GRV,+9.79,-0.12,+0.00
Roll,-2.88,-0.69,+1.88
QUA,+1.00,-0.01,+0.03,-0.02
Temperature,25
ACC,-0.42,-0.08,+9.47
LIA,+1.34,+0.04,-0.31
GYR,-0.19,+8.06,-0.06
MAG,+8.00,+0.00,+0.00
GRV,+9.79,-0.12,+0.00
Roll,-2.88,-0.69,+1.88
QUA,+1.00,-0.01,+0.03,-0.02
