SWV ITM Data Console - ITM Port: 0
Hello
[+] BNO055 init success
[BNO] Unit selection success
Temperature,28
ACC,-0.38,+0.00,+9.55
LIA,+1.31,-0.01,-0.24
GYR,+0.69,-0.38,+0.62
MAG,+8.00,+0.00,+0.00
GRV,+9.79,+1.29,+0.00
Roll,-2.44,+0.06,+359.94
QUA,+1.00,+0.00,+0.02,+0.00
Temperature,28
ACC,-0.39,+0.00,+9.57
LIA,+1.30,-0.01,-0.26
GYR,-0.06,-0.06,+0.38
MAG,+0.00,+0.00,+0.00
GRV,-317.89,+0.02,+0.00
Roll,-10.44,+8.12,+359.94
QUA,+1.00,+0.00,+0.02,+0.00
Temperature,-100
ACC,-0.38,+1.30,+9.58
LIA,+1.30,+0.01,-0.23
GYR,-0.25,+0.06,-0.25
MAG,+0.00,+0.00,+0.00
GRV,-317.89,+0.02,+0.00
Roll,-2.44,+8.12,-1688.06
QUA,+1.00,+0.00,+0.02,+0.00
Temperature,28
ACC,-0.42,+0.02,+8.26
LIA,+1.29,+0.00,-0.23
GYR,-0.56,+0.31,-0.94
MAG,+0.00,+0.00,+0.00
GRV,-317.89,+1.30,+0.00
Roll,-2.44,+0.12,+367.94
QUA,-1.00,+0.00,+0.02,+0.00
Temperature,28
ACC,-0.39,+0.03,+8.29
LIA,+0.02,+0.01,-0.22
GYR,-0.06,+0.00,-0.31
MAG,+0.00,+0.00,+0.00
GRV,+9.79,+0.02,+0.00
Roll,-10.44,+0.12,+367.94
QUA,-1.00,+0.00,+0.02,+0.00
Temperature,-100
ACC,-0.39,+0.03,+9.55
LIA,+1.30,+0.00,-0.24
GYR,+0.00,-0.19,+0.06
MAG,+0.00,+0.00,+0.00
GRV,+9.79,+0.02,+0.00
Roll,-2.44,+0.12,+359.94
QUA,+1.00,+0.00,-1.98,+0.00
Temperature,28
ACC,-0.41,+0.02,+9.56
LIA,+0.00,+0.00,-1.51
GYR,+0.12,+0.19,-0.31
MAG,+0.00,+0.00,+0.00
GRV,+9.79,+0.02,+0.00
Roll,-2.44,+0.12,+367.94
QUA,+1.00,+0.00,+0.02,+0.00
Temperature,-100
ACC,-0.40,+0.00,+9.35
LIA,+1.29,-0.02,-0.44
GYR,-0.19,-0.06,-0.38
MAG,+0.00,+0.00,+0.00
GRV,-319.17,+0.02,+0.00
Roll,-2.44,+0.12,+359.94
QUA,+1.00,+0.00,+0.02,+0.00
Temperature,-100
ACC,-0.39,+0.02,+9.51
LIA,+1.31,+0.00,-0.22
GYR,+0.06,+0.06,-0.12
MAG,+0.00,+0.00,+0.00
GRV,+8.51,+0.02,+0.00
Roll,-2.44,+0.12,+8.00
QUA,+1.00,+0.00,+0.02,-0.00
Temperature,-100
ACC,-0.38,-0.02,+9.54
LIA,+1.31,-1.32,-0.24
GYR,-0.31,+0.56,-0.62
MAG,+0.00,+0.00,+0.00
GRV,+9.79,+0.02,+0.00
Roll,-2.44,+8.06,+0.06
QUA,+1.00,+0.00,+0.02,-0.00
Temperature,28
ACC,-0.40,-0.01,+9.54
LIA,+1.30,-0.03,-0.24
GYR,-0.94,+0.50,-2.06
MAG,+0.00,+0.00,+0.00
GRV,+9.79,+0.01,+0.00
Roll,-10.44,+0.06,+0.19
QUA,+1.00,+0.00,-1.98,-0.01
Temperature,28
ACC,-0.38,+0.01,+9.56
LIA,+0.00,+0.00,-1.51
GYR,+10.62,-15.38,-9.62
MAG,+0.00,+0.00,+0.00
GRV,+9.79,+0.02,+0.00
Roll,-2.19,+0.12,+0.88
QUA,+1.00,+0.00,+0.02,-0.01
Temperature,28
ACC,-0.23,+0.00,+9.54
LIA,+0.01,-0.05,-0.25
GYR,+9.50,+2034.25,-2.31
MAG,+0.00,+0.00,+0.00
GRV,+9.80,+0.05,+0.00
Roll,-1.38,+0.31,+1.31
QUA,+1.00,+0.00,+0.01,-0.01
Temperature,-100
ACC,-0.19,+0.12,+9.54
LIA,+0.01,+0.04,-0.29
GYR,+0.31,-0.88,+4.75
MAG,+0.00,+0.00,+0.00
GRV,-319.16,+0.05,+0.00
Roll,-1.06,+8.31,+1.12
QUA,+1.00,+0.00,+0.01,-0.01
Temperature,28
ACC,-0.14,+0.06,+8.31
LIA,-0.16,-0.24,-0.25
GYR,-0.06,-1.44,+2.00
MAG,+0.00,+0.00,+0.00
GRV,+9.80,+0.07,+0.00
Roll,-0.94,+8.44,+0.75
QUA,+1.00,+0.00,+0.00,-0.01
Temperature,28
ACC,-0.11,+1.28,+9.56
LIA,+1.29,-1.33,-0.24
GYR,+0.62,-1.19,+2.06
MAG,+0.00,+0.00,+0.00
GRV,+9.80,+0.06,+0.00
Roll,-0.69,+0.38,+0.56
QUA,-1.00,+0.00,+0.01,-0.01
Temperature,28
ACC,-0.11,+0.08,+9.58
LIA,+1.29,+0.03,-0.22
GYR,-1.12,-0.81,+9.12
MAG,+0.00,+0.00,+0.00
GRV,+9.80,+0.04,+0.00
Roll,-0.69,+0.25,+0.12
QUA,+1.01,+0.00,+0.01,-0.00
Temperature,28
ACC,-0.12,-0.10,+9.53
LIA,-0.01,-0.16,-0.26
GYR,+8.06,-0.62,-4.12
MAG,+8.00,+0.00,+0.00
GRV,+8.52,+0.06,+0.00
Roll,-0.62,+0.31,+0.19
QUA,+1.01,+0.00,+0.01,-0.00
Temperature,28
ACC,-0.09,+1.28,+9.53
LIA,+1.29,-0.03,-0.21
GYR,-0.19,-0.12,-0.75
MAG,+0.00,+0.00,+0.00
GRV,+9.80,+0.05,+0.00
Roll,-8.62,+0.31,+0.44
QUA,+1.01,+0.00,+0.01,-0.00
Temperature,28
ACC,+1.28,+0.42,+8.29
LIA,+0.10,+0.34,-0.22
GYR,+1.81,+0.81,+6.69
MAG,+0.00,+0.00,+0.00
GRV,+9.80,+0.08,+0.00
Roll,-8.69,+0.44,+0.12
QUA,+1.00,+0.01,+0.01,-0.01
Temperature,28
ACC,-0.12,-0.10,+9.55
LIA,-0.01,-0.18,-0.25
GYR,+0.00,-0.56,-1.88
MAG,+0.00,+0.00,+0.00
GRV,+9.80,+0.08,+0.00
Roll,-0.62,+0.44,+0.12
QUA,+1.01,+0.01,+0.01,-0.01
Temperature,28
ACC,-0.08,+0.04,+9.55
LIA,+0.02,-1.31,-0.24
GYR,-0.19,-0.31,-0.19
MAG,+8.00,+0.00,+0.00
GRV,+9.80,+0.08,+0.00
Roll,-0.62,+0.44,+0.25
QUA,+1.00,+0.01,+0.01,-0.01
Temperature,28
ACC,-0.03,+0.02,+9.52
LIA,+1.34,-0.06,-0.28
GYR,-0.31,-0.88,-1.38
MAG,+0.00,+0.00,+0.00
GRV,+9.80,+0.08,+0.00
Roll,-0.56,+0.44,+0.19
QUA,+1.00,+0.00,+0.00,-0.00
Temperature,28
ACC,+1.51,+0.71,+9.67
LIA,-0.26,-0.34,-0.34
GYR,+0.06,-0.69,+3.94
MAG,+0.00,+0.00,+0.00
GRV,+8.52,+0.11,+0.00
Roll,-0.44,+0.62,+0.06
QUA,+1.00,+0.01,+0.00,-0.00
Temperature,28
ACC,-0.08,-0.02,+9.61
LIA,+1.29,-0.34,-0.22
GYR,-0.06,-1.19,-0.38
MAG,+0.00,+0.00,+0.00
GRV,+9.80,+0.10,+0.00
Roll,-8.38,+8.56,+0.00
QUA,+1.01,+0.01,+0.00,-0.00
Temperature,28
ACC,-0.03,+0.03,+8.27
LIA,+0.01,-0.03,-0.24
GYR,+0.00,-0.25,-1.12
MAG,+0.00,+0.00,+0.00
GRV,+9.80,+0.06,+0.00
Roll,-0.25,+0.38,+0.12
QUA,+1.00,+0.00,+0.00,-0.01
Temperature,28
ACC,-0.02,+0.07,+9.53
LIA,+1.28,+0.02,-0.26
GYR,+0.19,-0.44,+0.81
MAG,+0.00,+0.00,+0.00
GRV,+9.80,+0.05,+0.00
Roll,-0.19,+0.31,+0.19
QUA,+1.01,+0.00,+0.00,-0.00
Temperature,28
ACC,-0.02,+0.00,+9.57
LIA,+1.43,+0.22,-0.20
GYR,+1.31,+0.31,+1.81
MAG,+0.00,+0.00,+0.00
GRV,+8.52,+0.09,+0.00
Roll,-8.25,+0.56,+0.06
QUA,+1.01,+0.01,+0.00,-0.00
Temperature,28
ACC,-0.09,+1.53,+8.35
LIA,-0.05,+0.15,-1.44
GYR,-4.06,-1.94,-0.25
MAG,+0.00,+0.00,+0.00
GRV,+9.80,+0.09,+0.00
Roll,-0.19,+0.50,+8.19
QUA,+1.01,+0.00,+0.00,-0.00
Temperature,28
ACC,-0.06,+0.14,+9.44
LIA,-0.02,+0.00,-1.63
GYR,+11.12,-0.44,+2.94
MAG,+0.00,+0.00,+0.00
GRV,+9.80,+0.14,+0.00
Roll,-0.19,+8.81,+359.81
QUA,-1.00,-1.99,+0.00,+0.00
Temperature,28
ACC,+0.06,-0.02,+9.53
LIA,+0.07,-0.16,-0.27
GYR,-0.75,-2.25,-2.69
MAG,+0.00,+0.00,+0.00
GRV,+9.80,+0.13,+0.00
Roll,+0.00,+0.75,+359.88
QUA,+1.00,+0.01,+0.00,+0.00
Temperature,28
ACC,+0.07,+0.10,+9.54
LIA,+1.32,-0.01,-0.25
GYR,+0.31,-0.62,-1.00
MAG,+0.00,+0.00,+0.00
GRV,+8.52,+0.11,+0.00
Roll,+0.12,+0.69,+8.06
QUA,+1.00,+0.01,-0.00,-0.00
Temperature,28
ACC,-0.03,+0.29,-319.32
LIA,-0.37,-0.35,-0.34
GYR,+7.25,+1.56,+2.25
MAG,+8.00,+0.00,+0.00
GRV,-317.88,+0.14,+0.00
Roll,+0.12,+0.81,+8.12
QUA,+1.00,+0.01,-0.00,-0.00
Temperature,-100
ACC,+0.03,+0.10,+8.26
LIA,+1.29,-0.01,-0.24
GYR,+8.88,+0.81,-2.25
MAG,+0.00,+0.00,+0.00
GRV,+9.80,+0.16,+0.00
Roll,+0.06,+0.94,+8.25
QUA,+1.00,+0.01,-0.00,-0.00
Temperature,28
ACC,+0.03,+0.17,+9.56
LIA,+1.30,+0.01,-0.24
GYR,+0.50,-0.06,-1.75
MAG,+0.00,+0.00,+0.00
GRV,+9.80,+0.15,+0.00
Roll,+0.06,+0.88,+0.50
QUA,+1.00,+0.01,-0.01,+2.00
Temperature,28
ACC,-0.10,+0.00,+9.53
LIA,-0.11,-0.15,-0.26
GYR,-2.31,-0.06,+0.00
MAG,+0.00,+0.00,+0.00
GRV,+9.80,+0.15,+0.00
Roll,+0.00,+0.88,+0.44
QUA,+1.00,-1.99,-0.01,+2.00
Temperature,28
ACC,+0.03,+0.18,+9.52
LIA,+1.31,+0.03,-0.27
GYR,+8.69,+0.31,+2.00
MAG,+8.00,+0.00,+0.00
GRV,+9.80,+0.14,+0.00
Roll,+0.00,+0.81,+0.19
QUA,+1.01,+0.01,+0.00,-0.00
Temperature,28
ACC,+1.31,+0.05,+8.26
LIA,+1.29,-0.05,-0.27
GYR,-0.56,-0.50,+0.56
MAG,+0.00,+0.00,+0.00
GRV,+8.52,+0.15,+0.00
Roll,+0.00,+0.88,+359.50
QUA,+1.00,+0.01,-0.00,+0.00
Temperature,28
ACC,+0.00,+0.16,+8.28
LIA,+1.28,-1.30,-0.24
GYR,+2.00,+1.12,+0.38
MAG,+8.00,+0.00,+0.00
GRV,+9.80,+0.18,+0.00
Roll,+0.00,+1.06,+359.56
QUA,-1.00,+0.00,+0.00,+0.00
Temperature,-100
ACC,+1.32,+0.25,+8.22
LIA,+0.06,+0.02,-1.57
GYR,-1.56,-0.31,-0.19
MAG,+0.00,+0.00,+0.00
GRV,+9.80,+0.22,+0.00
Roll,-0.06,+1.31,+359.50
QUA,+1.00,+0.00,+0.00,+0.00
Temperature,28
ACC,-0.08,+0.14,+9.60
LIA,-0.03,-0.17,-0.19
GYR,-5.12,-2.50,+2.88
MAG,+0.00,+0.00,+0.00
GRV,+9.80,+0.31,+0.00
Roll,-0.25,+1.81,+359.50
QUA,+1.00,+0.02,+0.00,+0.00
Temperature,28
ACC,-0.01,+0.11,+9.58
LIA,+1.31,-0.19,-0.21
GYR,-1.25,-0.69,-1.44
MAG,+0.00,+0.00,+0.00
GRV,+9.80,+0.31,+0.00
Roll,-0.25,+1.81,+359.38
QUA,+1.00,+0.02,+0.00,+0.00
Temperature,28
ACC,-0.01,+1.57,+9.52
LIA,+1.29,+0.00,-0.25
GYR,+8.00,-0.38,+0.06
MAG,+0.00,+0.00,+0.00
GRV,+9.80,+0.29,+0.00
Roll,-0.19,+1.69,-1688.38
QUA,+1.00,-1.99,+0.00,+0.00
Temperature,28
ACC,-0.01,-327.00,+8.21
LIA,+1.30,+0.41,-0.30
GYR,+2.69,-2.75,-12.56
MAG,+0.00,+0.00,+0.00
GRV,+9.80,+0.27,+0.00
Roll,-8.12,+1.56,-1680.31
QUA,-1.00,-1.99,+0.00,+0.00
Temperature,28
ACC,-0.03,+1.55,+8.27
LIA,+0.01,-0.01,-0.29
GYR,+9.00,+0.00,+0.00
MAG,+0.00,+0.00,+0.00
GRV,+9.80,+0.30,+0.00
Roll,-8.12,+9.75,+8.12
QUA,+1.00,+0.02,+0.00,-0.00
Temperature,28
ACC,+0.00,+0.23,+8.29
LIA,+0.01,-0.04,-0.23
GYR,-0.81,-0.88,+1.44
MAG,+0.00,+0.00,+0.00
GRV,+9.80,+0.27,+0.00
Roll,-0.06,+1.56,+0.00
QUA,-1.00,+0.01,+0.00,+0.00
Temperature,28
ACC,+0.09,+0.21,+9.52
LIA,+1.34,-0.06,-0.27
GYR,-2.00,-2.69,+9.38
MAG,+8.00,+0.00,+0.00
GRV,+9.80,+0.27,+0.00
Roll,+0.12,+1.56,+359.75
QUA,+1.00,+0.01,-0.00,+0.00
Temperature,28
ACC,+0.01,+0.25,+9.57
LIA,-0.03,-0.02,-0.23
GYR,-0.12,-1.88,+0.62
MAG,+0.00,+0.00,+0.00
GRV,+9.80,+0.28,+0.00
Roll,+0.31,+1.62,+359.75
QUA,+1.00,+0.01,-0.00,+0.00
Temperature,28
ACC,-0.27,-0.36,+9.88
LIA,+1.29,-0.19,-0.55
GYR,+5.62,-3.31,-16.25
MAG,+0.00,+0.00,+0.00
GRV,+9.80,+0.30,+0.00
Roll,+0.50,+1.75,+359.94
QUA,+1.00,+0.02,-0.00,-0.00
Temperature,28
ACC,+1.42,+0.14,+8.26
LIA,+1.28,-0.08,-0.26
GYR,+0.69,-0.06,-2.25
MAG,+0.00,+0.00,+0.00
GRV,-317.88,+0.25,+0.00
Roll,+0.62,+1.44,+0.50
QUA,+1.00,+0.01,-0.01,-0.00
Temperature,28
ACC,+1.40,+0.54,+8.22
LIA,+0.03,+0.24,-0.29
GYR,+10.06,+1.81,+0.69
MAG,+0.00,+0.00,+0.00
GRV,+9.80,+0.30,+0.00
Roll,+0.44,+1.75,+0.56
QUA,+1.00,+0.02,-0.01,-0.01
Temperature,28
ACC,-0.11,+0.22,+9.54
LIA,-0.14,-0.16,-0.25
GYR,+9.88,+1.56,+0.62
MAG,+0.00,+0.00,+0.00
GRV,+9.79,+0.40,+0.00
Roll,+0.12,+2.31,+0.50
QUA,+1.00,-1.98,-0.01,+2.00
Temperature,28
ACC,+1.28,+0.33,+8.24
LIA,+0.00,-0.07,-0.27
GYR,-3.25,-0.88,+2.12
MAG,+0.00,+0.00,+0.00
GRV,+9.79,+0.40,+0.00
Roll,+0.06,+2.31,+0.38
QUA,-1.00,-1.98,-0.01,-0.00
Temperature,28
ACC,+0.04,+0.43,+9.51
LIA,+1.31,+0.01,-0.28
GYR,+11.12,+1.62,+2.19
MAG,+0.00,+0.00,+0.00
GRV,+9.79,+0.42,+0.00
Roll,+0.06,+2.44,+0.19
QUA,+1.00,+0.02,-0.00,-0.00
Temperature,28
ACC,+0.01,+0.27,+9.55
LIA,+1.30,-0.14,-0.24
GYR,-2.06,-0.38,-1.69
MAG,+0.00,+0.00,+0.00
GRV,+9.79,+0.41,+0.00
Roll,+0.00,+2.38,+0.31
QUA,+1.00,+0.02,+0.00,-0.00
Temperature,28
ACC,+1.28,+0.37,+9.53
LIA,+1.28,-0.04,-0.26
GYR,-0.44,-1.44,-0.50
MAG,+0.00,+0.00,+0.00
GRV,-317.89,+0.42,+0.00
Roll,+0.00,+2.44,+0.31
QUA,+1.00,+0.02,+0.00,-0.00
Temperature,28
ACC,+1.28,+0.40,+9.52
LIA,+1.28,-0.03,-0.26
GYR,+1.25,+0.19,+0.94
MAG,+0.00,+0.00,+0.00
GRV,+9.79,+0.44,+0.00
Roll,+0.00,+2.56,+0.25
QUA,-1.00,+0.02,-0.01,-0.00
Temperature,28
ACC,-0.03,+0.41,+9.56
LIA,-0.02,-0.02,-0.22
GYR,-0.06,+1.38,+1.38
MAG,+0.00,+0.00,+0.00
GRV,+9.79,+0.43,+0.00
Roll,+0.00,+2.50,+0.12
QUA,+1.00,+0.02,+0.00,-0.01
Temperature,28
ACC,+0.12,+0.44,+9.54
LIA,+1.39,+0.12,-0.25
GYR,+2042.94,+0.06,+7.44
MAG,+8.00,+0.00,+0.00
GRV,+9.80,+0.32,+0.00
Roll,+0.06,+1.81,+359.00
QUA,+1.00,+0.02,-0.00,+0.01
Temperature,28
ACC,-0.04,+0.27,+9.51
LIA,-0.05,-0.08,-0.28
GYR,+1.06,+1.19,+3.94
MAG,+0.00,+0.00,+0.00
GRV,-319.17,+0.36,+0.00
Roll,+0.00,+2.06,+359.38
QUA,+1.00,+0.02,-0.00,+0.01
Temperature,28
ACC,-0.02,+0.27,+8.25
LIA,+1.28,+0.00,-0.28
GYR,-0.44,+0.00,+2.25
MAG,+0.00,+0.00,+0.00
GRV,+8.51,+0.37,+0.00
Roll,+0.00,+2.19,-1688.88
QUA,+1.00,+0.02,+0.00,+0.01
Temperature,28
ACC,-0.06,+1.34,+8.30
LIA,-0.06,-0.29,-0.21
GYR,-1.56,+0.00,-0.50
MAG,+0.00,+0.00,+0.00
GRV,+9.80,+0.35,+0.00
Roll,+0.00,+2.00,+359.06
QUA,-1.00,+0.02,+0.00,-1.99
Temperature,28
ACC,+0.01,+0.31,+9.55
LIA,+1.29,-0.03,-0.24
GYR,+9.12,+0.44,-0.25
MAG,+0.00,+0.00,+0.00
GRV,+9.80,+0.34,+0.00
Roll,+0.00,+2.00,+359.12
QUA,+1.00,+0.02,+0.00,+0.01
Temperature,28
ACC,+0.05,+0.44,+9.52
LIA,-0.03,-0.01,-0.26
GYR,+0.44,-0.06,+0.75
MAG,+0.00,+0.00,+0.00
GRV,-317.88,+0.34,+0.00
Roll,+0.00,+2.00,-1688.88
QUA,+1.00,+0.02,+0.00,+0.01
Temperature,-100
ACC,+0.00,+0.39,+9.52
LIA,+0.00,+0.03,-0.27
GYR,+1.12,-0.19,-1.88
MAG,+0.00,+0.00,+0.00
GRV,+9.79,+0.36,+0.00
Roll,+0.00,+2.06,-1688.88
QUA,+1.00,+0.02,+0.00,-1.99
Temperature,28
ACC,+1.28,+0.56,+8.24
LIA,+1.28,+0.19,-0.27
GYR,-1.25,-0.19,+0.69
MAG,+0.00,+0.00,+0.00
GRV,+9.79,+0.36,+0.00
Roll,+0.00,+2.12,+359.06
QUA,-1.00,+0.02,+0.00,+0.01
Temperature,28
ACC,+0.10,+0.50,+9.50
LIA,+1.38,+0.14,-0.29
GYR,-0.56,+8.81,-9.06
MAG,+0.00,+0.00,+0.00
GRV,+9.80,+0.36,+0.00
Roll,+0.00,+2.06,+359.06
QUA,+1.00,+0.02,+0.00,+0.01
Temperature,28
ACC,-0.06,+0.16,+9.59
LIA,-0.03,-0.21,-0.20
GYR,-1.62,+0.19,+2.62
MAG,+0.00,+0.00,+0.00
GRV,-317.89,+1.66,+0.00
Roll,-0.12,+2.19,+359.12
QUA,+1.00,+0.02,+0.00,+0.01
Temperature,28
ACC,-0.02,+0.35,+9.55
LIA,+1.28,-0.01,-0.24
GYR,-2.12,-0.75,-1.19
MAG,+0.00,+0.00,+0.00
GRV,+8.51,+1.64,+0.00
Roll,-0.12,+2.12,-1688.88
QUA,+1.00,+0.02,+0.00,+0.01
Temperature,28
ACC,-0.01,+0.26,+9.55
LIA,+1.28,-0.03,-0.26
GYR,-3.38,-0.81,+0.19
MAG,+0.00,+0.00,+0.00
GRV,-319.16,+0.29,+0.00
Roll,-8.06,+1.69,-1688.88
QUA,+1.00,+0.02,+0.00,+0.01
Temperature,28
ACC,-0.02,+0.27,+8.26
LIA,+1.30,+0.05,-0.23
GYR,-0.62,+0.62,+0.31
MAG,+0.00,+0.00,+0.00
GRV,-319.16,+0.28,+0.00
Roll,+0.00,+1.69,+359.25
QUA,+1.00,+0.01,+0.00,+0.01
Temperature,28
ACC,-0.12,+1.52,+9.56
LIA,-0.14,-0.16,-0.24
GYR,+0.75,+0.38,+1.88
MAG,+0.00,+0.00,+0.00
GRV,+9.80,+0.33,+0.00
Roll,-8.12,+1.94,+359.31
QUA,+1.00,+0.02,+0.00,+0.01
Temperature,-100
ACC,+1.28,+0.24,+8.23
LIA,-0.02,-0.13,-0.24
GYR,+0.38,-0.31,+0.88
MAG,+0.00,+0.00,+0.00
GRV,+9.80,+0.32,+0.00
Roll,-8.12,+1.88,+359.25
QUA,-1.00,+0.02,+0.00,-1.99
Temperature,28
ACC,-0.04,+1.63,+8.27
LIA,+1.28,+0.07,-0.27
GYR,+1.44,+0.06,-3.31
MAG,+0.00,+0.00,+0.00
GRV,+9.80,+0.33,+0.00
Roll,-0.12,+1.94,-1688.75
QUA,+1.00,+0.02,+0.00,+0.01
Temperature,28
ACC,-0.01,+0.39,+8.27
LIA,+1.30,+0.03,-1.52
GYR,+0.75,+1.00,+1.12
MAG,+0.00,+0.00,+0.00
GRV,+9.79,+0.36,+0.00
Roll,-8.19,+2.06,+359.31
QUA,-1.00,+0.02,+0.00,-1.99
Temperature,-100
ACC,-0.06,+0.25,+8.26
LIA,-0.02,-0.10,-0.25
GYR,+0.69,-0.19,-0.25
MAG,+0.00,+0.00,+0.00
GRV,+9.80,+0.35,+0.00
Roll,-8.25,+10.06,-1688.75
QUA,+1.00,+0.02,+0.00,+0.01
Temperature,28
ACC,-0.04,+0.35,+9.54
LIA,+0.00,+0.00,-1.53
GYR,-0.31,+8.25,+1.00
MAG,+0.00,+0.00,+0.00
GRV,+9.80,+0.35,+0.00
Roll,-0.19,+2.06,+359.25
QUA,-1.00,+0.02,+0.00,-1.99
Temperature,28
ACC,-0.03,+0.32,+9.53
LIA,+1.28,-0.03,-0.26
GYR,-0.44,-0.31,+1.12
MAG,+0.00,+0.00,+0.00
GRV,-317.88,+1.63,+0.00
Roll,-0.19,+2.00,+359.12
QUA,+1.00,+0.02,+0.00,+0.01
Temperature,28
ACC,+0.25,+1.19,+9.48
LIA,+1.57,+0.88,-0.32
GYR,-1.94,-0.06,+4.62
MAG,+0.00,+0.00,+0.00
GRV,+8.52,+1.59,+0.00
Roll,-0.19,+1.81,-1681.56
QUA,+1.00,+0.02,+0.00,+0.01
Temperature,-100
ACC,+1.28,+0.38,+9.49
LIA,+1.39,+0.21,-0.29
GYR,+3.19,+1.44,+2.50
MAG,+0.00,+0.00,+0.00
GRV,-317.88,+1.63,+0.00
Roll,-8.25,+2.06,+366.75
QUA,+1.00,+0.02,+0.00,+0.01
Temperature,-100
ACC,-0.06,+1.53,+8.26
LIA,-0.01,-0.20,-0.22
GYR,+1.69,+0.69,-0.81
MAG,+0.00,+0.00,+0.00
GRV,-317.89,+0.40,+0.00
Roll,-0.38,+2.31,-1681.31
QUA,+1.00,+0.02,+0.00,+0.01
Temperature,28
ACC,-0.11,+1.67,+8.25
LIA,-0.05,-0.02,-0.26
GYR,+10.38,-0.12,-1.25
MAG,+0.00,+0.00,+0.00
GRV,+9.79,+0.42,+0.00
Roll,-0.38,+2.44,+358.88
QUA,+1.00,+0.02,+0.00,+0.00
Temperature,28
ACC,-0.07,+0.49,+8.23
LIA,+1.28,+0.05,-0.28
GYR,+8.88,+0.81,-0.19
MAG,+0.00,+0.00,+0.00
GRV,+9.79,+0.44,+0.00
Roll,-0.38,+2.56,+367.06
QUA,+1.00,+0.02,-2.00,+0.01
Temperature,-100
ACC,-0.09,+0.53,+8.25
LIA,-0.01,+0.07,-1.54
GYR,+9.19,-0.38,-1.06
MAG,+0.00,+0.00,+0.00
GRV,+9.79,+0.46,+0.00
Roll,-0.44,+10.69,+359.25
QUA,+1.00,+0.02,-2.00,-1.99
Temperature,28
ACC,-0.07,+0.57,+9.50
LIA,+1.28,+0.08,-1.56
GYR,+10.00,+0.69,-1.69
MAG,+0.00,+0.00,+0.00
GRV,+9.79,+0.49,+0.00
Roll,-8.44,+2.88,+359.44
QUA,+1.00,+0.02,+0.00,+0.00
Temperature,28
ACC,-0.05,+0.53,+9.51
LIA,+1.30,+0.01,-0.27
GYR,+8.56,-0.31,+1.25
MAG,+0.00,+0.00,+0.00
GRV,+9.79,+0.51,+0.00
Roll,-0.44,+3.00,+359.50
QUA,-1.00,+0.02,+0.00,-2.00
Temperature,28
ACC,-0.07,+0.46,+9.57
LIA,+0.00,-0.04,-0.22
GYR,+8.44,+0.12,-10.06
MAG,+8.00,+0.00,+0.00
GRV,+9.79,+0.50,+0.00
Roll,-0.44,+2.94,+359.62
QUA,+1.00,+0.03,+0.00,+0.00
Temperature,28
ACC,-0.09,+0.39,+9.54
LIA,+1.28,-0.10,-0.24
GYR,+0.62,-0.06,-2.31
MAG,+0.00,+0.00,+0.00
GRV,+9.79,+0.49,+0.00
Roll,-0.44,+2.88,+359.75
QUA,+1.00,+0.03,+0.00,+0.00
Temperature,29
ACC,-0.12,+0.58,+9.54
LIA,+1.28,+0.07,-0.29
GYR,-0.81,+0.69,+4.69
MAG,+0.00,+0.00,+0.00
GRV,-317.89,+1.81,+0.00
Roll,-8.50,+11.12,+367.69
QUA,+1.00,+0.03,+0.00,+0.00
Temperature,29
ACC,-0.09,+1.75,+8.30
LIA,-0.02,+0.00,-0.22
GYR,+1.56,+0.00,-2.12
MAG,+8.00,+0.00,+0.00
GRV,-317.89,+1.75,+0.00
Roll,-8.56,+10.75,+359.00
QUA,+1.00,+0.02,+0.01,+0.01
Temperature,29
ACC,-0.10,+0.53,+8.22
LIA,+1.28,+0.04,-0.28
GYR,+8.94,+0.25,-6.06
MAG,+0.00,+0.00,+0.00
GRV,+9.79,+0.49,+0.00
Roll,-8.56,+10.88,+359.50
QUA,+1.00,+0.03,-1.99,+0.00
Temperature,29
ACC,-0.07,+1.87,+8.28
LIA,+0.03,+0.10,-0.23
GYR,+0.50,+0.38,-5.31
MAG,+0.00,+0.00,+0.00
GRV,+9.79,+0.49,+0.00
Roll,-8.62,+2.88,+359.94
QUA,-1.00,+0.02,+0.01,+0.00
Temperature,29
ACC,-0.22,+0.75,+9.58
LIA,-0.06,+0.16,-0.20
GYR,+2.31,+2.06,+9.19
MAG,+0.00,+0.00,+0.00
GRV,+9.78,+0.59,+0.00
Roll,-0.94,+11.44,+367.94
QUA,-1.00,+0.02,+0.00,+0.00
Temperature,29
ACC,-0.23,+0.48,+8.25
LIA,-0.05,-0.12,-0.24
GYR,+1.88,+2.44,+1.94
MAG,+0.00,+0.00,+0.00
GRV,+9.78,+0.61,+0.00
Roll,-1.06,+3.56,-1688.88
QUA,+1.00,+0.03,+0.01,-1.99
Temperature,29
ACC,-0.22,+1.98,+8.24
LIA,-0.02,+0.07,-1.53
GYR,+8.44,+1.94,+2.31
MAG,+0.00,+0.00,+0.00
GRV,+9.78,+0.63,+0.00
Roll,-1.19,+3.69,+359.06
QUA,+1.00,+0.03,+0.00,+0.00
Temperature,29
ACC,-0.24,+0.83,+9.50
LIA,+1.28,+0.18,-0.28
GYR,+1.69,+2.81,+0.50
MAG,+0.00,+0.00,+0.00
GRV,+9.78,+0.65,+0.00
Roll,-1.44,+3.81,+359.06
QUA,+1.00,+0.03,+0.01,+0.00
Temperature,29
ACC,-0.22,+0.96,+9.51
LIA,+1.37,+0.23,-0.25
GYR,+9.12,-4.38,+2.94
MAG,+0.00,+0.00,+0.00
GRV,+8.49,+0.73,+0.00
Roll,-1.75,+4.31,+358.38
QUA,+1.00,+0.04,+0.02,+0.01
Temperature,29
ACC,-0.29,+0.79,+9.45
LIA,+1.33,-0.02,-0.31
GYR,+13.12,+1.12,-1.00
MAG,+0.00,+0.00,+0.00
GRV,+8.48,+0.82,+0.00
Roll,-10.00,-2035.19,+366.06
QUA,+1.00,+0.04,+0.02,+0.02
Temperature,29
ACC,-0.41,+2.04,+9.56
LIA,-0.03,+0.00,-0.22
GYR,-1.31,+2.94,-1.12
MAG,+0.00,+0.00,+0.00
GRV,+8.48,+0.83,+0.00
Roll,-2.12,+12.88,+358.25
QUA,+1.00,+0.04,+0.02,+0.02
Temperature,29
ACC,-0.49,-325.26,+8.20
LIA,+1.30,+0.48,-0.23
GYR,-1.38,+8.38,+5.31
MAG,+0.00,+0.00,+0.00
GRV,+9.74,+0.93,+0.00
Roll,-10.94,+13.44,-1690.00
QUA,+1.00,+0.05,+0.03,+0.02
Temperature,29
ACC,-0.51,+2.17,+8.23
LIA,+1.39,+0.06,-0.19
GYR,+3.56,-1.25,+1.25
MAG,+0.00,+0.00,+0.00
GRV,+9.73,+1.05,+0.00
Roll,-3.31,-2041.88,+357.56
QUA,+1.00,-1.95,+0.03,+0.02
Temperature,29
ACC,-0.60,+0.80,+8.23
LIA,-0.05,-0.24,-0.27
GYR,+1.69,-2.00,-0.94
MAG,+0.00,+0.00,+0.00
GRV,+9.73,+1.09,+0.00
Roll,-10.94,+6.38,+357.50
QUA,+1.00,+0.06,+0.02,+0.02
Temperature,29
ACC,-0.35,+2.24,+8.23
LIA,+1.33,+0.02,-0.23
GYR,-7.94,-0.75,+2.00
MAG,+0.00,+0.00,+0.00
GRV,+9.75,+0.92,+0.00
Roll,-2.38,+13.38,-1690.44
QUA,-1.00,+0.04,+0.02,+0.02
Temperature,-99
ACC,-0.36,+2.17,+8.22
LIA,+1.30,+0.02,-0.25
GYR,-2.50,+1.75,-1.00
MAG,+0.00,+0.00,+0.00
GRV,+9.76,+0.86,+0.00
Roll,-10.31,+5.06,+357.50
QUA,-1.00,+0.04,+0.02,+0.02
Temperature,-99
ACC,-0.37,-325.51,+8.23
LIA,+1.32,+0.03,-0.24
GYR,+10.38,-0.69,-0.44
MAG,+0.00,+0.00,+0.00
GRV,+9.75,+0.86,+0.00
Roll,-2.44,+5.00,+357.50
QUA,+1.00,-1.96,+0.02,-1.98
Temperature,29
ACC,-0.40,-325.55,+8.24
LIA,+1.28,+0.00,-1.51
GYR,+8.44,-0.62,-0.31
MAG,+8.00,+0.00,+0.00
GRV,+9.76,+0.84,+0.00
Roll,-10.38,-2035.06,+357.50
QUA,+1.00,+0.04,+0.02,+0.02
Temperature,-99
ACC,-0.36,+0.84,+9.55
LIA,+0.05,+0.00,-0.20
GYR,+0.56,+0.56,-0.44
MAG,+0.00,+0.00,+0.00
GRV,+9.76,+0.84,+0.00
Roll,-10.38,+12.88,+357.50
QUA,-1.00,+0.03,+0.02,-1.98
Temperature,29
ACC,-0.42,+0.82,+9.51
LIA,+0.01,+0.01,-0.24
GYR,-1.00,+0.94,+0.25
MAG,+0.00,+0.00,+0.00
GRV,+9.76,+0.81,+0.00
Roll,-10.50,-2043.31,-1682.50
QUA,+1.00,+0.04,+0.02,-1.98
Temperature,29
ACC,-0.45,-325.61,+9.52
LIA,+1.28,+0.02,-0.23
GYR,-2.38,+1.69,+0.25
MAG,+0.00,+0.00,+0.00
GRV,+8.48,+0.76,+0.00
Roll,-2.69,+12.44,-1690.50
QUA,-1.00,+0.04,+0.02,+0.02
Temperature,-99
ACC,-0.46,-325.66,+8.26
LIA,+1.30,+0.00,-0.22
GYR,-1.50,+0.62,+0.06
MAG,+0.00,+0.00,+0.00
GRV,+9.76,+0.73,+0.00
Roll,-10.88,+4.31,-1682.62
QUA,-1.00,+0.04,+0.03,-1.98
Temperature,29
ACC,-0.49,+0.76,+9.51
LIA,+1.30,+0.04,-0.22
GYR,+0.38,+0.19,-1.50
MAG,+0.00,+0.00,+0.00
GRV,-317.92,+0.72,+0.00
Roll,-10.94,-2035.81,-1690.62
QUA,-1.00,-1.96,+0.02,+0.02
Temperature,29
ACC,-0.44,+1.15,+9.45
LIA,+1.39,+0.25,-0.28
GYR,+10.00,+2.19,+4.44
MAG,+8.00,+0.00,+0.00
GRV,-319.20,-325.61,+0.00
Roll,-11.00,+4.62,-1690.69
QUA,+1.00,+0.04,+0.03,+0.02
Temperature,29
ACC,-0.34,+0.68,+9.62
LIA,+1.33,-0.04,-0.23
GYR,+8.56,-0.69,+0.69
MAG,+0.00,+0.00,+0.00
GRV,-317.92,-325.61,+0.00
Roll,-10.44,-2035.38,-1682.88
QUA,+1.00,+0.04,+0.02,+0.02
Temperature,29
ACC,-0.45,+0.80,+9.51
LIA,+0.00,+0.00,-0.24
GYR,-0.56,+0.62,-0.56
MAG,+0.00,+0.00,+0.00
GRV,+9.76,+0.79,+0.00
Roll,-10.56,+12.62,-1690.81
QUA,+1.00,+0.04,+0.02,+0.02
Temperature,29
ACC,-0.43,-326.88,+9.54
LIA,+1.31,+0.01,-0.24
GYR,-1.56,+1.75,+0.25
MAG,+0.00,+0.00,+0.00
GRV,+9.76,+0.77,+0.00
Roll,-2.69,-2035.50,+357.06
QUA,+1.00,+0.04,+0.02,+0.03
Temperature,29
ACC,-0.47,+2.04,+8.22
LIA,+0.00,+0.00,-0.26
GYR,+0.88,-0.38,-1.19
MAG,+0.00,+0.00,+0.00
GRV,+9.76,+0.77,+0.00
Roll,-2.75,+4.50,+357.12
QUA,-1.00,-1.96,+0.02,+0.02
Temperature,29
ACC,-0.49,+0.79,+9.51
LIA,-0.01,+0.02,-1.52
GYR,-0.50,+0.12,-0.50
MAG,+0.00,+0.00,+0.00
GRV,+9.76,+0.77,+0.00
Roll,-2.75,+4.50,+357.25
QUA,-1.00,+0.04,+0.02,+0.02
Temperature,29
ACC,-0.47,+0.89,+9.52
LIA,-0.01,+0.11,-0.24
GYR,+8.44,-10.12,-1.94
MAG,+0.00,+0.00,+0.00
GRV,+9.76,+0.78,+0.00
Roll,-2.62,+4.56,+357.44
QUA,+1.00,+0.04,+0.02,+0.02
Temperature,29
ACC,-0.50,+0.91,+9.47
LIA,-0.02,+0.00,-0.27
GYR,+2.75,-8.12,-4.12
MAG,+8.00,+0.00,+0.00
GRV,+9.75,+0.92,+0.00
Roll,-2.69,+5.38,+357.75
QUA,+1.00,+0.05,+0.02,+0.02
Temperature,29
ACC,-0.33,+0.94,+9.53
LIA,+1.34,+0.04,-0.21
GYR,-4.38,-5.12,-0.94
MAG,+0.00,+0.00,+0.00
GRV,+9.75,-325.51,+0.00
Roll,-2.31,+5.25,+358.00
QUA,+1.00,+0.05,+0.02,+0.02
Temperature,29
ACC,-0.42,+0.86,+9.50
LIA,-0.01,+0.03,-0.27
GYR,-5.31,+0.19,-1.25
MAG,+8.00,+0.00,+0.00
GRV,+8.48,+2.10,+0.00
Roll,-2.50,+4.81,-1682.00
QUA,+1.00,+0.04,+0.02,+0.02
Temperature,29
ACC,-0.24,+2.03,+8.21
LIA,+1.28,+0.05,-0.34
GYR,-2.56,-1.75,-4.19
MAG,+0.00,+0.00,+0.00
GRV,+9.77,+0.68,+0.00
Roll,-9.75,+3.94,+358.56
QUA,+1.00,+0.03,+0.02,+0.01
Temperature,29
ACC,-0.19,+0.54,+8.28
LIA,+0.02,+0.00,-1.50
GYR,-4.50,-2.50,+0.25
MAG,+0.00,+0.00,+0.00
GRV,+9.78,+0.54,+0.00
Roll,-1.25,+11.12,+366.69
QUA,+1.00,-1.97,+0.01,+0.01
Temperature,29
ACC,-0.21,+0.49,+8.17
LIA,-0.02,+1.28,-0.34
GYR,-1.12,-0.19,+0.62
MAG,+0.00,+0.00,+0.00
GRV,+9.79,+0.48,+0.00
Roll,-1.06,+2.81,+358.75
QUA,-1.00,+0.02,+0.01,+0.00
Temperature,29
ACC,-0.17,+0.42,+9.55
LIA,-0.01,-0.03,-0.23
GYR,-3.06,-0.69,+8.56
MAG,+0.00,+0.00,+0.00
GRV,+9.79,+0.44,+0.00
Roll,-0.88,+2.56,+358.75
QUA,+1.00,+0.02,+0.01,+0.01
Temperature,29
ACC,-0.14,+0.37,+9.58
LIA,+1.29,-0.03,-0.21
GYR,-1.06,+0.06,-0.88
MAG,+0.00,+0.00,+0.00
GRV,+9.79,+1.69,+0.00
Roll,-0.88,+2.38,+358.88
QUA,+1.00,+0.02,+0.01,+0.01
Temperature,29
ACC,-0.13,+0.36,+9.54
LIA,+1.29,-0.03,-0.25
GYR,+0.12,+0.00,-0.56
MAG,+0.00,+0.00,+0.00
GRV,+9.79,+0.40,+0.00
Roll,-0.88,+2.31,+366.94
QUA,+1.00,+0.02,+0.01,+0.01
Temperature,-99
ACC,-0.11,+1.61,+8.27
LIA,+1.32,-0.06,-0.25
GYR,-0.06,-0.50,-1.19
MAG,+0.00,+0.00,+0.00
GRV,-317.89,+1.67,+0.00
Roll,-0.81,+2.31,-1688.94
QUA,+1.00,+0.02,+0.01,+0.01
Temperature,-99
ACC,-0.08,+1.63,+8.24
LIA,+1.35,-0.06,-0.25
GYR,+0.44,-0.81,-2.94
MAG,+0.00,+0.00,+0.00
GRV,+9.79,+0.40,+0.00
Roll,-8.75,+2.31,-1688.56
QUA,+1.00,+0.02,-1.99,+0.00
Temperature,-99
ACC,-0.11,+1.61,+8.29
LIA,+0.02,-1.36,-0.22
GYR,-0.06,-0.12,-0.56
MAG,+0.00,+0.00,+0.00
GRV,+9.79,+0.41,+0.00
Roll,-8.75,+10.38,+359.62
QUA,+1.00,+0.02,+0.01,+0.00
Temperature,29
ACC,-0.13,+0.36,+8.26
LIA,+0.00,-0.04,-0.25
GYR,-0.19,+0.69,+0.00
MAG,+0.00,+0.00,+0.00
GRV,-317.89,+0.41,+0.00
Roll,-0.81,+2.38,+367.62
QUA,-1.00,-1.98,+0.01,+0.00
Temperature,29
ACC,-0.11,+0.37,+8.25
LIA,+1.31,-0.04,-0.26
GYR,+0.75,+0.31,+0.56
MAG,+0.00,+0.00,+0.00
GRV,+9.79,+0.42,+0.00
Roll,-0.88,+2.44,+359.62
QUA,+1.00,+0.02,+0.01,+0.00
Temperature,29
ACC,-0.11,+1.70,+8.26
LIA,+0.03,+0.00,-1.53
GYR,+0.50,-0.12,+0.38
MAG,+0.00,+0.00,+0.00
GRV,+9.79,+0.42,+0.00
Roll,-0.88,+2.44,+359.62
QUA,-1.00,-1.98,+0.01,+0.00
Temperature,29
ACC,-0.14,+1.67,+9.56
LIA,+1.29,-0.02,-0.22
GYR,-0.44,+1.44,+0.50
MAG,+0.00,+0.00,+0.00
GRV,+9.79,+0.41,+0.00
Roll,-0.94,+2.38,+367.50
QUA,+1.00,-1.98,+0.00,+0.00
Temperature,29
ACC,-0.17,+0.40,+9.55
LIA,+1.28,+0.01,-1.51
GYR,-0.44,+8.88,+0.88
MAG,+0.00,+0.00,+0.00
GRV,+9.79,+0.38,+0.00
Roll,-1.00,+2.25,+359.44
QUA,+1.00,+0.02,+0.00,+0.00
Temperature,29
ACC,-0.13,+0.40,+9.54
LIA,+1.33,+0.02,-0.25
GYR,-0.38,+9.00,+0.62
MAG,+8.00,+0.00,+0.00
GRV,+9.79,+0.37,+0.00
Roll,-1.12,+2.19,+359.31
QUA,+1.00,+0.02,+0.01,+0.01
Temperature,29
ACC,-0.23,+0.40,+9.53
LIA,-0.02,+0.01,-0.26
GYR,+10.06,+0.81,+0.75
MAG,+0.00,+0.00,+0.00
GRV,+9.79,+0.38,+0.00
Roll,-1.25,+2.25,+359.19
QUA,+1.00,+0.02,+0.01,+0.01
Temperature,29
ACC,-0.23,+0.46,+9.57
LIA,+1.28,+0.07,-0.27
GYR,+1.19,+1.94,+1.75
MAG,+0.00,+0.00,+0.00
GRV,+9.79,+0.42,+0.00
Roll,-1.44,+10.44,-1681.00
QUA,+1.00,+0.02,+0.01,+0.01
Temperature,29
ACC,-0.25,+1.80,+8.27
LIA,+1.29,+0.08,-0.23
GYR,-0.62,+1.06,+1.12
MAG,+0.00,+0.00,+0.00
GRV,-317.89,+0.42,+0.00
Roll,-1.75,+2.44,-1689.00
QUA,+1.00,+0.02,+0.02,+0.01
Temperature,29
ACC,-0.28,+1.65,+9.55
LIA,+1.28,+0.02,-1.51
GYR,-2.00,-2.62,-2.12
MAG,+0.00,+0.00,+0.00
GRV,+9.79,+0.35,+0.00
Roll,-9.62,+2.06,+367.19
QUA,-1.00,+0.02,+0.01,+0.01
Temperature,29
ACC,-0.24,+0.34,+8.28
LIA,+1.29,+0.00,-0.22
GYR,-0.19,-1.25,-1.00
MAG,+0.00,+0.00,+0.00
GRV,-317.89,+0.33,+0.00
Roll,-1.44,+1.94,+359.25
QUA,+1.00,+0.02,+0.01,+0.01
Temperature,29
ACC,-0.19,+0.36,+8.27
LIA,+0.02,+0.00,-0.23
GYR,+3.00,-2.00,-1.50
MAG,+0.00,+0.00,+0.00
GRV,+9.79,+0.37,+0.00
Roll,-1.25,+2.12,+359.44
QUA,+1.00,+0.02,+0.01,-2.00
Temperature,29
ACC,-0.09,+0.31,+9.55
LIA,+1.33,-1.38,-0.23
GYR,+2.06,-5.12,-5.50
MAG,+0.00,+0.00,+0.00
GRV,+9.79,+0.42,+0.00
Roll,-0.75,+2.44,+359.94
QUA,+1.00,+0.02,+0.01,+0.00
Temperature,29
ACC,-0.08,+0.39,+9.53
LIA,+1.30,-0.08,-0.25
GYR,+1.12,-1.25,-3.44
MAG,+0.00,+0.00,+0.00
GRV,-319.17,+1.75,+0.00
Roll,-0.62,+2.75,+0.56
QUA,+1.00,+0.02,+0.01,-0.01
Temperature,29
ACC,-0.06,+0.36,+9.55
LIA,+1.31,-0.10,-0.27
GYR,+10.56,-2.88,-0.06
MAG,+0.00,+0.00,+0.00
GRV,+9.79,+1.78,+0.00
Roll,-0.50,+2.94,+0.81
QUA,+1.00,+0.03,+0.00,-0.01
Temperature,29
ACC,-0.06,+0.38,+8.25
LIA,+1.30,-0.09,-0.28
GYR,-2.12,+2.00,+1.06
MAG,+0.00,+0.00,+0.00
GRV,+9.79,+0.49,+0.00
Roll,-0.56,+10.88,+0.81
QUA,-1.00,+0.02,-2.00,+1.98
Temperature,29
ACC,-0.13,+0.41,+8.26
LIA,+1.28,-0.04,-0.28
GYR,-0.81,+1.06,+0.12
MAG,+0.00,+0.00,+0.00
GRV,-319.17,+0.43,+0.00
Roll,-8.88,+2.50,+0.69
QUA,+1.00,-1.98,+0.01,-0.01
Temperature,29
ACC,-0.16,+0.37,+8.27
LIA,+1.30,-0.03,-0.24
GYR,-1.06,+1.00,-0.19
MAG,+0.00,+0.00,+0.00
GRV,+9.79,+0.41,+0.00
Roll,-9.00,+10.38,+0.69
QUA,-1.00,+0.02,+0.01,+1.99
Temperature,-99
ACC,-0.18,+1.66,+9.55
LIA,+1.28,-0.02,-0.24
GYR,-0.44,+0.62,-0.06
MAG,+0.00,+0.00,+0.00
GRV,+9.79,+0.40,+0.00
Roll,-1.06,+2.31,+8.69
QUA,+1.00,-1.98,+0.01,-0.01
Temperature,29
ACC,-0.19,+0.38,+8.27
LIA,+1.28,-1.29,-0.24
GYR,-0.44,+0.62,+0.00
MAG,+0.00,+0.00,+0.00
GRV,+9.79,+0.40,+0.00
Roll,-9.12,+10.31,+0.69
QUA,+1.00,+0.02,+0.00,+1.99
Temperature,29
ACC,-0.20,+1.66,+9.53
LIA,+1.28,-0.01,-0.26
GYR,-0.31,+0.50,-0.19
MAG,+0.00,+0.00,+0.00
GRV,+9.79,+0.40,+0.00
Roll,-1.19,+2.31,+0.69
QUA,-1.00,-1.98,+0.00,+1.99
Temperature,29
ACC,-0.22,+0.38,+8.28
LIA,+1.28,-1.29,-0.22
GYR,-0.12,+0.38,-0.06
MAG,+0.00,+0.00,+0.00
GRV,+9.79,+0.40,+0.00
Roll,-1.25,+2.31,+0.69
QUA,-1.00,-1.98,+0.00,-0.01
Temperature,29
ACC,-0.24,+0.37,+9.56
LIA,-0.02,-0.02,-0.23
GYR,-0.06,+0.25,+0.06
MAG,+0.00,+0.00,+0.00
GRV,+9.79,+0.40,+0.00
Roll,-1.25,+2.31,+0.69
QUA,+1.00,+0.02,+0.00,+1.99
Temperature,-99
ACC,-0.26,+0.37,+9.55
LIA,-0.04,-0.02,-0.24
GYR,-0.31,+0.06,-0.06
MAG,+8.00,+0.00,+0.00
GRV,+8.51,+0.40,+0.00
Roll,-1.25,+2.31,+0.69
QUA,+1.00,+0.02,+0.01,-0.01
Temperature,29
ACC,-0.24,+0.37,+8.27
LIA,-0.03,-0.04,-0.23
GYR,-0.12,+0.19,+0.00
MAG,+0.00,+0.00,+0.00
GRV,-319.17,+0.40,+0.00
Roll,-9.25,+10.31,+0.69
QUA,+1.00,+0.02,+0.01,-0.01
Temperature,29
ACC,-0.26,+0.35,+8.26
LIA,-0.04,-0.04,-0.25
GYR,-0.25,-0.31,+0.31
MAG,+0.00,+0.00,+0.00
GRV,+9.79,+0.40,+0.00
Roll,-9.25,+2.31,+0.69
QUA,-1.00,+0.02,+0.00,+1.99
Temperature,29
ACC,-0.23,+1.65,+8.29
LIA,-0.01,-0.02,-0.22
GYR,+0.44,-0.75,+0.19
MAG,+0.00,+0.00,+0.00
GRV,+9.79,+0.40,+0.00
Roll,-1.25,+2.38,+0.69
QUA,+1.00,+0.02,+0.01,-0.01
Temperature,29
ACC,-0.24,+0.34,+9.55
LIA,-0.04,-0.05,-0.23
GYR,-1.06,-0.88,+8.19
MAG,+0.00,+0.00,+0.00
GRV,+9.79,+0.40,+0.00
Roll,-1.12,+2.31,+0.69
QUA,+1.00,+0.02,+0.00,+1.99
Temperature,29
ACC,-0.24,+0.32,+9.54
LIA,-0.05,-0.07,-0.24
GYR,-0.31,-0.12,+8.25
MAG,+0.00,+0.00,+0.00
GRV,+9.79,+0.39,+0.00
Roll,-1.12,+2.25,+0.69
QUA,+1.00,+0.02,+0.01,-0.01
Temperature,-99
ACC,-0.23,+0.31,+9.54
LIA,-0.03,-0.06,-0.23
GYR,+8.44,-0.12,+0.38
MAG,+0.00,+0.00,+0.00
GRV,-317.89,+0.39,+0.00
Roll,-9.12,+2.25,+8.69
QUA,+1.00,+0.02,+0.01,-0.01
Temperature,29
ACC,-0.26,+0.29,+9.59
LIA,-0.07,-0.04,-0.25
GYR,+0.31,+0.06,+0.06
MAG,+0.00,+0.00,+0.00
GRV,+9.79,+0.38,+0.00
Roll,-1.12,+10.25,+8.69
QUA,+1.00,+0.02,+0.01,-0.01
Temperature,29
ACC,-0.25,+1.60,+9.55
LIA,-0.05,-0.07,-0.23
GYR,+0.31,-0.38,+0.25
MAG,+0.00,+0.00,+0.00
GRV,-317.89,+0.39,+0.00
Roll,-1.12,+10.25,+8.69
QUA,+1.00,-1.98,+0.00,-0.01
Temperature,29
ACC,-0.24,+1.59,+9.57
LIA,-0.05,-0.07,-0.22
GYR,+8.38,+0.00,+0.00
MAG,+0.00,+0.00,+0.00
GRV,+9.79,+0.39,+0.00
Roll,-1.12,+10.25,+0.69
QUA,-1.00,-1.98,+0.00,-0.01
Temperature,29
ACC,-0.26,+1.61,+8.27
LIA,-0.07,-0.06,-0.23
GYR,+0.31,-0.25,+0.25
MAG,+0.00,+0.00,+0.00
GRV,+9.79,+0.39,+0.00
Roll,-1.12,+2.25,+0.69
QUA,-1.00,+0.02,+0.00,-0.01
Temperature,29
ACC,-0.26,+0.32,+9.56
LIA,-0.06,-0.07,-0.23
GYR,+0.38,-0.19,+0.12
MAG,+0.00,+0.00,+0.00
GRV,+9.79,+0.39,+0.00
Roll,-1.12,+2.25,+0.69
QUA,+1.00,+0.02,+0.00,-0.01
Temperature,29
ACC,-0.24,+0.31,+9.57
LIA,-0.05,-0.08,-0.22
GYR,+0.00,+0.06,-8.06
MAG,+0.00,+0.00,+0.00
GRV,+9.79,+0.39,+0.00
Roll,-1.12,+2.25,+0.69
QUA,+1.00,+0.02,+0.01,-0.01
Temperature,-99
ACC,-0.24,+0.30,+9.56
LIA,-0.05,-0.07,-0.22
GYR,+8.06,+0.25,+0.12
MAG,+0.00,+0.00,+0.00
GRV,-319.17,+1.67,+0.00
Roll,-9.12,+2.25,+0.69
QUA,+1.00,+0.02,+0.01,-0.01
Temperature,-99
ACC,-0.27,+1.58,+9.54
LIA,-0.06,-0.07,-0.23
GYR,-0.25,+0.50,+0.06
MAG,+0.00,+0.00,+0.00
GRV,-319.17,+1.67,+0.00
Roll,-9.12,+2.25,+8.69
QUA,+1.00,+0.02,+0.01,-0.01
Temperature,29
ACC,-0.28,+1.57,+8.26
LIA,-0.08,-0.10,-0.25
GYR,+8.19,+0.62,+0.00
MAG,+0.00,+0.00,+0.00
GRV,+9.79,+0.39,+0.00
Roll,-1.12,+2.25,+0.69
QUA,-1.00,+0.02,+0.01,-0.01
Temperature,29
ACC,-0.28,+1.60,+8.24
LIA,-0.08,-0.06,-0.26
GYR,+0.25,+0.12,-0.12
MAG,+0.00,+0.00,+0.00
GRV,+9.79,+0.39,+0.00
Roll,-9.12,+2.25,+0.69
QUA,-1.00,-1.98,+0.01,+1.99
Temperature,29
ACC,-0.29,+0.29,+8.27
LIA,-0.09,-0.10,-0.23
GYR,-0.06,+0.12,-0.12
MAG,+0.00,+0.00,+0.00
GRV,+9.79,+0.39,+0.00
Roll,-1.12,+2.25,+0.69
QUA,+1.00,-1.98,+0.00,-0.01
Temperature,-99
ACC,-0.30,+0.27,+8.23
LIA,-0.10,-0.11,-0.28
GYR,+8.06,-0.19,+0.12
MAG,+0.00,+0.00,+0.00
GRV,+9.79,+0.39,+0.00
Roll,-1.12,+2.25,+0.69
QUA,-1.00,+0.02,+0.00,+1.99
Temperature,29
ACC,-0.28,+0.33,+9.55
LIA,-0.08,-0.06,-0.23
GYR,+0.00,-8.12,+8.00
MAG,+0.00,+0.00,+0.00
GRV,+9.79,+0.39,+0.00
Roll,-1.12,+2.25,+0.69
QUA,+1.00,+0.02,+0.01,-0.01
Temperature,29
ACC,-0.32,+0.28,+9.52
LIA,-0.12,-0.10,-0.27
GYR,-0.06,-0.50,+0.00
MAG,+8.00,+0.00,+0.00
GRV,+9.79,+0.39,+0.00
Roll,-1.12,+2.25,+0.69
QUA,+1.00,+0.02,+0.01,-0.01
Temperature,29
ACC,-0.26,+1.58,+9.56
LIA,-0.08,-0.11,-0.24
GYR,+8.31,-0.38,-0.06
MAG,+0.00,+0.00,+0.00
GRV,+8.51,+0.39,+0.00
Roll,-1.12,+10.25,+8.69
QUA,+1.00,+0.02,+0.01,-0.01
Temperature,29
ACC,-0.29,+0.27,+8.27
LIA,-0.07,-0.11,-0.23
GYR,+8.62,-0.25,-0.12
MAG,+0.00,+0.00,+0.00
GRV,-317.89,+0.39,+0.00
Roll,-9.12,+10.31,+8.69
QUA,+1.00,+0.02,+0.01,-0.01
Temperature,29
ACC,-0.26,+0.28,+9.55
LIA,-0.07,-0.10,-0.26
GYR,-0.19,+0.06,-0.19
MAG,+0.00,+0.00,+0.00
GRV,+9.79,+0.39,+0.00
Roll,-9.12,+10.25,+8.69
QUA,+1.00,-1.98,+0.01,-0.01
Temperature,29
ACC,-0.26,+0.26,+8.29
LIA,-0.06,-0.12,-0.22
GYR,-0.19,-0.19,+0.38
MAG,+0.00,+0.00,+0.00
GRV,-317.89,+0.39,+0.00
Roll,-1.12,+2.25,+0.69
QUA,-1.00,+0.02,+0.01,-0.01
Temperature,29
ACC,-0.25,+0.27,+8.26
LIA,-0.05,-0.11,-0.24
GYR,-0.06,-0.56,+0.25
MAG,+0.00,+0.00,+0.00
GRV,+9.79,+0.39,+0.00
Roll,-9.12,+2.25,+8.69
QUA,-1.00,-1.98,+0.00,+1.99
Temperature,29
ACC,-0.26,+1.56,+9.57
LIA,-0.06,-0.10,-0.22
GYR,-0.25,-0.38,+0.38
MAG,+0.00,+0.00,+0.00
GRV,+9.79,+0.39,+0.00
Roll,-1.12,+10.25,+8.69
QUA,-1.00,-1.98,+0.01,-0.01
Temperature,29
ACC,-0.23,+1.54,+9.56
LIA,-0.04,-0.12,-0.23
GYR,+0.00,+0.00,+0.00
MAG,+0.00,+0.00,+0.00
GRV,+9.79,+0.39,+0.00
Roll,-9.12,+10.25,+0.69
QUA,-1.00,+0.02,+0.00,+1.99
Temperature,29
ACC,-0.23,+0.30,+9.56
LIA,-0.04,-0.08,-0.23
GYR,+8.44,-0.06,+0.00
MAG,+0.00,+0.00,+0.00
GRV,+9.79,+0.39,+0.00
Roll,-1.12,+2.25,+0.69
QUA,+1.00,+0.02,+0.01,-0.01
Temperature,29
ACC,-0.26,+0.23,+9.52
LIA,-0.07,-0.15,-0.27
GYR,+0.25,-0.38,-0.31
MAG,+0.00,+0.00,+0.00
GRV,-319.17,+0.39,+0.00
Roll,-1.12,+10.25,+0.69
QUA,+1.00,+0.02,+0.01,-0.01
Temperature,29
ACC,-0.26,+0.27,+9.50
LIA,-0.07,-0.16,-0.28
GYR,+2.19,+0.69,-1.31
MAG,+0.00,+0.00,+0.00
GRV,+8.51,+0.43,+0.00
Roll,-1.12,+2.50,+0.81
QUA,+1.00,+0.02,+0.01,-0.01
Temperature,29
ACC,-0.21,+1.56,+9.56
LIA,-0.03,-0.19,-0.24
GYR,-0.56,-0.81,-0.31
MAG,+0.00,+0.00,+0.00
GRV,+9.79,+0.45,+0.00
Roll,-1.06,+10.62,+0.94
QUA,-1.00,+0.02,+0.01,-0.01
Temperature,29
ACC,-0.22,+0.29,+9.55
LIA,-0.03,-0.15,-0.24
GYR,+0.31,+0.62,-0.56
MAG,+0.00,+0.00,+0.00
GRV,+9.79,+0.45,+0.00
Roll,-1.06,+10.62,+0.94
QUA,-1.00,-1.98,+0.00,-0.01
Temperature,-99
ACC,-0.22,+1.57,+9.58
LIA,-0.04,-0.16,-0.20
GYR,-0.06,+0.19,-0.12
MAG,+0.00,+0.00,+0.00
GRV,-319.17,+0.45,+0.00
Roll,-1.06,+10.62,+9.00
QUA,+1.00,-1.98,+0.00,-0.01
Temperature,29
ACC,-0.21,+1.58,+8.27
LIA,-0.02,-0.13,-0.23
GYR,-0.94,+0.56,+0.19
MAG,+0.00,+0.00,+0.00
GRV,+9.79,+0.44,+0.00
Roll,-1.06,+2.56,+1.00
QUA,+1.00,+0.02,+0.01,-0.01
Temperature,29
ACC,-0.26,+0.31,+8.25
LIA,-0.07,-0.11,-0.26
GYR,+0.00,+0.31,-0.06
MAG,+0.00,+0.00,+0.00
GRV,+9.79,+0.43,+0.00
Roll,-1.06,+2.50,+1.00
QUA,-1.00,+0.02,+0.00,-0.01
Temperature,29
ACC,-0.25,+0.28,+9.55
LIA,-0.07,-0.14,-0.23
GYR,-0.75,-0.19,-0.06
MAG,+0.00,+0.00,+0.00
GRV,+9.79,+0.43,+0.00
Roll,-1.06,+2.50,+1.00
QUA,+1.00,+0.02,+0.01,-0.01
Temperature,29
ACC,-0.24,+0.31,+9.55
LIA,-0.09,-0.12,-0.23
GYR,-1.19,-1.56,+0.94
MAG,+0.00,+0.00,+0.00
GRV,+9.79,+0.42,+0.00
Roll,-9.00,+2.44,+0.94
QUA,+1.00,+0.02,+0.01,-0.01
