SWV ITM Data Console - ITM Port: 0
Hello
[+] BNO055 init success
[BNO] Unit selection success
Temperature,-103
ACC,-0.31,-0.50,+9.57
LIA,+1.28,+0.03,-0.20
GYR,-0.38,-2.56,+1.12
MAG,+0.00,+0.00,+0.00
GRV,+9.78,-0.54,+0.00
Roll,-9.75,-3.12,+0.00
QUA,+1.00,-0.03,+0.02,-0.00
Temperature,25
ACC,-0.31,-0.50,-318.07
LIA,+1.29,+0.07,-0.21
GYR,-0.31,+2.62,-0.75
MAG,+0.00,+0.00,+0.00
GRV,-317.90,-0.54,+0.00
Roll,-1.81,-3.19,+0.00
QUA,+1.00,-0.03,+0.02,-0.00
Temperature,25
ACC,-0.35,-0.53,+9.59
LIA,-0.03,+0.01,-0.19
GYR,-0.31,-0.81,+0.62
MAG,+0.00,+0.00,+0.00
GRV,+9.78,-0.54,+0.00
Roll,-9.88,-3.19,+0.00
QUA,-1.00,-0.03,+0.02,-0.01
Temperature,25
ACC,-0.31,-0.50,+9.59
LIA,+0.00,+0.03,-0.19
GYR,-0.12,+0.31,-0.12
MAG,+0.00,+0.00,+0.00
GRV,+9.78,-0.54,+0.00
Roll,-9.81,-3.19,+0.00
QUA,-1.00,+1.97,+0.02,-0.01
Temperature,-103
ACC,-0.31,-0.50,+9.61
LIA,+1.28,+0.04,-1.45
GYR,-0.44,+8.44,+0.00
MAG,+0.00,+0.00,+0.00
GRV,+9.78,-0.54,+0.00
Roll,-1.81,-3.19,+8.00
QUA,-1.00,+1.97,+0.02,-0.01
Temperature,25
ACC,-0.33,-0.50,+9.55
LIA,-0.01,+0.03,-0.22
GYR,+8.12,-0.69,-0.06
MAG,+8.00,+0.00,+0.00
GRV,+9.78,-0.54,+0.00
Roll,-1.88,-3.19,+0.00
QUA,+1.00,-0.03,+0.02,-0.00
Temperature,25
ACC,-0.35,-0.50,+9.56
LIA,-0.05,+0.03,-0.21
GYR,-0.56,-1.88,+0.56
MAG,+0.00,+0.00,+0.00
GRV,+9.78,-0.54,+0.00
Roll,-9.75,-3.19,-1688.06
QUA,+1.00,-0.03,+0.02,+0.00
Temperature,25
ACC,-0.46,-0.46,+9.59
LIA,+1.56,+0.10,-0.25
GYR,+3.19,-0.19,+0.62
MAG,+0.00,+0.00,+0.00
GRV,+9.78,-0.54,+0.00
Roll,-9.56,-3.12,-1688.12
QUA,+1.00,-0.03,+0.01,+0.00
Temperature,-103
ACC,+326.99,-0.63,+9.75
LIA,-0.30,-0.08,-0.10
GYR,-3.19,+4.75,+11.00
MAG,+0.00,+0.00,+0.00
GRV,+9.78,-0.56,+0.00
Roll,-10.12,-3.25,+359.25
QUA,+1.00,+1.97,+0.02,+0.01
Temperature,25
ACC,+1.28,-1.59,+9.49
LIA,-0.26,+0.00,-0.24
GYR,+9.12,+12.44,+5.88
MAG,+0.00,+0.00,+0.00
GRV,+9.76,-0.59,+0.00
Roll,-11.81,-3.50,-1682.06
QUA,+1.00,-0.03,+0.03,+0.02
Temperature,25
ACC,-0.46,-0.44,+9.13
LIA,+1.67,+0.11,-0.53
GYR,+2.50,+2.50,+6.00
MAG,+0.00,+0.00,+0.00
GRV,+9.75,-0.55,+0.00
Roll,+2035.06,-3.25,-1683.19
QUA,-1.00,+1.97,+0.04,+0.03
Temperature,25
ACC,+326.76,-0.54,-318.03
LIA,-0.17,-0.05,-0.10
GYR,+13.19,+1.31,-2.00
MAG,+0.00,+0.00,+0.00
GRV,+9.76,-0.48,+0.00
Roll,+2043.62,-2.81,-1683.56
QUA,-1.00,-0.03,-1.95,-1.98
Temperature,25
ACC,-0.45,-0.42,+9.88
LIA,+1.63,+0.01,-0.31
GYR,+8.69,-8.50,+5.81
MAG,+0.00,+0.00,+0.00
GRV,+9.77,-0.47,+0.00
Roll,+2035.94,-2.75,+355.69
QUA,+1.00,-0.03,+0.03,+0.04
Temperature,-103
ACC,-0.52,-0.48,-318.05
LIA,+1.37,-0.01,-0.24
GYR,+1.69,-1.81,+4.44
MAG,+0.00,+0.00,+0.00
GRV,+9.77,-0.46,+0.00
Roll,-11.69,-2.69,+363.19
QUA,-1.00,-0.02,+0.04,+0.04
Temperature,25
ACC,-0.13,-0.41,+9.56
LIA,+1.29,-0.01,-0.20
GYR,-0.25,-9.06,+1.19
MAG,+0.00,+0.00,+0.00
GRV,+9.78,-0.45,+0.00
Roll,-11.19,-2.62,+362.94
QUA,+1.00,-0.02,+0.03,+0.04
Temperature,25
ACC,-0.57,-0.39,+9.41
LIA,+1.28,+0.03,-1.64
GYR,+2.44,+2.25,-2.25
MAG,+0.00,+0.00,+0.00
GRV,+9.78,-0.42,+0.00
Roll,-11.31,-2.44,+355.06
QUA,+1.00,+1.97,+0.03,+0.04
Temperature,25
ACC,-0.59,-0.34,+9.52
LIA,-0.02,+0.05,-1.53
GYR,+8.88,+0.62,-5.00
MAG,+0.00,+0.00,+0.00
GRV,+9.78,-0.40,+0.00
Roll,-3.31,-2.31,+355.56
QUA,+1.00,-0.02,+0.03,+0.04
Temperature,25
ACC,-0.63,-0.33,+9.50
LIA,-0.04,+1.33,-0.27
GYR,+0.50,+2040.44,-5.94
MAG,+0.00,+0.00,+0.00
GRV,+9.78,-0.38,+0.00
Roll,-3.31,-2.25,+356.44
QUA,+1.00,-0.02,+0.03,+0.02
Temperature,25
ACC,-0.46,-0.41,+9.68
LIA,-0.08,-0.04,-0.10
GYR,+3.62,-3.12,-4.75
MAG,+8.00,+0.00,+0.00
GRV,+9.79,-0.36,+0.00
Roll,-2.19,-2.06,+357.00
QUA,+1.00,-0.02,+0.02,+0.03
Temperature,25
ACC,-0.28,-0.40,+9.68
LIA,+1.28,-0.10,-0.11
GYR,+1.06,-1.50,+0.62
MAG,+0.00,+0.00,+0.00
GRV,+9.79,-0.30,+0.00
Roll,-9.69,-1.75,+357.06
QUA,+1.00,-0.02,+0.01,+0.03
Temperature,-103
ACC,-0.45,-0.38,-318.06
LIA,-0.08,-0.07,-0.12
GYR,+2.88,-2.12,+4.56
MAG,+0.00,+0.00,+0.00
GRV,+9.79,-0.27,+0.00
Roll,-1.62,-1.56,+356.81
QUA,+1.00,-0.01,+0.01,+0.03
Temperature,25
ACC,-0.13,-0.08,+9.47
LIA,+1.48,+0.14,-0.39
GYR,+2.00,+1.94,+0.81
MAG,+0.00,+0.00,+0.00
GRV,-317.89,-0.21,+0.00
Roll,-10.12,-1.25,+364.38
QUA,-1.00,-0.01,+0.02,+0.03
Temperature,25
ACC,-0.36,-0.22,+9.55
LIA,-0.11,-0.04,-0.18
GYR,-1.19,-0.88,-1.44
MAG,+0.00,+0.00,+0.00
GRV,-317.89,-0.20,+0.00
Roll,-2.12,-1.12,-1691.56
QUA,+1.00,-0.01,+0.02,+0.03
Temperature,25
ACC,-0.33,-0.20,-318.04
LIA,+0.06,+0.05,-0.11
GYR,-0.31,+0.31,+0.38
MAG,+0.00,+0.00,+0.00
GRV,+9.79,-0.21,+0.00
Roll,-10.12,-1.19,+364.50
QUA,-1.00,-0.01,+0.02,+0.02
Temperature,25
ACC,-0.35,-0.11,+9.45
LIA,+1.32,+0.09,-0.23
GYR,-1.38,-1.25,-0.81
MAG,+0.00,+0.00,+0.00
GRV,+9.79,-0.21,+0.00
Roll,-1.81,-1.25,+356.50
QUA,+1.00,-0.01,+0.02,+0.03
Temperature,25
ACC,-0.26,-0.14,+9.59
LIA,+0.00,+0.05,-0.20
GYR,+0.00,-0.12,-1.44
MAG,+0.00,+0.00,+0.00
GRV,+9.80,-0.20,+0.00
Roll,-9.50,-1.19,+364.56
QUA,+1.00,-0.01,-1.99,+0.03
Temperature,25
ACC,-0.34,-0.11,+9.48
LIA,-0.09,+0.08,-0.32
GYR,+10.12,-1.38,-1.88
MAG,+0.00,+0.00,+0.00
GRV,+9.80,-0.19,+0.00
Roll,-1.44,-1.12,+356.81
QUA,-1.00,-0.01,-1.99,+0.03
Temperature,25
ACC,-0.35,-0.19,-318.03
LIA,-0.14,-0.02,-0.14
GYR,-0.38,-1.06,-0.88
MAG,+0.00,+0.00,+0.00
GRV,+9.80,-0.17,+0.00
Roll,-1.25,-1.00,+357.00
QUA,-1.00,-0.01,+0.01,+0.02
Temperature,25
ACC,-0.40,-0.21,+9.34
LIA,-0.18,-0.09,-0.45
GYR,+2.06,+2.25,+2.19
MAG,+0.00,+0.00,+0.00
GRV,+9.80,-0.11,+0.00
Roll,-1.31,-0.62,+356.81
QUA,+1.00,-0.01,+0.01,+0.03
Temperature,25
ACC,-0.15,-0.08,+9.47
LIA,+1.40,+0.02,-0.33
GYR,-0.94,+1.75,+2.06
MAG,+8.00,+0.00,+0.00
GRV,+9.80,-0.10,+0.00
Roll,-1.56,-0.62,+356.50
QUA,+1.00,-0.01,+0.01,+0.03
Temperature,25
ACC,-0.05,+0.00,+9.75
LIA,+1.50,+0.15,-0.04
GYR,-1.81,-0.25,+0.19
MAG,+0.00,+0.00,+0.00
GRV,+9.80,-0.14,+0.00
Roll,-1.62,-0.81,-1683.75
QUA,+1.00,-0.01,+0.01,+0.03
Temperature,25
ACC,-0.26,-0.09,-318.03
LIA,+1.47,+0.13,-0.20
GYR,-1.94,+4.25,+0.69
MAG,+0.00,+0.00,+0.00
GRV,+9.79,-0.21,+0.00
Roll,-10.31,-1.19,+356.31
QUA,+1.00,-0.01,+0.02,+0.03
Temperature,25
ACC,-0.33,-0.18,+9.57
LIA,+1.41,+0.03,-0.21
GYR,+0.62,+1.38,-0.06
MAG,+0.00,+0.00,+0.00
GRV,+9.79,-0.22,+0.00
Roll,-10.75,-1.25,+356.38
QUA,+1.00,-0.01,+0.02,+0.03
Temperature,25
ACC,-0.45,-0.21,+9.58
LIA,+1.45,-0.02,-0.25
GYR,-0.44,-2.56,-2.25
MAG,+0.00,+0.00,+0.00
GRV,+9.79,-0.21,+0.00
Roll,-2.50,-1.25,+356.50
QUA,-1.00,-0.01,+0.02,+0.03
Temperature,-103
ACC,-0.63,-0.24,+9.52
LIA,-0.26,+0.01,-0.26
GYR,-2.19,-0.81,-3.12
MAG,+0.00,+0.00,+0.00
GRV,+9.79,-0.26,+0.00
Roll,-2.06,-1.50,-1683.25
QUA,-1.00,+1.99,+0.02,+0.02
Temperature,-103
ACC,-0.21,-0.26,+9.70
LIA,+0.00,+0.01,-0.09
GYR,-1.19,-10.69,+3.12
MAG,+0.00,+0.00,+0.00
GRV,+9.80,-0.28,+0.00
Roll,-1.12,-1.62,+356.62
QUA,-1.00,-0.01,+0.01,+0.03
Temperature,-103
ACC,+0.00,-0.21,+9.54
LIA,+1.35,+0.12,-0.18
GYR,-0.31,+2.94,-1.50
MAG,+0.00,+0.00,+0.00
GRV,+9.80,-0.27,+0.00
Roll,-8.81,-1.56,+356.56
QUA,+1.00,+1.99,+0.01,+0.03
Temperature,25
ACC,+0.15,-1.44,+9.50
LIA,+1.60,+0.10,-0.30
GYR,-0.19,+0.00,-0.50
MAG,+0.00,+0.00,+0.00
GRV,+9.80,-0.26,+0.00
Roll,-0.94,-1.56,+364.69
QUA,+1.00,+1.99,+0.01,-1.98
Temperature,25
ACC,-0.20,-0.27,+9.63
LIA,-0.03,+0.00,-0.16
GYR,-2.75,-1.00,-1.00
MAG,+0.00,+0.00,+0.00
GRV,+9.80,-0.28,+0.00
Roll,-0.94,-1.62,+356.88
QUA,+1.00,-0.01,+0.01,+0.03
Temperature,25
ACC,-0.09,-0.17,+9.59
LIA,+1.41,+0.15,-0.20
GYR,-2.75,+2.69,+4.44
MAG,+0.00,+0.00,+0.00
GRV,-317.89,-0.32,+0.00
Roll,-1.25,-1.88,+356.62
QUA,+1.00,-0.02,+0.01,+0.03
Temperature,25
ACC,-0.22,-0.23,+9.66
LIA,+1.37,+0.07,-0.28
GYR,+2.31,-1.81,+2.06
MAG,+0.00,+0.00,+0.00
GRV,+9.79,-0.31,+0.00
Roll,-9.44,-1.81,+356.19
QUA,+1.00,-0.02,+0.01,+0.03
Temperature,25
ACC,-0.33,-0.31,-318.08
LIA,-0.09,-0.01,-0.19
GYR,+0.19,+1.12,+2.06
MAG,+0.00,+0.00,+0.00
GRV,+9.79,-0.30,+0.00
Roll,-1.38,-1.75,+355.94
QUA,-1.00,-0.02,+0.01,-1.96
Temperature,-103
ACC,-0.24,-0.22,+9.68
LIA,+1.31,+0.06,-0.11
GYR,+8.69,+1.38,+2.50
MAG,+0.00,+0.00,+0.00
GRV,+9.79,-0.28,+0.00
Roll,-9.62,-1.62,+355.56
QUA,-1.00,+1.98,-1.99,-1.96
Temperature,25
ACC,-0.38,-0.20,+9.55
LIA,-0.14,+0.10,-0.26
GYR,-0.19,-0.88,-0.06
MAG,+0.00,+0.00,+0.00
GRV,+9.79,-0.27,+0.00
Roll,-9.56,-1.62,+363.50
QUA,-1.00,-0.01,+0.01,+0.04
Temperature,25
ACC,-0.29,-0.24,+9.48
LIA,-0.01,+0.07,-0.31
GYR,-1.56,-0.12,+1.19
MAG,+0.00,+0.00,+0.00
GRV,+9.79,-0.32,+0.00
Roll,-1.56,-1.88,+355.44
QUA,-1.00,-0.02,-1.99,+0.03
Temperature,25
ACC,-0.26,-0.31,+9.52
LIA,+1.28,+0.00,-0.27
GYR,+8.44,+0.88,+1.62
MAG,+0.00,+0.00,+0.00
GRV,+9.79,-0.32,+0.00
Roll,-1.56,-1.81,+355.25
QUA,-1.00,-0.02,-1.99,+0.03
Temperature,25
ACC,-0.11,-0.25,+9.59
LIA,+0.16,+0.04,-0.20
GYR,+1.62,-0.19,+2.00
MAG,+0.00,+0.00,+0.00
GRV,+9.79,-0.30,+0.00
Roll,-1.56,-1.75,+355.00
QUA,+1.00,-0.02,+0.01,-1.96
Temperature,25
ACC,-0.30,-0.15,+9.57
LIA,-0.04,+0.13,-0.22
GYR,-0.06,-0.31,+2.88
MAG,+0.00,+0.00,+0.00
GRV,+9.79,-0.28,+0.00
Roll,-1.50,-1.62,+354.69
QUA,+1.00,-0.02,-1.99,+0.04
Temperature,25
ACC,-0.16,-0.17,+9.49
LIA,+1.38,+0.10,-1.58
GYR,+1.38,+0.62,+2.75
MAG,+0.00,+0.00,+0.00
GRV,+9.79,-0.27,+0.00
Roll,-1.56,-1.62,+354.31
QUA,+1.00,-0.01,+0.01,+0.05
Temperature,25
ACC,-0.34,-0.14,+9.54
LIA,-0.04,+0.13,-0.25
GYR,+8.12,+0.69,+0.38
MAG,+8.00,+0.00,+0.00
GRV,+9.79,-0.27,+0.00
Roll,-1.75,-1.56,+362.19
QUA,+1.00,-0.01,+0.01,+0.05
Temperature,-103
ACC,-0.13,-0.14,+9.63
LIA,+1.46,+0.13,-0.15
GYR,-0.19,+0.94,-0.69
MAG,+0.00,+0.00,+0.00
GRV,+9.79,-0.27,+0.00
Roll,-1.88,-1.62,+354.25
QUA,+1.00,-0.02,+0.02,+0.05
Temperature,-103
ACC,-0.35,-0.24,+9.51
LIA,+1.30,+0.01,-0.28
GYR,+1.69,+0.44,-2.00
MAG,+0.00,+0.00,+0.00
GRV,-317.89,-0.26,+0.00
Roll,-9.75,-1.50,+354.44
QUA,+1.00,-0.01,+0.01,+0.05
Temperature,25
ACC,-0.12,-0.11,+9.59
LIA,+1.44,+0.11,-0.20
GYR,+0.38,+1.62,+0.81
MAG,+0.00,+0.00,+0.00
GRV,+9.79,-0.22,+0.00
Roll,-9.62,-1.31,+362.38
QUA,-1.00,-0.01,+0.01,+0.05
Temperature,25
ACC,-0.18,-0.17,-318.08
LIA,+1.36,+0.05,-0.13
GYR,-1.12,-1.12,-0.75
MAG,+0.00,+0.00,+0.00
GRV,+9.79,-0.23,+0.00
Roll,-9.62,-1.31,+354.44
QUA,+1.00,+1.99,+0.01,+0.05
Temperature,-103
ACC,-0.24,-0.22,+9.64
LIA,+1.42,+0.07,+0.13
GYR,-4.44,-5.75,-0.19
MAG,+0.00,+0.00,+0.00
GRV,+9.79,-0.28,+0.00
Roll,-9.50,-1.62,+354.69
QUA,-1.00,+1.98,+0.01,+0.05
Temperature,-103
ACC,-0.16,-0.16,-317.99
LIA,+0.07,+0.19,-1.38
GYR,+9.44,+1.38,+1.38
MAG,+0.00,+0.00,+0.00
GRV,+9.79,-0.35,+0.00
Roll,-9.38,-2.06,+354.62
QUA,+1.00,-0.03,+0.01,-1.96
Temperature,-103
ACC,-0.45,-0.18,+9.83
LIA,-0.24,+0.13,+0.03
GYR,+2.94,-3.44,+1.06
MAG,+0.00,+0.00,+0.00
GRV,+9.79,-0.31,+0.00
Roll,-9.12,-1.81,+354.44
QUA,+1.00,-0.02,+0.01,+0.05
Temperature,25
ACC,-0.01,-0.23,+9.62
LIA,+0.06,+0.04,-0.17
GYR,+1.69,-2.06,+2.81
MAG,+0.00,+0.00,+0.00
GRV,+9.80,-0.27,+0.00
Roll,-0.38,-1.62,+353.94
QUA,+1.00,-0.01,+0.00,+0.05
Temperature,25
ACC,+0.00,+0.04,+9.53
LIA,+0.10,+0.22,-1.54
GYR,+12.31,+1.50,-10.00
MAG,+0.00,+0.00,+0.00
GRV,+9.80,-0.17,+0.00
Roll,-0.69,-1.00,+354.00
QUA,+1.00,-0.01,+0.01,+0.05
Temperature,25
ACC,-0.16,+0.00,+8.03
LIA,-0.05,+0.11,-0.49
GYR,+0.38,+0.12,-1.50
MAG,+0.00,+0.00,+0.00
GRV,-317.88,-0.11,+0.00
Roll,-0.62,-0.62,+354.19
QUA,+1.00,-0.01,+0.01,+0.05
Temperature,-103
ACC,-0.19,-0.18,+9.74
LIA,-0.08,-0.06,-0.06
GYR,+2.00,+0.06,-0.06
MAG,+0.00,+0.00,+0.00
GRV,+9.80,-0.12,+0.00
Roll,-0.62,-0.69,+354.19
QUA,+1.00,-0.01,+0.01,+0.05
Temperature,-103
ACC,-0.11,+1.29,+9.44
LIA,+1.28,+0.06,-0.31
GYR,+2.44,-2.00,+2.25
MAG,+0.00,+0.00,+0.00
GRV,+9.80,-0.07,+0.00
Roll,-8.25,-0.38,+353.81
QUA,+1.00,-0.00,+0.01,+0.05
Temperature,-103
ACC,-0.02,+0.04,-319.26
LIA,-0.01,+1.37,-0.10
GYR,+1.94,+0.38,-1.50
MAG,+0.00,+0.00,+0.00
GRV,+9.80,-0.04,+0.00
Roll,+0.00,-8.25,+353.81
QUA,+1.00,-0.00,+0.00,+0.05
Temperature,25
ACC,+0.00,+0.07,+8.22
LIA,+1.31,+0.07,-1.58
GYR,-0.19,+1.06,-1.00
MAG,+0.00,+0.00,+0.00
GRV,+9.80,+0.00,+0.00
Roll,-0.19,+0.00,+354.00
QUA,-1.00,+0.00,+0.00,+0.05
Temperature,25
ACC,-0.12,+0.11,+9.47
LIA,-0.07,+0.09,-0.33
GYR,+1.75,-8.06,-1.25
MAG,+0.00,+0.00,+0.00
GRV,+9.80,+0.01,+0.00
Roll,-0.31,+0.06,+354.25
QUA,+1.00,+0.00,+0.00,+0.05
Temperature,25
ACC,-0.11,+1.40,+9.68
LIA,+1.28,+0.11,-0.28
GYR,+8.00,-1.69,-2.25
MAG,+8.00,+0.00,+0.00
GRV,-319.16,+1.29,+0.00
Roll,-0.31,+8.06,+354.44
QUA,+1.00,+0.00,+0.00,+0.05
Temperature,25
ACC,-0.09,+0.12,-318.00
LIA,+0.15,+0.11,-0.29
GYR,+3.88,+0.25,+0.25
MAG,+0.00,+0.00,+0.00
GRV,-319.16,+0.04,+0.00
Roll,-0.50,+0.25,+362.62
QUA,-1.00,+0.00,+0.00,+0.05
Temperature,25
ACC,-0.28,+1.48,+8.19
LIA,-0.12,+0.10,-0.30
GYR,-0.56,+0.44,-0.69
MAG,+0.00,+0.00,+0.00
GRV,+9.80,+1.37,+0.00
Roll,-8.75,+8.56,+354.75
QUA,-1.00,+0.00,+0.01,+0.05
Temperature,-103
ACC,-0.12,+0.19,+9.58
LIA,-0.01,+0.10,-0.21
GYR,+0.62,+0.06,-0.69
MAG,+0.00,+0.00,+0.00
GRV,+9.80,+0.09,+0.00
Roll,-8.62,+0.50,+362.75
QUA,-1.00,+0.00,-1.99,+0.04
Temperature,25
ACC,-0.68,+1.47,+8.22
LIA,-0.56,+1.43,-0.30
GYR,-4.44,-11.12,+4.19
MAG,+0.00,+0.00,+0.00
GRV,+9.80,+0.03,+0.00
Roll,-0.56,+0.19,+354.88
QUA,-1.00,+0.00,+0.01,+0.04
Temperature,25
ACC,-0.21,+1.47,+8.16
LIA,-0.13,+1.43,-0.36
GYR,+1.81,+3.06,-2.94
MAG,+0.00,+0.00,+0.00
GRV,+9.80,+0.04,+0.00
Roll,-0.44,+0.19,+355.06
QUA,-1.00,+0.00,+0.00,+0.04
Temperature,25
ACC,-0.17,+0.12,+9.79
LIA,-0.03,+0.10,-0.01
GYR,-0.75,+9.31,-10.75
MAG,+0.00,+0.00,+0.00
GRV,+9.80,+0.02,+0.00
Roll,-0.81,+0.12,+355.38
QUA,+1.00,+0.00,+0.01,+0.04
Temperature,25
ACC,-0.17,+0.14,+9.66
LIA,+1.31,+0.12,-0.14
GYR,+9.00,+6.06,-3.69
MAG,+0.00,+0.00,+0.00
GRV,-317.88,+1.29,+0.00
Roll,-1.19,+0.06,+363.69
QUA,+1.00,+0.00,+0.01,+0.04
Temperature,25
ACC,-0.20,+0.16,+9.45
LIA,+1.45,+0.09,-0.33
GYR,-0.69,+2.69,-3.44
MAG,+0.00,+0.00,+0.00
GRV,+8.52,+1.31,+0.00
Roll,-1.75,+8.12,-1683.88
QUA,+1.00,+0.00,+0.02,+0.03
Temperature,25
ACC,-0.16,-0.01,+9.74
LIA,-0.37,+0.01,+0.13
GYR,-2.50,-18.12,+7.06
MAG,+0.00,+0.00,+0.00
GRV,+9.80,-0.01,+0.00
Roll,-0.81,+8.00,-1683.69
QUA,+1.00,-0.01,+0.01,+0.03
Temperature,25
ACC,+1.32,+0.08,-319.32
LIA,+0.06,+0.11,-0.15
GYR,-1.44,-1.19,-2.69
MAG,+8.00,+0.00,+0.00
GRV,+9.80,-0.03,+0.00
Roll,-0.06,-0.19,+356.25
QUA,-1.00,-0.01,+0.00,+0.03
Temperature,25
ACC,-0.12,+1.28,+9.40
LIA,-0.16,+0.06,-0.40
GYR,-2.81,+0.25,-1.88
MAG,+0.00,+0.00,+0.00
GRV,+9.80,-0.06,+0.00
Roll,+0.25,-8.31,+356.50
QUA,-1.00,-0.00,-0.00,+0.03
Temperature,25
ACC,-0.07,+0.00,+8.14
LIA,-0.08,+0.07,-1.65
GYR,-1.12,+4.19,-2.12
MAG,+0.00,+0.00,+0.00
GRV,+9.80,-0.08,+0.00
Roll,+0.00,-0.44,+356.62
QUA,+1.00,+2.00,-0.00,+0.03
Temperature,-103
ACC,-0.04,+0.05,+9.37
LIA,+1.34,+0.17,-0.42
GYR,-3.31,-2042.69,-0.31
MAG,+8.00,+0.00,+0.00
GRV,+9.80,-0.12,+0.00
Roll,-0.69,-0.69,+356.62
QUA,+1.00,-0.01,+0.01,+0.03
Temperature,25
ACC,-0.28,-0.26,+9.52
LIA,+0.00,+0.06,-0.27
GYR,-7.62,+2.62,-3.88
MAG,+0.00,+0.00,+0.00
GRV,+9.79,-0.32,+0.00
Roll,-1.75,-1.94,+357.19
QUA,+1.00,-0.02,+0.01,+0.02
Temperature,25
ACC,-0.07,-0.34,+9.57
LIA,+1.39,+0.02,-0.22
GYR,+1.69,+1.38,-2.12
MAG,+0.00,+0.00,+0.00
GRV,-317.89,-0.37,+0.00
Roll,-8.69,-2.19,-1691.06
QUA,+1.00,-0.02,+0.01,+0.03
Temperature,25
ACC,-0.21,-0.31,+9.55
LIA,-0.05,+0.08,-0.26
GYR,-1.88,+4.12,-3.56
MAG,+8.00,+0.00,+0.00
GRV,+9.79,-0.40,+0.00
Roll,-1.06,-2.31,+357.31
QUA,+1.00,-0.02,+0.01,+0.02
Temperature,-103
ACC,-0.24,-0.33,+9.44
LIA,-0.02,+0.06,-0.48
GYR,-1.19,+0.88,-1.31
MAG,+0.00,+0.00,+0.00
GRV,+9.79,-0.44,+0.00
Roll,-1.44,-2.56,+357.69
QUA,-1.00,+1.98,+0.01,+0.02
Temperature,-103
ACC,-0.24,-0.37,+9.50
LIA,+1.28,+0.06,-0.28
GYR,+0.56,-1.06,-1.75
MAG,+0.00,+0.00,+0.00
GRV,+9.79,-0.44,+0.00
Roll,-1.44,-2.56,+357.94
QUA,-1.00,-0.03,-1.99,+0.02
Temperature,25
ACC,-0.26,-0.35,+9.35
LIA,-0.01,+0.07,-0.43
GYR,-1.56,+1.81,-1.06
MAG,+0.00,+0.00,+0.00
GRV,+9.79,-0.42,+0.00
Roll,-1.44,-2.50,+358.25
QUA,-1.00,-0.03,-1.99,-1.99
Temperature,25
ACC,-0.25,-0.35,+9.56
LIA,-0.02,+0.08,-0.23
GYR,+1.00,-11.00,+1.44
MAG,+8.00,+0.00,+0.00
GRV,+9.79,-0.43,+0.00
Roll,-1.25,-2.50,+358.19
QUA,+1.00,-0.02,+0.01,-1.98
Temperature,25
ACC,-0.25,-0.22,+9.46
LIA,-0.09,+0.17,-0.33
GYR,+2.88,-2.94,+3.94
MAG,+0.00,+0.00,+0.00
GRV,-317.89,-0.39,+0.00
Roll,-0.88,-2.31,+357.81
QUA,+1.00,-0.02,+0.01,+0.02
Temperature,25
ACC,-0.17,-0.29,+9.49
LIA,+1.34,+0.09,-0.19
GYR,+11.25,+2.50,+2.81
MAG,+0.00,+0.00,+0.00
GRV,-317.89,-0.37,+0.00
Roll,-8.88,-2.12,+357.44
QUA,+1.00,-0.02,+0.01,+0.02
Temperature,25
ACC,-0.18,-0.26,+9.55
LIA,-0.11,+0.07,-0.26
GYR,-1.44,-4.06,+1.62
MAG,+0.00,+0.00,+0.00
GRV,-317.89,-0.35,+0.00
Roll,-0.81,-2.00,+357.12
QUA,+1.00,-0.02,+0.01,+0.03
Temperature,25
ACC,+1.34,-0.32,+9.52
LIA,+1.42,+0.06,-0.11
GYR,-0.19,-3.00,+2.12
MAG,+0.00,+0.00,+0.00
GRV,+9.79,-0.37,+0.00
Roll,-8.25,-2.12,-1683.12
QUA,-1.00,-0.02,+0.00,+0.03
Temperature,25
ACC,+1.32,-0.26,+9.66
LIA,+1.33,+0.10,-0.22
GYR,-2.19,-4.50,+1.31
MAG,+0.00,+0.00,+0.00
GRV,+9.79,-0.39,+0.00
Roll,+0.19,-10.25,-1691.31
QUA,-1.00,+1.97,-0.00,+0.03
Temperature,25
ACC,+0.19,-1.67,-318.06
LIA,+1.38,+0.03,-0.16
GYR,-1.56,-2.62,+0.88
MAG,+0.00,+0.00,+0.00
GRV,+9.79,-0.42,+0.00
Roll,+0.50,-10.44,+356.50
QUA,-1.00,+1.97,-0.01,-1.97
Temperature,-103
ACC,+1.39,-0.30,+9.72
LIA,+1.28,+0.09,-0.06
GYR,-0.75,+3.12,+0.06
MAG,+0.00,+0.00,+0.00
GRV,+9.79,-1.71,+0.00
Roll,+0.38,-10.50,+364.44
QUA,+1.00,-0.02,-0.00,+0.03
Temperature,25
ACC,+0.01,-0.26,+9.46
LIA,+1.37,+0.16,-0.45
GYR,+9.75,+3.19,+0.50
MAG,+0.00,+0.00,+0.00
GRV,+9.79,-0.40,+0.00
Roll,-0.44,-2.31,+356.44
QUA,+1.00,-0.02,+0.00,+0.03
Temperature,-103
ACC,-0.26,-0.31,-318.00
LIA,-0.15,+1.34,-0.11
GYR,+2.69,-1.56,+1.62
MAG,+0.00,+0.00,+0.00
GRV,+9.79,-0.37,+0.00
Roll,-0.62,-2.12,-1683.69
QUA,-1.00,-0.03,+0.00,+0.03
Temperature,25
ACC,-0.01,-0.22,-317.86
LIA,+0.09,+0.12,+0.02
GYR,+8.88,+2.81,+1.19
MAG,+0.00,+0.00,+0.00
GRV,+9.79,-0.35,+0.00
Roll,-8.69,-2.00,-1684.00
QUA,-1.00,-0.03,-1.99,+0.03
Temperature,25
ACC,-0.04,-0.14,+9.59
LIA,+1.36,+0.18,-0.20
GYR,+1.06,+1.81,+1.12
MAG,+0.00,+0.00,+0.00
GRV,+9.80,-0.32,+0.00
Roll,-0.75,-1.88,+355.81
QUA,+1.00,-0.02,+0.01,+0.04
Temperature,25
ACC,-0.02,-0.20,+9.35
LIA,+1.34,+0.14,-0.44
GYR,-8.44,-14.12,+3.81
MAG,+0.00,+0.00,+0.00
GRV,+9.79,-0.36,+0.00
Roll,-0.38,-2.12,+355.69
QUA,-1.00,-0.03,+0.00,-1.96
Temperature,-103
ACC,+1.28,-1.47,+9.69
LIA,+1.28,+0.19,-0.37
GYR,+9.88,-3.75,-0.38
MAG,+0.00,+0.00,+0.00
GRV,+9.79,-1.67,+0.00
Roll,+0.19,-10.31,+355.56
QUA,+1.00,-0.02,-0.00,+0.04
Temperature,-103
ACC,+0.12,-0.36,+9.69
LIA,-0.03,+0.00,-0.07
GYR,-0.75,-3.69,-1.31
MAG,+0.00,+0.00,+0.00
GRV,+9.79,-0.42,+0.00
Roll,+0.62,-10.50,+363.62
QUA,+1.00,-0.03,-0.01,+0.04
Temperature,-103
ACC,+0.01,-1.63,+9.67
LIA,-0.19,+0.04,-0.11
GYR,+2.56,-2.25,+2.31
MAG,+0.00,+0.00,+0.00
GRV,+9.79,-0.39,+0.00
Roll,+1.25,-2.25,+355.50
QUA,-1.00,+1.98,-0.00,-1.95
Temperature,25
ACC,+0.18,-1.56,+9.41
LIA,+1.35,+0.06,-1.66
GYR,+0.75,+6.88,+8.19
MAG,+0.00,+0.00,+0.00
GRV,+9.79,-0.35,+0.00
Roll,+0.50,-2.00,+354.69
QUA,+1.00,-0.03,+1.99,-1.95
Temperature,25
ACC,+0.24,-0.17,+9.58
LIA,+0.21,+0.17,-0.21
GYR,-0.12,+11.44,+2.56
MAG,+0.00,+0.00,+0.00
GRV,+9.80,-0.34,+0.00
Roll,+0.12,-2.00,+354.00
QUA,+1.00,-0.02,-0.00,+0.05
Temperature,25
ACC,-0.03,-0.33,+9.51
LIA,-0.01,+0.04,-0.27
GYR,-2.62,+0.88,+3.12
MAG,+0.00,+0.00,+0.00
GRV,+9.79,-0.38,+0.00
Roll,-0.06,-2.19,+353.75
QUA,+1.00,-0.02,-0.00,+0.05
Temperature,25
ACC,+0.03,-0.39,+9.58
LIA,+1.29,+0.02,-0.21
GYR,-0.38,-1.00,-0.06
MAG,+0.00,+0.00,+0.00
GRV,-317.89,-1.69,+0.00
Roll,+0.12,-10.38,+353.56
QUA,+1.00,-0.02,-0.00,+0.06
Temperature,25
ACC,+1.34,-1.61,+9.60
LIA,+1.28,+0.11,-0.19
GYR,-3.06,-1.12,+0.62
MAG,+0.00,+0.00,+0.00
GRV,+9.79,-1.71,+0.00
Roll,+0.38,-2.56,+361.44
QUA,+1.00,-0.02,-0.00,+0.06
Temperature,25
ACC,+1.45,-1.64,-317.97
LIA,+1.38,+0.07,-0.08
GYR,-0.12,-2.19,-2.38
MAG,+0.00,+0.00,+0.00
GRV,+9.79,-0.46,+0.00
Roll,+0.56,-10.69,+353.56
QUA,+1.00,-0.02,+1.99,+0.06
Temperature,25
ACC,+0.02,-1.61,+9.42
LIA,-0.06,+0.13,-0.28
GYR,-1.62,-0.69,-1.44
MAG,+0.00,+0.00,+0.00
GRV,+9.79,-0.47,+0.00
Roll,+0.69,-10.75,+353.88
QUA,+1.00,-0.02,+1.99,+0.05
Temperature,25
ACC,-0.03,-0.52,+9.67
LIA,-0.11,-0.01,-0.13
GYR,-0.19,+0.62,+0.75
MAG,+0.00,+0.00,+0.00
GRV,+9.79,-0.49,+0.00
Roll,+0.81,-2.88,+354.00
QUA,-1.00,-0.02,-0.01,+0.05
Temperature,25
ACC,+0.10,-1.68,+9.50
LIA,-0.02,+0.09,-0.28
GYR,-1.06,-0.62,+0.56
MAG,+0.00,+0.00,+0.00
GRV,+9.79,-0.50,+0.00
Roll,+0.69,-2.94,+353.88
QUA,+1.00,-0.03,-0.01,+0.05
Temperature,25
ACC,+0.10,-0.41,+9.60
LIA,-0.02,+1.38,-0.18
GYR,-1.62,-0.12,+0.69
MAG,+0.00,+0.00,+0.00
GRV,+9.79,-0.52,+0.00
Roll,+0.75,-3.00,+353.81
QUA,+1.00,-0.03,-0.00,+0.06
Temperature,25
ACC,+1.36,-1.72,+9.45
LIA,-0.02,+1.35,-1.61
GYR,+1.00,+0.75,-0.69
MAG,+0.00,+0.00,+0.00
GRV,+9.79,-0.51,+0.00
Roll,+0.62,-11.00,+353.81
QUA,+1.00,-0.03,+1.99,-1.94
Temperature,25
ACC,+0.00,-1.73,+9.43
LIA,-0.10,+0.05,-1.63
GYR,-0.38,+0.44,+0.38
MAG,+0.00,+0.00,+0.00
GRV,+9.79,-0.51,+0.00
Roll,+0.56,-2.94,+361.81
QUA,-1.00,-0.03,-0.01,-1.94
Temperature,25
ACC,+0.08,-0.42,+9.62
LIA,-0.01,+1.37,-0.16
GYR,+8.62,+0.56,-8.50
MAG,+0.00,+0.00,+0.00
GRV,+9.79,-0.52,+0.00
Roll,+0.56,-3.00,+353.81
QUA,+1.00,-0.03,+1.99,-1.94
Temperature,-103
ACC,+0.13,-0.39,+9.37
LIA,+1.31,+0.12,-1.70
GYR,+0.38,-1.19,-1.12
MAG,+0.00,+0.00,+0.00
GRV,+9.79,-0.51,+0.00
Roll,+0.56,-3.00,+353.94
QUA,+1.00,-0.03,-0.01,+0.05
Temperature,25
ACC,+0.09,-0.09,+9.28
LIA,-0.02,+0.45,-0.50
GYR,+0.06,-0.25,-0.38
MAG,+0.00,+0.00,+0.00
GRV,+9.79,-0.54,+0.00
Roll,+0.62,-3.12,+354.06
QUA,+1.00,-0.03,-0.01,+0.05
Temperature,25
ACC,+0.14,-0.71,+9.68
LIA,+0.06,-0.14,-0.10
GYR,+0.62,+3.69,-0.94
MAG,+0.00,+0.00,+0.00
GRV,-317.89,-0.56,+0.00
Roll,+0.44,-11.25,+354.19
QUA,+1.00,-0.03,-0.01,+0.05
Temperature,25
ACC,+0.27,-1.54,+9.50
LIA,+1.48,+0.22,-0.21
GYR,-0.50,-0.69,+1.94
MAG,+0.00,+0.00,+0.00
GRV,-317.89,-1.80,+0.00
Roll,+0.31,-3.00,+354.00
QUA,+1.00,-0.03,-0.00,+0.05
Temperature,-103
ACC,+1.37,-1.91,-317.92
LIA,+1.28,-0.11,-0.02
GYR,+8.00,-0.88,-0.62
MAG,+0.00,+0.00,+0.00
GRV,+9.79,-0.52,+0.00
Roll,+0.56,-3.00,+354.06
QUA,+1.00,-0.03,-0.01,-1.94
Temperature,-103
ACC,+0.35,-0.38,+9.70
LIA,+1.52,+0.15,-0.08
GYR,-2.75,-0.69,-0.88
MAG,+0.00,+0.00,+0.00
GRV,+9.79,-0.54,+0.00
Roll,+0.62,-11.19,+362.06
QUA,+1.00,+1.97,+1.99,-1.94
Temperature,25
ACC,-0.18,-0.45,+9.27
LIA,-0.28,+1.34,-0.51
GYR,+0.31,+1.19,+0.12
MAG,+0.00,+0.00,+0.00
GRV,+9.79,-0.52,+0.00
Roll,+0.56,-11.00,+354.31
QUA,-1.00,-0.03,+1.99,+0.06
Temperature,25
ACC,+0.00,-0.45,+9.55
LIA,-0.06,+0.08,-0.23
GYR,-0.12,+0.75,+1.31
MAG,+0.00,+0.00,+0.00
GRV,+9.79,-0.53,+0.00
Roll,+0.38,-3.12,+362.12
QUA,+1.00,-0.03,-0.00,+0.06
Temperature,-103
ACC,+0.15,-0.36,+9.73
LIA,+1.38,+0.17,-0.05
GYR,-0.31,+4.06,-0.38
MAG,+0.00,+0.00,+0.00
GRV,+9.79,-0.53,+0.00
Roll,+0.25,-3.12,+354.06
QUA,-1.00,-0.03,-0.00,+0.05
Temperature,-103
ACC,+0.00,-1.70,+9.41
LIA,-0.03,+0.10,-1.65
GYR,+9.38,+0.12,-0.81
MAG,+0.00,+0.00,+0.00
GRV,+9.79,-0.52,+0.00
Roll,+0.19,-3.00,+354.06
QUA,+1.00,-0.03,-0.00,-1.94
Temperature,-103
ACC,-0.04,-0.48,-318.01
LIA,-0.07,+1.33,-0.11
GYR,-0.75,-0.06,+0.50
MAG,+0.00,+0.00,+0.00
GRV,+9.79,-0.53,+0.00
Roll,+0.12,-3.12,+354.12
QUA,+1.00,-0.03,-0.00,-1.95
Temperature,25
ACC,+0.09,-0.45,+9.51
LIA,+1.34,+0.07,-1.55
GYR,+8.25,-9.06,-0.50
MAG,+0.00,+0.00,+0.00
GRV,+9.79,-0.53,+0.00
Roll,+0.12,-3.06,+354.00
QUA,+1.00,-0.03,-0.00,-1.94
Temperature,25
ACC,+1.31,-0.44,+9.60
LIA,+1.28,+0.09,-0.18
GYR,+8.12,-0.88,+0.25
MAG,+0.00,+0.00,+0.00
GRV,+9.79,-0.54,+0.00
Roll,+0.12,-3.12,+354.00
QUA,+1.00,-0.03,-0.00,+0.05
Temperature,25
ACC,+0.00,-0.45,+9.46
LIA,-0.02,+0.07,-0.32
GYR,+9.00,-0.25,-0.19
MAG,+0.00,+0.00,+0.00
GRV,+9.79,-0.53,+0.00
Roll,+0.12,-3.12,+354.00
QUA,+1.00,-0.03,-0.00,+0.05
Temperature,25
ACC,+1.35,-1.73,+9.57
LIA,-0.01,+0.09,-0.19
GYR,-0.12,-1.19,-0.62
MAG,+0.00,+0.00,+0.00
GRV,+9.79,-0.54,+0.00
Roll,+0.25,-3.12,+354.00
QUA,+1.00,+1.97,+2.00,+0.05
Temperature,-103
ACC,-0.03,-0.48,-318.08
LIA,-0.09,+0.05,-0.18
GYR,-0.12,+1.25,+0.50
MAG,+0.00,+0.00,+0.00
GRV,+9.79,-0.54,+0.00
Roll,+0.31,-3.19,+354.00
QUA,+1.00,+1.97,+2.00,+0.05
Temperature,25
ACC,+1.38,-1.76,+9.57
LIA,+0.07,+0.05,-0.21
GYR,+8.12,+1.31,+0.69
MAG,+0.00,+0.00,+0.00
GRV,+9.79,-0.54,+0.00
Roll,+0.19,-3.19,+361.81
QUA,+1.00,+1.97,-0.00,-1.94
Temperature,-103
ACC,+0.13,-1.75,+9.71
LIA,+1.37,+0.08,-0.07
GYR,+8.38,+0.06,-0.50
MAG,+0.00,+0.00,+0.00
GRV,+9.79,-0.56,+0.00
Roll,+0.25,-11.25,+361.81
QUA,+1.00,-0.03,-0.00,+0.06
Temperature,-103
ACC,+0.00,-1.76,+9.56
LIA,-0.02,+0.06,-0.22
GYR,+9.31,+1.31,-0.19
MAG,+0.00,+0.00,+0.00
GRV,+9.79,-0.54,+0.00
Roll,+0.12,-11.19,+361.88
QUA,-1.00,-0.03,-0.00,+0.05
Temperature,25
ACC,+1.31,-0.45,+9.56
LIA,+0.01,+0.09,-0.22
GYR,-0.31,+0.06,-0.19
MAG,+0.00,+0.00,+0.00
GRV,-317.89,-0.54,+0.00
Roll,+0.06,-11.12,+361.88
QUA,+1.00,-0.03,-0.00,+0.06
Temperature,-103
ACC,-0.04,-0.45,+9.51
LIA,-0.04,+0.09,-0.22
GYR,+8.19,+2.25,-0.31
MAG,+0.00,+0.00,+0.00
GRV,+9.79,-0.53,+0.00
Roll,+0.00,-3.06,+353.88
QUA,-1.00,-0.03,-0.00,+0.05
Temperature,25
ACC,-0.01,-0.42,+9.53
LIA,+1.29,+0.10,-0.25
GYR,+8.25,+0.69,-1.19
MAG,+0.00,+0.00,+0.00
GRV,+9.79,-0.52,+0.00
Roll,-0.12,-3.06,+361.94
QUA,-1.00,-0.03,-0.00,-1.95
Temperature,25
ACC,-0.22,-0.46,+9.44
LIA,-0.19,+0.05,-0.34
GYR,-0.69,-0.25,+0.81
MAG,+0.00,+0.00,+0.00
GRV,+9.79,-0.52,+0.00
Roll,-8.19,-3.00,+354.00
QUA,+1.00,-0.03,+0.00,-1.95
Temperature,25
ACC,-0.03,-0.38,+9.53
LIA,+1.28,+0.16,-1.53
GYR,-0.81,+0.25,+0.19
MAG,+0.00,+0.00,+0.00
GRV,+9.79,-0.54,+0.00
Roll,-0.19,-3.19,+353.94
QUA,+1.00,+1.97,+0.00,-1.95
Temperature,25
ACC,-0.09,-0.47,+9.52
LIA,-0.06,+1.35,-0.26
GYR,-0.25,-0.44,-0.81
MAG,+8.00,+0.00,+0.00
GRV,+9.79,-0.54,+0.00
Roll,-0.12,-3.19,+354.00
QUA,+1.00,-0.03,-0.00,-1.95
Temperature,25
ACC,-0.07,-0.50,+9.61
LIA,-0.04,+0.04,-0.18
GYR,+1.25,+0.50,+0.88
MAG,+8.00,+0.00,+0.00
GRV,-317.89,-0.54,+0.00
Roll,-0.12,-3.12,+353.94
QUA,+1.00,-0.03,-0.00,+0.05
Temperature,25
ACC,-0.06,-0.44,+9.58
LIA,+1.28,+0.10,-0.20
GYR,-1.06,+1.19,+1.25
MAG,+8.00,+0.00,+0.00
GRV,-317.89,-0.54,+0.00
Roll,-0.31,-3.19,+353.81
QUA,+1.00,-0.03,+0.00,+0.05
Temperature,-103
ACC,+0.00,-0.45,+9.67
LIA,+1.44,+0.13,-0.11
GYR,+8.06,+0.19,+0.44
MAG,+0.00,+0.00,+0.00
GRV,-317.90,-0.57,+0.00
Roll,-0.44,-3.31,+353.69
QUA,+1.00,-0.03,+0.00,+0.05
Temperature,-103
ACC,-0.11,-0.46,+9.71
LIA,-0.04,+1.39,-0.07
GYR,-1.44,+0.81,-0.50
MAG,+0.00,+0.00,+0.00
GRV,+9.78,-0.58,+0.00
Roll,-0.38,-3.38,+361.81
QUA,+1.00,-0.03,+0.00,-1.95
Temperature,25
ACC,-0.07,-0.46,+9.61
LIA,+1.28,+0.11,-1.44
GYR,-0.31,+0.88,+0.19
MAG,+0.00,+0.00,+0.00
GRV,+9.78,-0.58,+0.00
Roll,-0.44,-3.44,+353.81
QUA,-1.00,+1.97,+0.00,-1.95
Temperature,25
ACC,-0.13,-0.53,-318.07
LIA,-0.04,+1.36,-1.45
GYR,-2.12,-1.25,+0.75
MAG,+0.00,+0.00,+0.00
GRV,+9.78,-0.61,+0.00
Roll,-8.50,-3.56,+361.81
QUA,+1.00,-0.03,+0.00,-1.95
Temperature,25
ACC,-0.11,-0.52,-318.06
LIA,-0.04,+1.40,-1.43
GYR,-0.44,-0.44,-0.31
MAG,+0.00,+0.00,+0.00
GRV,+9.78,-0.64,+0.00
Roll,-0.38,-3.75,+361.75
QUA,-1.00,-0.04,+0.00,-1.95
Temperature,25
ACC,+1.28,-1.79,+9.59
LIA,+0.08,+0.14,-0.18
GYR,+0.38,+0.88,+1.12
MAG,+0.00,+0.00,+0.00
GRV,+9.78,-0.65,+0.00
Roll,-0.50,-3.81,+353.69
QUA,-1.00,-0.04,+0.01,+0.05
Temperature,25
ACC,-0.05,-0.51,-317.97
LIA,+1.32,+0.16,-0.07
GYR,-1.31,-0.75,+0.25
MAG,+0.00,+0.00,+0.00
GRV,+9.78,-0.67,+0.00
Roll,-8.56,-3.94,+361.62
QUA,+1.00,-0.03,+0.01,+0.06
Temperature,-103
ACC,-0.05,-0.51,+9.61
LIA,+1.32,+0.15,-1.44
GYR,+0.06,+0.31,+0.06
MAG,+0.00,+0.00,+0.00
GRV,+9.78,-0.67,+0.00
Roll,-8.56,-3.88,+353.62
QUA,+1.00,-0.03,+0.01,+0.05
Temperature,-103
ACC,-0.16,-0.54,+9.58
LIA,-0.08,+0.11,-1.47
GYR,-0.69,-0.31,-0.12
MAG,+0.00,+0.00,+0.00
GRV,+9.78,-0.66,+0.00
Roll,-8.50,-3.88,+361.62
QUA,+1.00,-0.03,+0.01,+0.06
Temperature,25
ACC,-0.05,-0.52,+9.60
LIA,+0.01,+0.14,-0.17
GYR,+8.19,-0.69,-0.94
MAG,+8.00,+0.00,+0.00
GRV,+9.78,-0.66,+0.00
Roll,-0.38,-3.88,+353.62
QUA,-1.00,-0.04,+0.01,+0.05
Temperature,25
ACC,+0.00,-1.76,+9.59
LIA,+0.05,+0.16,-0.24
GYR,-0.31,-0.12,+0.19
MAG,+0.00,+0.00,+0.00
GRV,+9.78,+327.02,+0.00
Roll,-8.44,-3.88,+361.62
QUA,+1.00,-0.03,+0.00,+0.06
Temperature,25
ACC,-0.14,-0.50,+9.55
LIA,-0.07,+0.15,-0.23
GYR,-0.62,+0.19,+0.56
MAG,+0.00,+0.00,+0.00
GRV,+9.78,-0.66,+0.00
Roll,-8.38,-3.81,+353.62
QUA,+1.00,-0.04,+0.01,+0.05
Temperature,25
ACC,-0.12,-0.53,+9.49
LIA,-0.04,+0.13,-0.30
GYR,+0.56,+0.25,-0.19
MAG,+8.00,+0.00,+0.00
GRV,+9.78,+327.03,+0.00
Roll,-8.38,-3.75,+353.62
QUA,+1.00,-0.04,+0.00,+0.06
Temperature,-103
ACC,+1.28,-1.80,-318.03
LIA,+1.32,+0.14,-0.21
GYR,-0.19,-0.75,-0.12
MAG,+0.00,+0.00,+0.00
GRV,+9.78,+327.03,+0.00
Roll,-8.38,-3.81,+361.62
QUA,+1.00,-0.03,+0.00,+0.06
Temperature,25
ACC,+1.29,-0.48,+9.44
LIA,+1.36,+0.13,-0.31
GYR,-1.12,-0.62,-0.44
MAG,+0.00,+0.00,+0.00
GRV,-317.90,+327.03,+0.00
Roll,-0.31,-3.75,+361.62
QUA,+1.00,-0.03,+0.00,+0.06
Temperature,25
ACC,-0.02,-0.57,+9.62
LIA,+1.31,+0.09,-0.14
GYR,-0.25,+0.38,+1.00
MAG,+0.00,+0.00,+0.00
GRV,+9.78,+327.02,+0.00
Roll,-0.19,-3.81,+353.62
QUA,+1.00,-0.03,-0.00,+0.06
Temperature,25
ACC,-0.10,-0.51,+9.58
LIA,-0.07,+0.15,-0.23
GYR,+0.31,+0.56,+0.25
MAG,+0.00,+0.00,+0.00
GRV,+9.78,-0.66,+0.00
Roll,-8.19,-3.88,+361.62
QUA,+1.00,-0.03,+0.00,+0.06
Temperature,25
ACC,-0.05,-0.53,+9.51
LIA,-0.02,+0.11,-0.22
GYR,+0.12,+0.50,-0.19
MAG,+0.00,+0.00,+0.00
GRV,-317.90,+327.02,+0.00
Roll,-8.19,-3.88,+353.56
QUA,-1.00,-0.03,+0.00,+0.06
Temperature,25
ACC,-0.07,-0.51,+9.37
LIA,-0.04,+0.09,-0.19
GYR,-1.88,-0.56,+1.25
MAG,+0.00,+0.00,+0.00
GRV,+9.78,+327.01,+0.00
Roll,-0.19,-3.94,+353.50
QUA,+1.00,-0.03,+0.00,+0.06
Temperature,25
ACC,+1.29,-1.77,+9.48
LIA,+1.31,+0.15,-0.24
GYR,-0.50,+0.12,+0.06
MAG,+0.00,+0.00,+0.00
GRV,+9.78,-0.68,+0.00
Roll,-8.25,-3.94,+353.44
QUA,-1.00,-0.04,+0.00,+0.06
Temperature,-103
ACC,-0.17,-0.60,+9.49
LIA,-0.14,+1.37,-0.28
GYR,-1.94,+1.44,+0.94
MAG,+0.00,+0.00,+0.00
GRV,+9.78,-0.70,+0.00
Roll,-8.19,+2043.94,+353.44
QUA,+1.00,-0.04,-0.00,+0.06
Temperature,25
ACC,+0.10,-1.73,+9.75
LIA,+1.44,+0.28,-1.29
GYR,-0.50,+6.69,-1.94
MAG,+0.00,+0.00,+0.00
GRV,+9.77,-0.73,+0.00
Roll,-0.38,+2043.69,+353.38
QUA,+1.00,+1.95,+0.00,+0.06
Temperature,-103
ACC,+0.06,-0.62,-318.07
LIA,+1.34,+0.11,-0.16
GYR,-3.56,-2.00,-0.38
MAG,+0.00,+0.00,+0.00
GRV,+9.77,-0.74,+0.00
Roll,+0.00,+2035.69,+353.19
QUA,-1.00,-0.04,-0.00,-1.94
Temperature,25
ACC,-0.33,-0.89,+9.43
LIA,-0.34,-0.08,-0.33
GYR,-2.88,+1.62,+0.38
MAG,+0.00,+0.00,+0.00
GRV,+9.77,-0.80,+0.00
Roll,+0.00,-4.69,+353.12
QUA,+1.00,-0.04,-0.00,+0.06
Temperature,-103
ACC,-0.11,-0.64,+9.30
LIA,-0.06,+0.20,-0.46
GYR,+0.00,-8.38,+1.19
MAG,+8.00,+0.00,+0.00
GRV,+9.76,-0.84,+0.00
Roll,-0.25,-4.94,+352.88
QUA,+1.00,-0.04,-0.00,+0.06
Temperature,25
ACC,-0.14,-0.85,+9.83
LIA,-0.12,+0.00,+0.06
GYR,-1.19,-0.31,-2.00
MAG,+0.00,+0.00,+0.00
GRV,+9.76,-0.85,+0.00
Roll,-0.06,-4.94,+352.81
QUA,+1.00,-0.04,-0.00,+0.06
Temperature,25
ACC,-0.02,+326.92,+9.47
LIA,+1.28,+0.14,-0.31
GYR,-1.25,+1.06,+0.69
MAG,+0.00,+0.00,+0.00
GRV,-317.92,-0.88,+0.00
Roll,-8.25,+2042.88,+352.81
QUA,+1.00,-0.05,-0.00,+0.06
Temperature,-103
ACC,+0.06,-2.11,+9.60
LIA,-0.06,+0.00,+0.00
GYR,-3.12,-2.75,-0.62
MAG,+0.00,+0.00,+0.00
GRV,-317.92,-0.91,+0.00
Roll,-8.19,-5.31,+352.81
QUA,-1.00,-0.05,-0.00,+0.06
Temperature,25
ACC,-0.14,-0.76,+9.33
LIA,-0.12,+1.44,-0.42
GYR,-0.38,-0.88,+1.44
MAG,+0.00,+0.00,+0.00
GRV,+9.76,-0.93,+0.00
Roll,-0.06,-5.44,+352.75
QUA,+1.00,-0.06,-0.00,+0.06
Temperature,25
ACC,+0.18,-0.84,-318.00
LIA,+0.16,+0.10,-1.35
GYR,-1.56,-2.38,-2.12
MAG,+0.00,+0.00,+0.00
GRV,+9.76,-0.94,+0.00
Roll,+0.06,-5.50,+352.81
QUA,+1.00,-0.06,-0.00,-1.94
Temperature,25
ACC,+1.33,-0.95,+9.37
LIA,+0.02,-0.01,-0.38
GYR,-1.44,-1.25,+8.69
MAG,+8.00,+0.00,+0.00
GRV,+9.76,-0.94,+0.00
Roll,+0.19,-5.50,+353.06
QUA,+1.00,-0.05,-0.00,+0.06
Temperature,25
ACC,+0.09,-0.87,+9.68
LIA,+1.31,+0.11,-0.06
GYR,-0.50,-0.06,-0.19
MAG,+8.00,+0.00,+0.00
GRV,-317.93,-0.98,+0.00
Roll,+0.25,-5.75,+352.94
QUA,+1.00,-0.05,-0.01,+0.06
Temperature,25
ACC,-0.12,-0.91,+9.21
LIA,-0.15,+0.15,-0.63
GYR,+1.25,+1.75,-0.62
MAG,+0.00,+0.00,+0.00
GRV,+9.75,+326.71,+0.00
Roll,+0.00,-13.69,+361.00
QUA,+1.00,-0.05,-0.00,+0.06
Temperature,25
ACC,-0.08,+326.99,+9.39
LIA,-0.03,+0.32,-0.29
GYR,-1.25,-3.81,+1.31
MAG,+0.00,+0.00,+0.00
GRV,+9.75,-0.99,+0.00
Roll,+0.12,+2042.25,+352.81
QUA,-1.00,-0.05,-0.00,-1.94
Temperature,-103
ACC,+1.53,-2.10,+9.63
LIA,+1.41,+0.16,-0.12
GYR,-0.38,-0.12,-3.94
MAG,+0.00,+0.00,+0.00
GRV,+9.75,-0.98,+0.00
Roll,+0.69,+2034.25,+352.94
QUA,-1.00,-0.05,-0.00,+0.06
Temperature,25
ACC,+1.37,+326.61,+9.66
LIA,+0.00,-0.10,-0.09
GYR,+3.81,+1.25,-0.75
MAG,+0.00,+0.00,+0.00
GRV,+9.75,-0.95,+0.00
Roll,+0.50,+2042.44,+361.31
QUA,+1.00,-0.06,+1.99,+0.06
Temperature,-103
ACC,-0.15,-0.89,+9.44
LIA,-0.22,+1.30,-0.31
GYR,-1.19,-0.69,+0.75
MAG,+0.00,+0.00,+0.00
GRV,+9.76,-0.91,+0.00
Roll,+0.38,+2034.69,+361.25
QUA,+1.00,+1.95,-0.01,+0.06
Temperature,25
ACC,+1.28,-2.09,+9.66
LIA,-0.03,+1.40,-1.37
GYR,-0.38,+2.31,-1.19
MAG,+0.00,+0.00,+0.00
GRV,+9.76,-0.94,+0.00
Roll,+0.19,+2042.50,+353.19
QUA,+1.00,-0.06,-0.00,-1.94
Temperature,25
ACC,+1.28,-0.86,+9.47
LIA,+0.01,+0.05,-1.56
GYR,+1.00,+1.19,-0.38
MAG,+0.00,+0.00,+0.00
GRV,+9.76,-0.91,+0.00
Roll,+0.00,-13.31,+353.31
QUA,-1.00,+1.95,-0.00,+0.06
Temperature,25
ACC,-0.12,-0.88,+9.53
LIA,-0.10,+0.00,-1.50
GYR,+0.94,+1.62,+0.56
MAG,+0.00,+0.00,+0.00
GRV,+9.76,-0.88,+0.00
Roll,-0.06,-5.12,+353.31
QUA,+1.00,+1.96,-0.00,+0.06
Temperature,25
ACC,+0.02,-0.75,+9.52
LIA,+1.35,+0.09,-0.24
GYR,+2.38,+0.31,-0.62
MAG,+8.00,+0.00,+0.00
GRV,+9.76,-0.84,+0.00
Roll,-0.31,-4.94,+353.25
QUA,+1.00,-0.04,+0.00,+0.06
Temperature,25
ACC,-0.01,-0.61,+9.33
LIA,+1.38,+0.20,-0.43
GYR,-0.12,+2.00,+1.62
MAG,+8.00,+0.00,+0.00
GRV,+9.77,-0.81,+0.00
Roll,-0.69,-4.75,+353.19
QUA,+1.00,-0.04,+0.00,+0.06
Temperature,25
ACC,-0.16,-0.74,+9.63
LIA,-0.06,+0.09,-0.13
GYR,-2.19,-1.00,-1.25
MAG,+0.00,+0.00,+0.00
GRV,+9.76,-0.84,+0.00
Roll,-8.56,-4.88,+361.25
QUA,+1.00,-0.04,+0.00,+0.06
