SWV ITM Data Console - ITM Port: 0
Temperature,25
ACC,+5.01,-3.27,+7.90
LIA,+1.88,-0.15,-0.59
GYR,-1.56,-23.94,-21.31
MAG,+0.00,+0.00,+0.00
GRV,+8.74,-3.14,+0.00
Roll,+18.50,-19.75,-1721.94
QUA,+0.93,-0.11,-0.21,+0.28
Temperature,-103
ACC,+3.55,-3.84,+8.66
LIA,-0.26,-1.15,+0.40
GYR,+22.19,-14.00,-0.25
MAG,+0.00,+0.00,+0.00
GRV,+8.58,-4.15,+0.00
Roll,+22.56,-18.44,+334.31
QUA,+0.93,-0.09,-0.23,+0.28
Temperature,25
ACC,+4.38,-5.01,+7.54
LIA,+1.97,-0.79,-1.12
GYR,-24.19,-3.06,-20.56
MAG,+0.00,+0.00,+0.00
GRV,+9.87,-2.87,+0.00
Roll,-2025.56,-26.50,+328.25
QUA,+0.94,-0.10,-0.24,+0.26
Temperature,25
ACC,+4.64,-4.62,+7.31
LIA,-0.02,+0.05,-0.59
GYR,-8.94,-25.94,-33.62
MAG,+0.00,+0.00,+0.00
GRV,+7.91,+323.03,+0.00
Roll,-2027.38,+2016.94,+331.44
QUA,+0.92,-0.11,-0.29,+0.23
Temperature,25
ACC,+5.30,-3.85,+8.24
LIA,-0.02,-0.88,+0.52
GYR,+9.69,-25.88,-21.50
MAG,+0.00,+0.00,+0.00
GRV,+7.66,-2.92,+0.00
Roll,+33.25,+2027.19,+334.94
QUA,+0.92,-0.09,-0.32,+0.20
Temperature,25
ACC,+5.01,-2.87,+5.48
LIA,-0.72,+0.17,-1.91
GYR,-25.56,-13.62,-2.31
MAG,+0.00,+0.00,+0.00
GRV,-320.38,-4.31,+0.00
Roll,-2011.81,+2017.50,-1712.38
QUA,+0.92,-0.10,-0.34,+0.20
Temperature,25
ACC,+6.63,-3.63,+8.84
LIA,+2.15,-0.73,+1.45
GYR,-0.94,-0.81,-10.25
MAG,+0.00,+0.00,+0.00
GRV,+7.39,-4.18,+0.00
Roll,+35.94,-21.44,+347.31
QUA,+0.92,-0.10,-0.34,+0.17
Temperature,25
ACC,+5.52,-3.13,+6.28
LIA,-0.96,-0.25,-0.57
GYR,+16.31,-21.44,-2.06
MAG,+0.00,+0.00,+0.00
GRV,+6.89,-4.21,+0.00
Roll,+32.19,+2017.00,+338.56
QUA,+0.91,-0.09,-0.37,+0.17
Temperature,-103
ACC,+6.65,-3.66,+7.22
LIA,-0.44,-0.56,-0.02
GYR,+7.12,+40.31,+25.38
MAG,+0.00,+0.00,+0.00
GRV,+7.23,-3.10,+0.00
Roll,+36.62,+2016.81,+336.00
QUA,+0.91,-0.10,-0.34,+0.20
Temperature,-103
ACC,+5.73,-3.75,+7.82
LIA,+2.38,-0.13,-0.02
GYR,-5.12,+38.81,+32.50
MAG,+0.00,+0.00,+0.00
GRV,+9.12,+322.79,+0.00
Roll,-2019.88,-24.75,-1714.81
QUA,+0.92,-0.13,-0.28,+0.22
Temperature,25
ACC,+4.68,-3.73,+7.50
LIA,-0.01,+0.07,-0.21
GYR,+7.38,+1.00,+5.56
MAG,+0.00,+0.00,+0.00
GRV,+8.99,-5.08,+0.00
Roll,+28.62,-26.12,+331.94
QUA,+0.92,-0.14,-0.30,+0.23
Temperature,-103
ACC,+3.38,-3.88,+7.39
LIA,-1.14,-0.10,-0.43
GYR,+7.88,+20.19,+15.31
MAG,+8.00,+0.00,+0.00
GRV,+7.83,-5.05,+0.00
Roll,+27.19,-25.69,+329.06
QUA,+0.91,-0.13,-0.29,+0.25
Temperature,-103
ACC,+3.88,-4.19,+8.45
LIA,+0.70,-0.19,+0.08
GYR,+3.94,+64.31,+15.06
MAG,+0.00,+0.00,+0.00
GRV,-318.03,-3.99,+0.00
Roll,+18.88,-25.50,+334.69
QUA,+0.92,-0.16,-0.22,+0.28
Temperature,25
ACC,+2.65,-4.00,+8.44
LIA,-0.23,+0.32,+0.12
GYR,-6.62,-42.75,+4.25
MAG,+0.00,+0.00,+0.00
GRV,+9.59,-4.32,+0.00
Roll,+17.12,-27.50,+324.06
QUA,+0.92,-0.17,-0.22,+0.30
Temperature,-103
ACC,+1.48,-3.99,+7.66
LIA,-1.07,+0.32,-0.76
GYR,+19.75,+51.56,+8.12
MAG,+8.00,+0.00,+0.00
GRV,+8.42,-4.31,+0.00
Roll,+15.12,-27.06,+321.38
QUA,+0.91,-0.17,-0.20,+0.32
Temperature,25
ACC,+2.26,-4.69,+8.65
LIA,+2.10,-0.50,-0.09
GYR,-1.00,-2.06,+23.81
MAG,+0.00,+0.00,+0.00
GRV,+10.03,-4.18,+0.00
Roll,+8.44,-25.62,+321.56
QUA,+0.92,-0.18,-0.14,+0.32
Temperature,-103
ACC,+0.70,-3.83,+8.06
LIA,-0.84,+0.74,-0.46
GYR,-14.25,+7.19,+14.75
MAG,+0.00,+0.00,+0.00
GRV,+9.81,+323.11,+0.00
Roll,+9.06,-28.19,+319.88
QUA,+0.91,-0.20,-0.16,+0.33
Temperature,25
ACC,+0.99,-4.51,+9.24
LIA,+1.73,-0.30,+0.54
GYR,+27.12,+46.38,+4.31
MAG,+0.00,+0.00,+0.00
GRV,+8.77,-4.32,+0.00
Roll,+3.75,-26.19,+320.88
QUA,+0.92,-0.20,-0.10,+0.33
Temperature,-103
ACC,+0.14,-4.87,+8.86
LIA,-0.04,-0.65,+0.00
GYR,-3.38,-18.31,+19.19
MAG,+0.00,+0.00,+0.00
GRV,+8.85,-4.21,+0.00
Roll,+1.25,-25.44,+319.75
QUA,+0.92,-0.20,-0.09,+0.34
Temperature,25
ACC,-0.90,-4.05,+8.47
LIA,-1.07,+0.46,-0.34
GYR,+9.12,+23.81,+39.00
MAG,+0.00,+0.00,+0.00
GRV,+8.68,-4.54,+0.00
Roll,+0.94,-27.56,+318.12
QUA,+0.91,-0.22,-0.09,+0.35
Temperature,25
ACC,+0.10,-4.36,+8.59
LIA,+2.36,-0.11,-0.29
GYR,+12.25,+18.12,+4.56
MAG,+0.00,+0.00,+0.00
GRV,-317.62,-2.96,+0.00
Roll,+2034.25,-25.75,+318.44
QUA,+0.91,-0.23,-0.03,+0.35
Temperature,25
ACC,-1.21,-3.22,+9.33
LIA,-0.77,-0.12,+0.53
GYR,-6.00,-15.81,+13.62
MAG,+0.00,+0.00,+0.00
GRV,-318.91,-3.07,+0.00
Roll,-10.94,-26.38,-1731.19
QUA,+0.90,-0.22,-0.06,+0.36
Temperature,25
ACC,-1.25,-4.18,+8.46
LIA,-0.38,+0.16,-0.28
GYR,+15.19,+1.50,+18.12
MAG,+0.00,+0.00,+0.00
GRV,+8.74,-3.07,+0.00
Roll,-13.00,-26.44,+315.19
QUA,+0.90,-0.23,-0.04,+0.37
Temperature,25
ACC,-0.47,-4.26,+9.51
LIA,+1.61,+0.04,-0.28
GYR,-4.62,-20.00,-3.31
MAG,+0.00,+0.00,+0.00
GRV,-317.68,-4.39,+0.00
Roll,+2035.19,-26.75,+314.56
QUA,+0.90,-0.23,-0.05,+0.38
Temperature,25
ACC,-0.04,-4.61,-317.60
LIA,+1.28,-0.06,+0.17
GYR,-1.88,-33.94,-16.81
MAG,+0.00,+0.00,+0.00
GRV,-318.99,-4.53,+0.00
Roll,-8.25,-19.50,+315.38
QUA,+0.90,-0.22,-0.09,+0.37
Temperature,25
ACC,+1.48,-4.37,+7.86
LIA,-0.19,+0.12,-0.49
GYR,+1.31,-6.06,-11.81
MAG,+8.00,+0.00,+0.00
GRV,-317.77,+323.08,+0.00
Roll,+3.25,+2019.94,+315.00
QUA,+0.90,-0.21,-0.12,+0.37
Temperature,-103
ACC,+1.60,-4.69,+8.81
LIA,+1.87,+0.01,+0.27
GYR,-12.19,-36.88,-26.12
MAG,+0.00,+0.00,+0.00
GRV,+8.53,-4.71,+0.00
Roll,+5.88,-28.88,+317.50
QUA,+0.90,-0.21,-0.14,+0.35
Temperature,25
ACC,+2.15,-4.50,+8.63
LIA,-0.24,+0.06,+0.29
GYR,+23.56,-34.81,-40.88
MAG,+8.00,+0.00,+0.00
GRV,-318.07,+323.11,+0.00
Roll,+14.56,-28.44,+322.31
QUA,+0.91,-0.18,-0.20,+0.31
Temperature,25
ACC,+3.13,-4.13,+7.34
LIA,-0.05,+0.15,-0.87
GYR,-12.00,+2040.50,+2009.38
MAG,+0.00,+0.00,+0.00
GRV,+8.22,-4.28,+0.00
Roll,+19.19,-27.50,+325.00
QUA,+0.91,-0.17,-0.23,+0.29
Temperature,25
ACC,+3.94,-4.37,+7.76
LIA,-0.07,+0.05,-1.29
GYR,-31.94,-67.62,-6.12
MAG,+0.00,+0.00,+0.00
GRV,+7.77,-4.42,+0.00
Roll,+24.69,-30.00,+326.19
QUA,+0.90,-0.17,-0.28,+0.27
Temperature,25
ACC,+4.87,-3.60,+7.09
LIA,+0.10,+0.81,-0.24
GYR,+2.44,-24.88,-29.69
MAG,+0.00,+0.00,+0.00
GRV,+7.34,-4.42,+0.00
Roll,+29.06,-31.00,+329.62
QUA,+0.90,-0.16,-0.32,+0.24
Temperature,25
ACC,+4.51,-7.75,+11.09
LIA,-1.08,-4.02,+3.95
GYR,+111.31,-6.69,-95.00
MAG,+0.00,+0.00,+0.00
GRV,+7.13,+322.68,+0.00
Roll,+34.81,-27.50,+332.06
QUA,+0.90,-0.12,-0.35,+0.22
Temperature,25
ACC,+6.54,-3.63,+6.38
LIA,+1.82,+0.47,-0.18
GYR,-34.25,-20.44,-61.69
MAG,+0.00,+0.00,+0.00
GRV,+6.57,-4.11,+0.00
Roll,+37.75,-32.00,-1714.62
QUA,+0.89,-0.15,-0.38,+0.21
Temperature,25
ACC,+6.81,-3.84,+6.98
LIA,+1.69,+0.21,+0.76
GYR,+11.31,-19.94,-8.75
MAG,+0.00,+0.00,+0.00
GRV,+6.22,-4.05,+0.00
Roll,+32.69,-33.06,-1712.19
QUA,+0.88,-0.15,-0.40,+0.19
Temperature,-103
ACC,+7.45,-4.25,+5.68
LIA,-0.43,-0.33,-0.23
GYR,+8.25,-0.31,+16.00
MAG,+0.00,+0.00,+0.00
GRV,+7.30,-4.00,+0.00
Roll,+34.44,-41.56,-1714.44
QUA,+0.87,-0.14,-0.42,+0.21
Temperature,-103
ACC,-320.21,-3.51,+5.51
LIA,-0.27,+0.52,-0.49
GYR,+10.94,+19.44,-19.88
MAG,+0.00,+0.00,+0.00
GRV,+7.35,-3.98,+0.00
Roll,+42.12,-33.25,-1712.94
QUA,+0.89,+1.86,-0.41,+0.19
Temperature,25
ACC,+6.61,-3.73,+6.10
LIA,+1.56,-0.03,+0.04
GYR,+26.31,+5.88,+3.75
MAG,+0.00,+0.00,+0.00
GRV,+6.40,+323.94,+0.00
Roll,+40.81,+2017.69,+335.38
QUA,+0.89,-0.13,-0.40,+0.20
Temperature,-103
ACC,+6.08,-5.06,+5.85
LIA,-0.46,+0.03,-0.74
GYR,-13.19,-2.88,+23.06
MAG,+0.00,+0.00,+0.00
GRV,-321.29,-3.83,+0.00
Roll,+32.50,-30.88,+333.56
QUA,+0.88,-0.13,-0.40,+0.21
Temperature,25
ACC,+6.54,-3.92,+6.93
LIA,+1.71,-0.03,+0.46
GYR,+9.94,+10.50,-6.50
MAG,+0.00,+0.00,+0.00
GRV,+6.56,-3.88,+0.00
Roll,+38.94,+2017.44,-1713.12
QUA,+0.90,-0.14,-0.38,+0.20
Temperature,25
ACC,+7.06,-3.64,+5.78
LIA,-0.51,+0.36,-0.73
GYR,+13.00,-9.75,+9.00
MAG,+0.00,+0.00,+0.00
GRV,-321.30,-3.99,+0.00
Roll,-2008.19,-32.00,+333.75
QUA,+0.88,-0.14,-0.39,+0.21
Temperature,25
ACC,-320.12,-4.06,+6.71
LIA,+1.39,-0.25,+0.21
GYR,+4.44,+3.94,-1.06
MAG,+0.00,+0.00,+0.00
GRV,+6.56,-5.10,+0.00
Roll,-2008.81,-30.19,+334.06
QUA,+0.89,-0.13,-0.38,+0.20
Temperature,25
ACC,+5.90,-4.86,+5.65
LIA,-0.43,+0.32,-0.66
GYR,-3.31,+1.38,+15.12
MAG,+8.00,+0.00,+0.00
GRV,+6.49,-4.02,+0.00
Roll,+38.81,+2016.25,+333.56
QUA,+0.89,-0.14,-0.39,+0.21
Temperature,-103
ACC,+7.49,-4.03,+6.93
LIA,+1.50,-0.11,+0.30
GYR,+6.75,+7.06,-1.88
MAG,+0.00,+0.00,+0.00
GRV,+6.65,-3.95,+0.00
Roll,-2010.12,-30.69,+333.81
QUA,+0.90,-0.14,-0.38,+0.21
Temperature,-103
ACC,+5.84,-3.68,+5.79
LIA,-0.22,+0.28,-0.68
GYR,+11.38,-3.81,-4.19
MAG,+0.00,+0.00,+0.00
GRV,+6.57,-4.00,+0.00
Roll,+38.19,-31.31,+333.31
QUA,+0.89,-0.14,-0.38,+0.21
Temperature,25
ACC,-320.50,-3.99,+6.55
LIA,-0.16,+0.05,-0.25
GYR,-7.62,-0.75,+0.75
MAG,+0.00,+0.00,+0.00
GRV,+6.61,-3.96,+0.00
Roll,+38.12,+2017.06,-1714.69
QUA,+0.89,-0.14,-0.38,+0.21
Temperature,-103
ACC,-320.42,-3.94,+6.51
LIA,+1.34,+0.04,+0.00
GYR,+5.12,+11.69,-7.12
MAG,+0.00,+0.00,+0.00
GRV,+6.67,-4.01,+0.00
Roll,+37.44,-31.00,-1714.81
QUA,+0.90,-0.14,-0.37,+0.21
Temperature,25
ACC,-321.69,+323.92,+6.16
LIA,+1.32,+0.20,-0.44
GYR,+3.25,-5.06,-3.81
MAG,+0.00,+0.00,+0.00
GRV,+6.67,-4.01,+0.00
Roll,-2010.69,+2017.00,-1714.62
QUA,+0.89,-0.14,-0.37,+0.21
Temperature,25
ACC,+5.84,-3.89,+6.34
LIA,-0.27,+0.05,-0.22
GYR,-4.31,-10.81,-2.06
MAG,+0.00,+0.00,+0.00
GRV,+6.56,-3.95,+0.00
Roll,+38.56,-31.00,+333.19
QUA,+0.89,-0.14,-0.38,+0.21
Temperature,25
ACC,-320.45,-3.96,+6.49
LIA,-0.14,+0.02,-0.08
GYR,-2.00,+8.81,-1.88
MAG,+0.00,+0.00,+0.00
GRV,+6.56,-3.95,+0.00
Roll,+38.56,+2016.94,+333.38
QUA,+0.89,-0.14,-0.38,+0.21
Temperature,25
ACC,-320.32,+322.62,+7.45
LIA,+1.31,+0.22,-0.51
GYR,-0.81,-1.81,-0.94
MAG,+8.00,+0.00,+0.00
GRV,+6.60,-3.98,+0.00
Roll,+38.12,+2016.94,-1714.38
QUA,+0.89,-0.14,-0.38,+0.21
Temperature,25
ACC,-320.53,-4.07,+6.57
LIA,-0.37,-0.10,-0.07
GYR,-5.88,-13.62,+7.69
MAG,+0.00,+0.00,+0.00
GRV,+6.52,-3.93,+0.00
Roll,+39.00,-31.06,-1714.88
QUA,+0.89,-0.13,-0.39,+0.21
Temperature,25
ACC,+6.24,-3.96,+6.51
LIA,+1.36,-0.03,-0.02
GYR,+14.94,+11.50,-8.88
MAG,+0.00,+0.00,+0.00
GRV,+6.53,-3.93,+0.00
Roll,+38.88,-31.00,+334.00
QUA,+0.89,-0.14,-0.38,+0.20
Temperature,25
ACC,+6.64,-3.52,+6.62
LIA,+1.67,+0.33,+0.13
GYR,+12.75,-13.50,-27.00
MAG,+0.00,+0.00,+0.00
GRV,+6.49,-3.86,+0.00
Roll,+39.56,-30.75,+335.31
QUA,+0.89,-0.14,-0.39,+0.20
Temperature,25
ACC,+5.96,-3.81,+5.90
LIA,-0.46,+0.06,-0.40
GYR,-13.62,-8.88,-1.94
MAG,+0.00,+0.00,+0.00
GRV,+7.58,-3.87,+0.00
Roll,+32.94,-31.56,-1713.50
QUA,+0.88,-0.13,-0.40,+0.20
Temperature,25
ACC,+6.68,-3.98,+6.95
LIA,+1.59,-0.23,+0.50
GYR,+13.06,+12.06,-7.19
MAG,+0.00,+0.00,+0.00
GRV,+6.45,-3.74,+0.00
Roll,+32.44,-30.12,-1712.31
QUA,+0.90,-0.13,-0.39,+0.19
Temperature,25
ACC,+6.11,-3.57,+5.57
LIA,-0.25,+0.25,-0.83
GYR,+1.56,-2.25,+4.94
MAG,+8.00,+0.00,+0.00
GRV,+6.40,+322.58,+0.00
Roll,+32.44,-30.81,-1713.12
QUA,+0.89,-0.13,-0.39,+0.20
Temperature,-103
ACC,+6.46,-4.06,+6.84
LIA,+1.43,-0.34,+0.31
GYR,-0.31,-1.06,+0.69
MAG,+0.00,+0.00,+0.00
GRV,+6.52,+322.68,+0.00
Roll,+40.00,-29.75,-1713.12
QUA,+0.89,-0.13,-0.39,+0.20
Temperature,25
ACC,+6.20,-3.53,+5.82
LIA,-0.10,+0.36,-0.58
GYR,+1.44,+10.06,-5.75
MAG,+0.00,+0.00,+0.00
GRV,+6.41,-3.89,+0.00
Roll,+40.06,-31.25,+335.00
QUA,+0.89,-0.14,-0.39,+0.20
Temperature,25
ACC,+6.20,-3.85,+6.29
LIA,-0.13,+0.05,-0.38
GYR,-4.81,-12.81,+7.50
MAG,+0.00,+0.00,+0.00
GRV,+6.46,-5.10,+0.00
Roll,+39.94,+2017.44,+334.56
QUA,+0.89,-0.13,-0.39,+0.20
Temperature,25
ACC,+6.36,-4.09,+6.80
LIA,+1.39,-0.37,+0.25
GYR,+10.88,+4.19,+1.50
MAG,+0.00,+0.00,+0.00
GRV,+6.54,+323.93,+0.00
Roll,-2008.31,-29.81,-1713.62
QUA,+0.89,-0.13,-0.39,+0.20
Temperature,25
ACC,+6.08,-3.49,+5.75
LIA,-0.20,+0.42,-0.67
GYR,-10.94,-5.69,+4.69
MAG,+0.00,+0.00,+0.00
GRV,+6.42,-3.91,+0.00
Roll,+39.81,-31.31,+334.75
QUA,+0.89,-0.14,-0.39,+0.20
Temperature,25
ACC,-321.41,-4.02,+6.64
LIA,-0.12,-0.27,+0.14
GYR,+11.81,-12.44,+17.38
MAG,+0.00,+0.00,+0.00
GRV,+6.45,+323.88,+0.00
Roll,+40.12,-30.50,+334.81
QUA,+0.89,-0.13,-0.39,+0.20
Temperature,25
ACC,+6.39,-4.41,+7.33
LIA,+1.38,-0.73,+0.76
GYR,+26.25,+0.31,+7.56
MAG,+0.00,+0.00,+0.00
GRV,+6.56,+324.00,+0.00
Roll,-2008.19,-29.25,-1712.94
QUA,+0.89,-0.12,-0.39,+0.20
Temperature,-103
ACC,+6.75,-4.65,+4.63
LIA,-0.53,+0.84,-1.83
GYR,-18.12,+17.25,-4.56
MAG,+0.00,+0.00,+0.00
GRV,+6.39,-4.08,+0.00
Roll,+39.31,-40.50,+333.31
QUA,+0.89,-0.14,-0.39,+0.21
Temperature,-103
ACC,+7.19,-4.22,+9.46
LIA,+2.27,-0.51,+1.41
GYR,+17.12,-20.69,+6.62
MAG,+0.00,+0.00,+0.00
GRV,+6.72,+322.66,+0.00
Roll,-2009.75,+2018.88,+344.38
QUA,+0.91,-0.13,-0.37,+0.19
Temperature,25
ACC,+5.14,-3.67,+4.72
LIA,-0.12,+0.16,-1.48
GYR,+9.75,-4.31,+3.88
MAG,+0.00,+0.00,+0.00
GRV,+6.20,+323.84,+0.00
Roll,+41.88,-31.75,+332.06
QUA,+0.89,-0.12,-0.41,+0.22
Temperature,-103
ACC,+6.94,-4.19,+7.80
LIA,+2.14,-0.44,+1.08
GYR,-16.38,+25.94,-2.06
MAG,+0.00,+0.00,+0.00
GRV,+6.72,+322.66,+0.00
Roll,+38.25,-29.06,-1713.25
QUA,+0.90,-0.13,-0.37,+0.20
Temperature,-103
ACC,+5.73,-3.34,+5.24
LIA,-0.35,+0.84,-1.20
GYR,+6.44,-6.50,+4.06
MAG,+0.00,+0.00,+0.00
GRV,+6.45,-4.18,+0.00
Roll,+38.31,-32.94,+333.31
QUA,+0.89,-0.15,-0.39,+0.21
Temperature,-103
ACC,-321.50,-4.59,+7.33
LIA,+0.02,-0.63,+0.36
GYR,+3.75,-0.94,+5.62
MAG,+0.00,+0.00,+0.00
GRV,+6.65,-3.84,+0.00
Roll,+38.38,+2018.00,+332.88
QUA,+0.90,-0.13,-0.38,+0.22
