SWV ITM Data Console - ITM Port: 0
Temperature,30
ACC,+0.09,-0.48,+9.54
LIA,-0.02,-0.08,-0.24
GYR,-2.88,-1.12,+0.12
MAG,+0.00,+0.00,+0.00
GRV,+9.79,-0.40,+0.00
Roll,+0.69,-10.38,+278.81
QUA,+0.76,-0.01,-0.02,+0.65
Temperature,-98
ACC,+0.08,-0.44,-318.05
LIA,-0.02,-0.04,-0.15
GYR,+8.06,+1.19,+0.06
MAG,+0.00,+0.00,+0.00
GRV,-317.89,-0.38,+0.00
Roll,+0.50,-2.25,-1761.25
QUA,+0.76,-0.01,-0.02,+0.65
Temperature,-98
ACC,+0.01,-0.45,+9.57
LIA,-0.05,-0.11,-0.22
GYR,-1.00,+0.81,+0.75
MAG,+8.00,+0.00,+0.00
GRV,+9.80,-0.34,+0.00
Roll,+0.38,-9.94,-1769.31
QUA,+0.76,-0.01,+1.99,+0.65
Temperature,30
ACC,+1.35,-0.45,+9.48
LIA,+0.00,-0.14,-0.32
GYR,+5.94,-0.12,+3.50
MAG,+0.00,+0.00,+0.00
GRV,+9.80,-0.29,+0.00
Roll,+0.38,-1.69,+278.38
QUA,-1.24,-0.01,-0.00,+0.65
Temperature,-98
ACC,+0.45,+325.51,-317.45
LIA,+0.36,-0.58,-0.84
GYR,+8.12,-1.62,-0.94
MAG,+0.00,+0.00,+0.00
GRV,+9.80,-0.30,+0.00
Roll,+0.50,-1.75,+286.19
QUA,-1.24,-0.01,+1.99,+0.65
Temperature,-98
ACC,-0.01,-0.36,+9.41
LIA,-0.06,-0.12,-0.29
GYR,+11.81,+1.31,+1.00
MAG,+0.00,+0.00,+0.00
GRV,-317.88,-1.46,+0.00
Roll,+0.69,-9.00,+277.44
QUA,+0.76,-0.00,-0.01,+0.66
Temperature,30
ACC,+1.46,+0.08,+8.08
LIA,+1.30,+0.14,-0.44
GYR,+6.12,-1.12,+1.50
MAG,+0.00,+0.00,+0.00
GRV,+9.80,-1.32,+0.00
Roll,+0.94,-8.25,-1762.44
QUA,+0.75,+0.00,-0.01,+0.66
Temperature,30
ACC,+0.67,-0.09,+9.56
LIA,+0.47,-0.13,-0.24
GYR,+4.12,+1.56,-4.56
MAG,+0.00,+0.00,+0.00
GRV,+9.80,+0.04,+0.00
Roll,+1.12,+0.25,+278.06
QUA,+0.76,+0.00,-0.01,+0.66
Temperature,-98
ACC,+1.83,-1.44,+9.47
LIA,+1.56,-0.25,-0.32
GYR,+4.00,+1.81,+0.50
MAG,+0.00,+0.00,+0.00
GRV,+9.80,+0.09,+0.00
Roll,+1.50,+0.56,+278.06
QUA,+0.76,+0.00,+1.99,+0.66
Temperature,30
ACC,+0.16,+0.09,+8.19
LIA,-0.12,+0.00,-0.33
GYR,+9.75,+0.06,+5.50
MAG,+0.00,+0.00,+0.00
GRV,+9.80,+0.10,+0.00
Roll,+1.62,+0.56,+277.62
QUA,+0.75,+0.01,+1.99,+0.67
Temperature,30
ACC,+0.14,-1.38,-317.98
LIA,-0.08,-0.20,-0.09
GYR,+3.19,+4.69,+0.44
MAG,+0.00,+0.00,+0.00
GRV,+9.80,+0.10,+0.00
Roll,+1.25,+0.56,+276.94
QUA,-1.25,+0.01,-0.00,+0.67
Temperature,30
ACC,+0.29,-0.03,+9.48
LIA,+1.40,-0.23,-0.32
GYR,+8.88,+0.00,-10.38
MAG,+0.00,+0.00,+0.00
GRV,+9.80,+0.20,+0.00
Roll,+1.00,+1.19,+276.88
QUA,+0.75,+0.01,+0.00,+0.66
Temperature,30
ACC,+0.20,+0.19,+9.84
LIA,-0.01,-0.21,+0.04
GYR,+11.25,-7.19,-0.50
MAG,+8.00,+0.00,+0.00
GRV,+9.79,+0.40,+0.00
Roll,+1.31,+2.50,+277.00
QUA,+0.75,+0.02,+0.01,+0.66
Temperature,30
ACC,+0.07,+0.38,+9.69
LIA,-0.08,-0.29,-0.17
GYR,+3.31,-3.44,-0.69
MAG,+0.00,+0.00,+0.00
GRV,-317.90,+0.56,+0.00
Roll,+1.06,+3.25,-1770.81
QUA,+0.75,+0.03,+0.01,+0.66
Temperature,-98
ACC,+1.44,+0.85,-317.56
LIA,-0.06,+0.30,+0.07
GYR,+9.31,-3.81,-7.12
MAG,+0.00,+0.00,+0.00
GRV,+8.49,+0.71,+0.00
Roll,+1.75,-2043.88,-1770.44
QUA,+0.75,+0.04,+0.01,+0.66
Temperature,-98
ACC,+0.27,-326.65,+8.92
LIA,-0.05,-0.07,-0.46
GYR,+12.19,-7.00,-5.44
MAG,+0.00,+0.00,+0.00
GRV,+8.47,+0.88,+0.00
Roll,+2.25,-2042.81,-1770.25
QUA,+0.75,+0.05,+0.01,+0.66
Temperature,30
ACC,+0.56,-326.77,+8.27
LIA,-0.03,-0.08,-0.20
GYR,+8.12,-5.81,-1.38
MAG,+0.00,+0.00,+0.00
GRV,-319.24,+1.16,+0.00
Roll,+3.06,+6.75,+278.06
QUA,+0.76,+0.06,+0.02,+0.65
Temperature,30
ACC,+0.63,+0.01,+7.76
LIA,-0.05,-0.09,-0.35
GYR,+10.62,-6.75,+1.50
MAG,+0.00,+0.00,+0.00
GRV,+9.69,+0.04,+0.00
Roll,+4.00,-2040.25,+277.94
QUA,+0.76,+0.08,+0.02,+0.65
Temperature,30
ACC,+1.74,+0.15,+7.88
LIA,-0.31,+0.14,-0.55
GYR,+11.31,-0.94,+1.06
MAG,+0.00,+0.00,+0.00
GRV,+8.38,+1.49,+0.00
Roll,-2043.94,+0.75,+277.56
QUA,+0.75,+0.08,+0.02,+0.66
Temperature,30
ACC,+0.61,+0.41,+9.51
LIA,-0.08,+0.05,-0.16
GYR,+14.06,-6.19,-5.81
MAG,+0.00,+0.00,+0.00
GRV,-319.32,+1.59,+0.00
Roll,-2043.38,+1.38,+277.88
QUA,+0.75,+0.09,+0.02,+0.65
Temperature,30
ACC,+2.28,+1.41,+9.69
LIA,+1.42,-0.53,+0.45
GYR,+10.12,-14.94,-9.88
MAG,+0.00,+0.00,+0.00
GRV,+8.31,+1.80,+0.00
Roll,+5.62,+2.62,-1769.12
QUA,+0.76,+0.10,+0.02,+0.65
Temperature,30
ACC,+1.13,+1.76,+9.01
LIA,+1.34,-0.21,-0.52
GYR,+13.69,+2.44,-2.25
MAG,+0.00,+0.00,+0.00
GRV,+9.54,-325.71,+0.00
Roll,+6.19,+11.69,-1768.56
QUA,+0.76,+0.11,+0.02,+0.64
Temperature,30
ACC,+1.25,+1.57,+9.87
LIA,+1.37,-0.26,-0.03
GYR,+10.25,-0.62,+2.69
MAG,+0.00,+0.00,+0.00
GRV,+9.52,-325.65,+0.00
Roll,-2041.38,+4.06,+279.50
QUA,+0.77,+0.12,+0.02,+0.64
Temperature,30
ACC,+1.21,+2.04,+9.28
LIA,+1.30,-0.05,-0.22
GYR,+11.94,-1.75,-1.94
MAG,+0.00,+0.00,+0.00
GRV,+9.50,-326.87,+0.00
Roll,+6.94,+12.44,+279.38
QUA,+0.76,+0.12,+0.02,+0.64
Temperature,-98
ACC,+1.42,+2.08,+9.53
LIA,+1.41,-0.08,+0.08
GYR,+3.38,-2.44,+3.94
MAG,+0.00,+0.00,+0.00
GRV,+8.18,+2.21,+0.00
Roll,-2040.38,+5.12,+287.31
QUA,+0.76,+0.13,+0.02,+0.64
Temperature,30
ACC,+2.48,+2.20,+9.17
LIA,-0.12,-0.18,-0.24
GYR,-1.62,-1.94,+2.00
MAG,+0.00,+0.00,+0.00
GRV,+9.45,-326.72,+0.00
Roll,-2040.12,+13.31,-1769.19
QUA,+0.75,+0.13,+0.02,+0.64
Temperature,30
ACC,+1.38,+2.21,+9.67
LIA,-0.07,-0.06,+0.25
GYR,+9.06,-3.31,+0.06
MAG,+8.00,+0.00,+0.00
GRV,+9.42,+2.28,+0.00
Roll,+0.56,+13.62,-1761.31
QUA,+0.75,+0.14,+0.02,+0.64
Temperature,30
ACC,+1.30,+2.30,+9.37
LIA,-0.17,-0.01,-0.03
GYR,-1.00,+0.44,+1.62
MAG,+0.00,+0.00,+0.00
GRV,+9.40,-326.64,+0.00
Roll,+0.69,-2034.12,+286.38
QUA,+0.75,+0.14,+0.02,+0.65
Temperature,-98
ACC,+1.43,+2.15,+9.56
LIA,-0.07,-0.25,-0.11
GYR,+2.06,+1.12,-2.12
MAG,+0.00,+0.00,+0.00
GRV,+8.11,-325.33,+0.00
Roll,+9.00,-2041.94,-1769.75
QUA,+0.75,+0.14,+0.02,+0.65
Temperature,30
ACC,+1.50,+2.04,+9.40
LIA,-0.15,+0.04,+0.08
GYR,-1.25,-1.88,+0.31
MAG,+0.00,+0.00,+0.00
GRV,+8.11,+1.04,+0.00
Roll,+1.19,-2034.12,-1769.56
QUA,+0.75,+0.14,+0.02,+0.65
Temperature,30
ACC,+1.49,+2.20,+9.13
LIA,-0.08,-0.15,-0.05
GYR,-2.06,-0.62,-3.12
MAG,+0.00,+0.00,+0.00
GRV,+9.39,-325.36,+0.00
Roll,+1.25,-2034.12,+286.56
QUA,+0.75,+0.14,+0.02,+0.65
Temperature,30
ACC,+1.65,+2.08,+9.39
LIA,+1.36,-0.20,+0.00
GYR,+8.50,+0.56,-0.94
MAG,+0.00,+0.00,+0.00
GRV,+8.12,+1.01,+0.00
Roll,+9.19,+13.69,+286.75
QUA,+0.75,+0.14,+0.02,+0.64
Temperature,30
ACC,+1.53,+0.90,+9.19
LIA,+1.28,-0.21,-0.09
GYR,+9.19,+0.19,-0.12
MAG,+0.00,+0.00,+0.00
GRV,+9.41,+2.26,+0.00
Roll,+9.19,+13.50,-1761.31
QUA,+0.75,+0.14,+0.01,+0.64
Temperature,30
ACC,+1.65,+0.79,+9.29
LIA,+1.41,-0.20,-0.19
GYR,+11.56,+1.25,-0.06
MAG,+0.00,+0.00,+0.00
GRV,+9.40,+2.26,+0.00
Roll,+1.25,-2042.50,-1769.25
QUA,+0.75,+0.14,-1.99,+0.64
Temperature,30
ACC,+1.48,+2.21,+8.29
LIA,-0.07,-0.12,+0.07
GYR,-0.38,-0.19,-0.62
MAG,+0.00,+0.00,+0.00
GRV,+9.42,+2.20,+0.00
Roll,+9.31,-2034.88,-1769.19
QUA,+0.76,-1.86,-1.99,+0.64
Temperature,30
ACC,+1.64,+0.78,+8.12
LIA,-0.01,-0.07,-0.02
GYR,-1.94,-1.62,-0.56
MAG,+0.00,+0.00,+0.00
GRV,+9.42,+2.20,+0.00
Roll,+1.38,+5.12,+286.94
QUA,+0.75,+0.14,+0.00,+0.64
Temperature,-98
ACC,+1.57,-325.66,+8.02
LIA,-0.03,-0.19,-0.10
GYR,-4.88,-0.19,-3.25
MAG,+0.00,+0.00,+0.00
GRV,+9.41,+2.21,+0.00
Roll,+1.38,-2042.81,+279.06
QUA,+0.75,+0.13,+0.00,+0.64
Temperature,30
ACC,+1.55,-325.56,+8.10
LIA,-0.01,+0.02,+0.00
GYR,-3.00,+1.81,-2.50
MAG,+0.00,+0.00,+0.00
GRV,+9.43,+2.16,+0.00
Roll,+1.19,-2035.12,+279.38
QUA,-1.24,+0.14,+0.00,+0.64
Temperature,30
ACC,+1.49,+0.64,+9.30
LIA,-0.06,-0.17,+0.07
GYR,-5.25,-0.69,-4.19
MAG,+0.00,+0.00,+0.00
GRV,+9.45,+2.11,+0.00
Roll,+0.81,+12.56,+279.88
QUA,+0.76,+0.13,+0.01,+0.64
Temperature,30
ACC,+1.07,+2.18,+8.17
LIA,-0.33,+0.08,-0.01
GYR,-1.50,+3.00,-8.44
MAG,+0.00,+0.00,+0.00
GRV,+9.47,+2.09,+0.00
Roll,+0.19,+12.44,+280.62
QUA,-1.24,-1.87,+0.01,+0.63
Temperature,-98
ACC,+1.05,-326.75,+9.50
LIA,-0.14,+0.14,+0.00
GYR,-4.12,+8.31,-10.38
MAG,+0.00,+0.00,+0.00
GRV,+9.51,+2.06,+0.00
Roll,-2041.06,+12.25,+281.94
QUA,+0.77,+0.12,+0.02,+0.62
Temperature,-98
ACC,-325.21,+0.79,+9.47
LIA,+1.45,+0.08,+0.13
GYR,-3.38,+3.56,-10.12
MAG,+0.00,+0.00,+0.00
GRV,+9.54,+2.02,+0.00
Roll,+5.81,+3.94,+283.38
QUA,-1.22,+0.11,+0.02,+0.62
Temperature,-98
ACC,+2.46,+1.95,+9.54
LIA,+1.51,+0.00,-0.02
GYR,+10.06,+5.31,-4.69
MAG,+0.00,+0.00,+0.00
GRV,+9.55,-325.68,+0.00
Roll,-2042.69,+3.81,+284.31
QUA,+0.79,+0.11,+0.03,+0.61
Temperature,30
ACC,+0.54,+2.44,-319.25
LIA,-0.22,+0.07,-0.35
GYR,+10.00,+6.38,-6.69
MAG,+0.00,+0.00,+0.00
GRV,+8.28,+0.73,+0.00
Roll,-2043.12,+11.88,+284.69
QUA,+0.79,+0.10,+0.03,+0.61
Temperature,30
ACC,-326.77,+0.55,+9.50
LIA,+1.47,-1.59,-0.02
GYR,+10.19,-4.94,-12.88
MAG,+0.00,+0.00,+0.00
GRV,+8.27,+2.04,+0.00
Roll,+4.56,+4.00,-1761.94
QUA,+0.79,+0.11,+0.03,+0.60
Temperature,30
ACC,-326.67,+0.80,+8.45
LIA,+1.51,+0.03,+0.11
GYR,+8.56,+1.44,-3.56
MAG,+0.00,+0.00,+0.00
GRV,+8.27,-325.66,+0.00
Roll,+4.81,+3.94,+287.00
QUA,+0.80,+0.11,+0.03,+0.59
Temperature,-98
ACC,-326.71,-325.68,+9.63
LIA,+0.13,+0.02,+0.04
GYR,+8.06,-0.94,-0.19
MAG,+0.00,+0.00,+0.00
GRV,+9.55,+2.03,+0.00
Roll,-2043.06,-2036.00,-1760.81
QUA,+0.80,+0.11,+0.03,+0.59
Temperature,30
ACC,-326.88,+0.81,+8.20
LIA,-0.11,+0.01,-0.18
GYR,+10.12,-0.12,+0.94
MAG,+0.00,+0.00,+0.00
GRV,+9.54,+2.07,+0.00
Roll,-2042.88,-2043.75,-1760.94
QUA,+0.80,+0.11,+0.03,+0.58
Temperature,30
ACC,+0.86,+2.20,+9.50
LIA,-0.04,+0.18,+0.14
GYR,+8.75,-2.44,-0.38
MAG,+0.00,+0.00,+0.00
GRV,+8.24,-326.79,+0.00
Roll,+5.19,+4.88,-1760.94
QUA,+0.80,+0.12,+0.03,+0.59
Temperature,30
ACC,-325.56,+0.82,+9.77
LIA,-0.10,+0.05,+0.15
GYR,-1.75,-0.31,+5.31
MAG,+0.00,+0.00,+0.00
GRV,+8.24,+0.89,+0.00
Roll,-2042.81,-2043.12,-1761.19
QUA,+0.80,+0.12,+0.03,+0.59
Temperature,30
ACC,+2.13,+0.25,+8.69
LIA,-0.15,-0.35,-0.25
GYR,-9.75,-13.00,+2.88
MAG,+8.00,+0.00,+0.00
GRV,+8.24,+0.88,+0.00
Roll,+5.19,-2043.25,-1761.44
QUA,+0.80,+0.12,+0.03,+0.59
Temperature,30
ACC,+1.87,+0.68,+9.20
LIA,-0.12,-0.18,-0.35
GYR,-29.00,+5.62,-0.75
MAG,+0.00,+0.00,+0.00
GRV,+9.61,+1.69,+0.00
Roll,-2042.88,+9.94,+286.19
QUA,+0.80,+0.09,+0.01,+0.60
Temperature,-98
ACC,+0.83,+0.10,+10.53
LIA,-0.19,+0.77,+0.62
GYR,-34.44,-14.75,-6.94
MAG,+0.00,+0.00,+0.00
GRV,-319.25,+0.89,+0.00
Roll,+6.06,-2042.75,+286.81
QUA,+0.80,+0.07,-0.02,+0.59
Temperature,30
ACC,-325.25,-326.51,+9.88
LIA,+1.41,+0.07,-0.04
GYR,-40.00,-14.12,-20.06
MAG,+8.00,+0.00,+0.00
GRV,+8.42,+0.42,+0.00
Roll,-2040.19,+2.44,+288.56
QUA,+0.81,+0.06,-0.05,+0.58
Temperature,-98
ACC,+3.99,-1.07,+10.39
LIA,+2.03,-0.57,+0.23
GYR,-4.44,-8.19,+0.06
MAG,+0.00,+0.00,+0.00
GRV,-318.02,-1.53,+0.00
Roll,+9.69,-1.50,+290.06
QUA,+0.82,+0.04,-0.08,+0.57
Temperature,30
ACC,+1.96,+0.59,+9.18
LIA,-0.24,+0.53,+0.80
GYR,-3.94,-18.31,+1.38
MAG,+0.00,+0.00,+0.00
GRV,+9.59,+0.02,+0.00
Roll,+3.94,+0.12,+296.75
QUA,+0.81,+0.06,-0.09,+0.58
Temperature,30
ACC,+1.33,+1.26,+8.05
LIA,-0.43,+0.41,-0.04
GYR,+47.69,+16.12,-9.06
MAG,+0.00,+0.00,+0.00
GRV,+9.59,+0.70,+0.00
Roll,+3.12,-2043.81,+289.81
QUA,+0.82,+0.09,-0.06,+0.57
Temperature,30
ACC,+1.68,+1.16,+9.59
LIA,+1.40,-0.16,+0.11
GYR,+12.88,+3.94,+0.62
MAG,+0.00,+0.00,+0.00
GRV,+8.25,+0.19,+0.00
Roll,+2.31,+8.81,+291.19
QUA,+0.82,+0.11,-0.03,+0.56
Temperature,30
ACC,+1.67,+1.93,+9.86
LIA,-0.01,+0.17,+0.36
GYR,+2.56,-1.75,-0.75
MAG,+0.00,+0.00,+0.00
GRV,+9.47,+1.86,+0.00
Roll,+9.88,+3.12,+291.56
QUA,+0.82,+0.13,-0.02,+0.56
Temperature,30
ACC,+1.54,+1.82,+8.04
LIA,-0.10,+0.11,-0.28
GYR,+10.75,+5.12,-1.81
MAG,+0.00,+0.00,+0.00
GRV,+9.48,+1.86,+0.00
Roll,+9.56,+11.06,+291.69
QUA,+0.82,+0.13,-0.02,+0.56
Temperature,30
ACC,-325.67,+0.12,+9.16
LIA,-0.01,+0.06,+0.23
GYR,-11.50,-5.12,-2.56
MAG,+0.00,+0.00,+0.00
GRV,+8.19,+1.85,+0.00
Roll,+2.06,+3.00,+300.06
QUA,+0.82,+0.13,-0.02,+0.55
Temperature,30
ACC,-326.48,+2.28,+8.70
LIA,-0.09,+0.11,+0.42
GYR,-7.31,+4.00,-5.06
MAG,+0.00,+0.00,+0.00
GRV,+9.52,+1.64,+0.00
Roll,+9.75,+1.81,-1755.25
QUA,+0.83,+0.12,-0.02,+0.55
Temperature,30
ACC,+1.34,+1.69,+8.33
LIA,-0.05,+0.00,-0.20
GYR,-3.62,+18.50,+2.06
MAG,+0.00,+0.00,+0.00
GRV,+8.30,+1.60,+0.00
Roll,+7.75,+9.44,+292.88
QUA,+0.83,-1.90,-0.01,+0.55
Temperature,30
ACC,-326.81,-325.72,+8.13
LIA,-0.18,+0.33,-0.26
GYR,+4.69,-2.69,+4.50
MAG,+0.00,+0.00,+0.00
GRV,-318.07,+0.26,+0.00
Roll,-2041.25,+9.12,-1747.75
QUA,+0.83,-1.90,-0.01,+0.55
Temperature,30
ACC,-326.49,+1.65,+9.46
LIA,-0.15,+0.10,-0.14
GYR,+13.75,-1.88,+1.00
MAG,+0.00,+0.00,+0.00
GRV,+8.30,+0.32,+0.00
Roll,-2040.25,+9.50,-1756.00
QUA,+0.82,+0.11,-0.01,+0.56
Temperature,30
ACC,+1.30,+1.77,+8.17
LIA,-0.01,+0.09,-0.13
GYR,+13.88,-0.25,+1.12
MAG,+0.00,+0.00,+0.00
GRV,+9.56,+0.38,+0.00
Roll,+7.94,+1.88,+299.75
QUA,+0.82,+0.11,-0.01,+0.56
Temperature,30
ACC,+1.26,+0.45,+8.26
LIA,-0.16,+0.06,+0.07
GYR,+2.00,-1.00,-1.25
MAG,+0.00,+0.00,+0.00
GRV,+8.27,+0.44,+0.00
Roll,+0.19,+10.19,+291.81
QUA,+0.82,+0.11,-0.01,+0.56
Temperature,-98
ACC,+1.32,+0.59,+8.29
LIA,-0.20,+0.24,+0.04
GYR,+12.50,-0.19,+1.50
MAG,+0.00,+0.00,+0.00
GRV,+9.54,+1.67,+0.00
Roll,+0.56,+9.94,+291.88
QUA,+0.82,+0.11,+1.99,+0.56
Temperature,-98
ACC,+1.64,+1.34,+9.93
LIA,-0.29,+0.32,+0.04
GYR,+14.25,-11.19,-3.50
MAG,+0.00,+0.00,+0.00
GRV,+9.50,+1.71,+0.00
Roll,+1.81,+10.19,+299.75
QUA,+0.82,-1.88,-0.03,+0.56
Temperature,-98
ACC,+1.36,+0.60,+8.00
LIA,-0.26,+0.11,-0.39
GYR,+10.81,+12.38,-1.38
MAG,+0.00,+0.00,+0.00
GRV,+8.21,+0.55,+0.00
Roll,+1.38,+10.88,+292.25
QUA,+0.82,+0.12,-0.02,+0.55
Temperature,30
ACC,+1.51,+2.05,+9.37
LIA,+1.29,+0.19,-0.15
GYR,-2.81,-1.12,-0.81
MAG,+0.00,+0.00,+0.00
GRV,+9.50,+0.56,+0.00
Roll,+9.31,+10.94,-1755.75
QUA,+0.82,+0.12,-0.02,+0.55
Temperature,30
ACC,+2.54,+1.58,+9.58
LIA,-0.25,-0.26,-0.04
GYR,-3.56,+7.69,-3.06
MAG,+0.00,+0.00,+0.00
GRV,+8.23,+0.49,+0.00
Roll,+9.25,+2.50,-1747.12
QUA,+0.83,+0.12,-0.02,+0.55
Temperature,30
ACC,+1.67,+0.83,+8.23
LIA,+1.43,+0.22,-0.01
GYR,+9.25,-2.19,+2.50
MAG,+0.00,+0.00,+0.00
GRV,+8.23,+1.78,+0.00
Roll,+9.12,+2.56,+300.38
QUA,-1.18,+0.11,-0.02,+0.55
Temperature,30
ACC,+1.36,+1.67,-319.34
LIA,-0.24,-0.12,+0.11
GYR,-3.19,-3.94,+0.44
MAG,+0.00,+0.00,+0.00
GRV,+9.50,+1.79,+0.00
Roll,+1.50,+2.69,+300.44
QUA,+0.82,-1.88,-0.02,-1.45
Temperature,30
ACC,+1.65,+1.91,+8.11
LIA,-0.05,+1.41,-1.37
GYR,+12.00,-5.56,+1.94
MAG,+0.00,+0.00,+0.00
GRV,+9.48,+1.78,+0.00
Roll,+10.12,+10.62,+292.19
QUA,+0.82,+0.13,+1.97,+0.55
Temperature,30
ACC,-325.75,+0.44,+9.42
LIA,+0.11,-1.44,-0.02
GYR,+26.25,-4.88,-3.50
MAG,+0.00,+0.00,+0.00
GRV,+9.43,+1.92,+0.00
Roll,+10.75,+3.50,+292.19
QUA,+0.82,+0.13,-0.03,-1.45
Temperature,30
ACC,+2.05,-325.44,+7.99
LIA,-0.04,+1.39,-0.06
GYR,+25.12,-9.56,-7.88
MAG,+0.00,+0.00,+0.00
GRV,+9.33,+2.16,+0.00
Roll,+4.38,-2043.00,+293.56
QUA,+0.83,+0.15,+1.97,+0.54
Temperature,30
ACC,-325.39,+0.87,+9.25
LIA,+0.02,-0.12,+0.00
GYR,+10.00,-4.44,-5.38
MAG,+0.00,+0.00,+0.00
GRV,+9.25,+2.29,+0.00
Roll,-2042.62,+5.94,+294.25
QUA,+0.83,+0.16,-0.03,+0.54
Temperature,30
ACC,-325.66,+2.62,+9.41
LIA,-0.02,-0.01,-0.01
GYR,-2.06,+6.25,-0.31
MAG,+0.00,+0.00,+0.00
GRV,+9.26,+2.33,+0.00
Roll,-2035.06,-2041.88,+302.62
QUA,+0.84,-1.84,-0.03,+0.53
Temperature,30
ACC,+2.11,-325.24,+9.37
LIA,+1.29,+0.11,+0.00
GYR,+1.25,-5.81,+0.50
MAG,+0.00,+0.00,+0.00
GRV,+9.26,+2.35,+0.00
Roll,+12.88,-2033.81,-1745.31
QUA,+0.83,+0.16,-0.03,+0.53
Temperature,30
ACC,-325.60,+2.41,+7.86
LIA,-0.01,-0.10,-0.41
GYR,+9.81,+2.69,-6.31
MAG,+0.00,+0.00,+0.00
GRV,+9.25,+2.40,+0.00
Roll,+12.69,-2033.44,-1753.00
QUA,+0.83,+0.17,-0.03,+0.53
Temperature,-98
ACC,-325.52,+2.66,+9.09
LIA,+1.30,+0.19,+0.02
GYR,+13.75,-0.75,-2.88
MAG,+0.00,+0.00,+0.00
GRV,+7.95,+2.48,+0.00
Roll,+4.69,-2033.00,+295.44
QUA,+0.83,+0.17,-0.03,+0.53
Temperature,30
ACC,+1.93,+2.45,+9.07
LIA,-0.27,+0.02,+0.04
GYR,+0.56,+1.75,-2.25
MAG,+0.00,+0.00,+0.00
GRV,+7.92,+2.61,+0.00
Roll,+12.62,-2040.19,+296.00
QUA,+0.84,+0.17,-0.02,+0.52
Temperature,30
ACC,+2.16,+2.62,+9.20
LIA,+1.29,-0.05,+0.00
GYR,-3.00,+1.56,+3.94
MAG,+0.00,+0.00,+0.00
GRV,+9.20,+2.58,+0.00
Roll,-2035.12,+7.69,-1752.31
QUA,+0.84,+0.17,-0.02,+0.52
Temperature,30
ACC,+1.99,+2.65,+9.32
LIA,+1.28,-0.03,+0.05
GYR,+12.00,-1.06,-0.62
MAG,+0.00,+0.00,+0.00
GRV,+9.21,+2.59,+0.00
Roll,+4.62,-2040.25,-1744.31
QUA,+0.83,+0.17,+1.97,+0.52
Temperature,30
ACC,-325.55,-326.73,+9.14
LIA,-0.12,-0.37,+0.06
GYR,-0.81,+4.62,-1.44
MAG,+0.00,+0.00,+0.00
GRV,+9.21,+2.60,+0.00
Roll,+12.56,-2040.25,+303.75
QUA,+0.84,+0.17,-0.02,+0.52
Temperature,30
ACC,+2.25,+2.78,+7.79
LIA,+0.18,+0.10,-0.04
GYR,-2.81,-5.25,+2.88
MAG,+0.00,+0.00,+0.00
GRV,+9.21,+2.59,+0.00
Roll,+12.56,-2040.31,-1744.50
QUA,+0.84,+0.17,-0.02,+0.53
Temperature,-98
ACC,-325.58,-326.70,+7.96
LIA,-0.04,-0.34,+0.00
GYR,+0.06,+1.56,-1.19
MAG,+0.00,+0.00,+0.00
GRV,+9.20,+2.60,+0.00
Roll,-2043.25,+7.75,+295.56
QUA,+0.84,+0.17,-0.02,+0.52
Temperature,-98
ACC,-325.50,+2.68,+7.88
LIA,+1.29,+0.13,-0.08
GYR,-3.94,-1.38,+1.19
MAG,+0.00,+0.00,+0.00
GRV,+9.22,+2.54,+0.00
Roll,-2043.50,+7.38,+295.44
QUA,-1.17,-1.84,-0.02,+0.53
Temperature,-98
ACC,+2.19,-326.56,+7.89
LIA,+1.33,-0.13,-0.03
GYR,-0.75,-4.75,+1.44
MAG,+0.00,+0.00,+0.00
GRV,+9.21,+2.52,+0.00
Roll,+12.88,-2032.69,+295.38
QUA,+0.83,+0.17,-0.03,+0.53
Temperature,30
ACC,+2.25,+2.47,+9.32
LIA,+1.43,-0.02,-0.04
GYR,-0.56,+6.56,-0.19
MAG,+0.00,+0.00,+0.00
GRV,+9.23,+2.48,+0.00
Roll,-2035.31,+7.00,+303.31
QUA,+0.83,+0.17,-0.03,+0.53
