SWV ITM Data Console - ITM Port: 0
Temperature,-104
ACC,-0.38,-0.03,+9.86
LIA,+1.34,+0.10,+0.07
GYR,-3.00,-0.06,+0.25
MAG,+0.00,+0.00,+0.00
GRV,-317.89,-0.14,+0.00
Roll,-2.62,-0.81,+358.69
QUA,+1.00,-0.01,+0.02,+0.01
Temperature,-104
ACC,-0.39,-0.03,+9.88
LIA,+1.33,+0.11,+0.13
GYR,+1.25,+0.75,+0.25
MAG,+0.00,+0.00,+0.00
GRV,-317.89,-0.14,+0.00
Roll,-10.56,-0.81,+366.62
QUA,+1.00,-0.01,+0.02,+0.01
Temperature,-104
ACC,-0.39,-0.01,-317.80
LIA,+1.32,+0.11,+0.08
GYR,+0.38,-0.69,+0.19
MAG,+8.00,+0.00,+0.00
GRV,+9.79,-0.13,+0.00
Roll,-10.56,-0.75,-1689.38
QUA,+1.00,-0.01,+0.03,+0.01
Temperature,-104
ACC,-1.61,+0.00,+8.59
LIA,+1.63,+0.04,+0.07
GYR,+0.31,+0.75,+2.69
MAG,+0.00,+0.00,+0.00
GRV,+9.79,-0.13,+0.00
Roll,-10.38,-0.75,-1681.44
QUA,+1.00,-0.01,+0.02,+0.01
Temperature,-104
ACC,-0.03,+0.06,-319.07
LIA,+1.66,+0.19,+0.09
GYR,+0.19,+0.00,+0.88
MAG,+0.00,+0.00,+0.00
GRV,+9.79,-0.12,+0.00
Roll,-10.38,-0.69,+358.31
QUA,+1.00,+1.99,-1.97,+0.01
Temperature,24
ACC,-0.55,-0.03,+9.90
LIA,-0.13,+0.09,+0.10
GYR,+0.12,-0.12,+1.44
MAG,+0.00,+0.00,+0.00
GRV,+9.79,-0.12,+0.00
Roll,-2.44,-0.69,+358.25
QUA,+1.00,+1.99,+0.02,+0.02
Temperature,-104
ACC,+326.90,-0.22,-317.81
LIA,-0.35,-0.10,+1.36
GYR,+0.06,+0.44,+0.75
MAG,+0.00,+0.00,+0.00
GRV,+9.79,-0.12,+0.00
Roll,-2.44,-0.69,+366.12
QUA,+1.00,+1.99,+0.03,+0.02
Temperature,24
ACC,-0.73,-0.16,-317.79
LIA,-0.31,-0.04,+0.09
GYR,+8.06,+0.25,-1.81
MAG,+0.00,+0.00,+0.00
GRV,+9.79,-0.11,+0.00
Roll,-2.44,-0.69,+358.38
QUA,-1.00,+1.99,-1.97,+0.01
Temperature,24
ACC,-0.54,-0.05,+9.87
LIA,-0.12,+1.33,+0.08
GYR,+8.12,+0.31,+0.19
MAG,+0.00,+0.00,+0.00
GRV,+9.79,-0.11,+0.00
Roll,-10.44,-0.62,-1681.62
QUA,-1.00,+1.99,-1.97,+0.01
Temperature,24
ACC,+326.66,-0.24,+9.89
LIA,-0.59,-0.13,+0.10
GYR,-0.12,+0.56,+2.44
MAG,+0.00,+0.00,+0.00
GRV,+9.79,-0.10,+0.00
Roll,-2.44,-0.62,+358.25
QUA,-1.00,+1.99,-1.97,-1.98
Temperature,24
ACC,-0.55,+0.04,+8.60
LIA,+1.62,+0.09,+0.06
GYR,+0.25,-0.50,+0.19
MAG,+0.00,+0.00,+0.00
GRV,+9.79,-0.10,+0.00
Roll,-2.38,-0.56,-1690.00
QUA,-1.00,+1.99,+0.02,+0.02
Temperature,24
ACC,-0.31,+1.32,+9.87
LIA,+1.37,+0.13,+0.07
GYR,+0.31,-0.25,+0.75
MAG,+0.00,+0.00,+0.00
GRV,+9.79,-0.09,+0.00
Roll,-10.38,-0.56,-1689.94
QUA,-1.00,+1.99,+0.02,+0.02
Temperature,24
ACC,+326.91,-0.12,+9.88
LIA,-0.36,-0.02,+0.08
GYR,-0.06,+0.19,+0.06
MAG,+0.00,+0.00,+0.00
GRV,-317.89,-0.09,+0.00
Roll,-2.31,-0.50,-1689.94
QUA,+1.00,+1.99,+0.02,+0.02
Temperature,-104
ACC,-0.14,+1.31,+9.89
LIA,+0.26,+0.12,+0.09
GYR,+0.50,-0.38,+0.62
MAG,+0.00,+0.00,+0.00
GRV,+9.79,-0.08,+0.00
Roll,-2.38,-0.50,-1689.81
QUA,+1.00,+1.99,+0.02,+0.01
Temperature,-104
ACC,-0.58,+0.00,-319.09
LIA,-0.17,+0.07,+0.07
GYR,+0.31,+0.19,+1.12
MAG,+0.00,+0.00,+0.00
GRV,+9.79,-0.08,+0.00
Roll,-2.38,-0.44,-1690.06
QUA,+1.00,-0.01,+0.02,+0.02
Temperature,24
ACC,-0.59,-0.12,+9.88
LIA,-0.20,-0.04,+0.08
GYR,-0.44,+0.62,+1.69
MAG,+0.00,+0.00,+0.00
GRV,+9.79,-0.07,+0.00
Roll,-10.31,-0.44,-1690.25
QUA,+1.00,+2.00,+0.03,+0.02
Temperature,-104
ACC,-0.58,-0.15,-317.79
LIA,-0.18,-0.08,+0.09
GYR,+0.00,-0.06,+0.06
MAG,+0.00,+0.00,+0.00
GRV,+9.79,-0.07,+0.00
Roll,-2.31,-0.38,-1690.50
QUA,+1.00,+1.99,-1.97,-1.98
Temperature,24
ACC,+1.43,+0.08,-319.06
LIA,+1.83,+0.15,+0.10
GYR,+0.06,+0.00,+5.00
MAG,+0.00,+0.00,+0.00
GRV,+9.79,-0.07,+0.00
Roll,-2.31,-0.38,-1690.75
QUA,+1.00,+1.99,-1.98,+0.02
Temperature,24
ACC,-0.56,-0.16,-317.81
LIA,-0.15,-0.10,+0.07
GYR,+0.12,-0.25,+0.88
MAG,+0.00,+0.00,+0.00
GRV,+9.79,-0.06,+0.00
Roll,-10.31,-0.38,-1691.12
QUA,+1.00,-0.00,-1.97,+0.02
Temperature,24
ACC,+326.92,-0.19,+9.87
LIA,-0.35,-0.11,+0.06
GYR,-0.44,-0.12,+1.75
MAG,+0.00,+0.00,+0.00
GRV,-317.89,-0.06,+0.00
Roll,-10.38,-0.38,-1683.25
QUA,-1.00,-0.01,+0.03,+0.03
Temperature,24
ACC,+1.28,+0.13,-319.07
LIA,-0.04,-0.05,+0.08
GYR,+0.62,-1.00,+1.06
MAG,+0.00,+0.00,+0.00
GRV,+9.79,-0.06,+0.00
Roll,-10.31,-0.31,+356.62
QUA,+1.00,-0.00,+0.02,+0.03
Temperature,24
ACC,-0.66,-0.16,-317.80
LIA,+1.58,+0.05,+0.06
GYR,-0.62,+0.38,+2.12
MAG,+0.00,+0.00,+0.00
GRV,+9.79,-0.06,+0.00
Roll,-2.25,-0.31,-1691.62
QUA,-1.00,-0.01,+0.02,+0.03
Temperature,24
ACC,+326.77,-0.21,+9.89
LIA,+2.05,+0.37,+0.09
GYR,+0.31,-0.44,+0.75
MAG,+0.00,+0.00,+0.00
GRV,+9.79,-0.05,+0.00
Roll,-10.19,-0.25,+364.06
QUA,+1.00,-0.00,+0.02,+0.03
Temperature,24
ACC,-0.39,-0.03,-317.81
LIA,+1.43,-0.06,+0.12
GYR,+0.94,-0.69,-1.06
MAG,+0.00,+0.00,+0.00
GRV,+9.79,-0.04,+0.00
Roll,-2.19,-0.25,+356.06
QUA,+1.00,-0.00,+0.02,+0.03
Temperature,-104
ACC,+0.11,+0.06,+8.60
LIA,+1.75,+0.10,+0.08
GYR,-0.12,-0.12,-0.56
MAG,+0.00,+0.00,+0.00
GRV,+9.79,-0.03,+0.00
Roll,-10.06,-0.19,+356.19
QUA,-1.00,-0.01,+0.03,+0.03
Temperature,24
ACC,+0.07,+0.12,+9.89
LIA,+1.72,+0.16,+0.09
GYR,+0.69,-0.56,+1.25
MAG,+8.00,+0.00,+0.00
GRV,+9.79,-0.03,+0.00
Roll,-10.12,-0.19,-1692.00
QUA,-1.00,-0.01,+0.02,+0.03
Temperature,-104
ACC,-0.17,+1.44,+8.59
LIA,+0.20,+0.19,+0.07
GYR,-0.19,+0.19,+3.75
MAG,+0.00,+0.00,+0.00
GRV,-317.89,-0.03,+0.00
Roll,-2.19,-0.19,+363.50
QUA,-1.00,-0.00,+0.02,+0.04
Temperature,-104
ACC,+326.99,-0.03,-317.78
LIA,-0.31,+0.00,+0.10
GYR,-0.69,+0.62,+6.38
MAG,+0.00,+0.00,+0.00
GRV,-317.89,-0.03,+0.00
Roll,-2.25,-0.19,+354.94
QUA,-1.00,-0.00,+0.02,+0.04
Temperature,24
ACC,-0.41,+1.32,-317.81
LIA,-0.19,-0.03,+0.08
GYR,+8.12,+0.06,+0.94
MAG,+8.00,+0.00,+0.00
GRV,+9.79,-0.04,+0.00
Roll,-2.25,-0.19,+362.50
QUA,-1.00,-0.01,+0.02,+0.05
Temperature,-104
ACC,-0.58,-0.05,-317.78
LIA,-0.19,-0.01,+0.10
GYR,+0.06,+0.31,-1.56
MAG,+0.00,+0.00,+0.00
GRV,+9.79,-0.04,+0.00
Roll,-2.31,-0.19,+362.44
QUA,+1.00,-0.01,+0.03,+0.05
Temperature,24
ACC,-0.51,-0.23,+9.89
LIA,-0.11,-0.18,+0.09
GYR,+0.38,+0.31,+2.88
MAG,+0.00,+0.00,+0.00
GRV,-317.89,-0.04,+0.00
Roll,-2.31,-0.25,+354.56
QUA,-1.00,-0.01,+0.02,+0.05
Temperature,24
ACC,+1.50,+0.40,+8.62
LIA,+1.91,+0.45,+0.10
GYR,+0.31,+0.12,+4.00
MAG,+0.00,+0.00,+0.00
GRV,+9.79,-0.05,+0.00
Roll,-10.38,-0.25,+362.06
QUA,-1.00,-0.01,+0.02,+0.05
Temperature,-104
ACC,-0.02,+1.33,+8.61
LIA,-0.19,-0.22,+0.10
GYR,-0.81,+0.25,-0.31
MAG,+0.00,+0.00,+0.00
GRV,+9.79,-0.05,+0.00
Roll,-2.38,-0.25,+353.69
QUA,+1.00,-0.01,+0.02,+0.05
Temperature,24
ACC,+0.41,+0.44,-319.07
LIA,+0.82,+0.50,+0.09
GYR,-0.69,+0.56,-3.06
MAG,+0.00,+0.00,+0.00
GRV,-317.89,-0.06,+0.00
Roll,-2.38,-0.31,+353.69
QUA,+1.00,+2.00,+0.03,+0.05
Temperature,24
ACC,-0.57,-0.33,+9.91
LIA,-0.15,-0.26,+0.11
GYR,-1.00,+1.00,+4.38
MAG,+0.00,+0.00,+0.00
GRV,+9.79,-0.07,+0.00
Roll,-10.44,-0.44,+353.62
QUA,+1.00,+1.99,+0.02,+0.06
Temperature,24
ACC,-0.04,-0.10,-317.80
LIA,+1.63,-0.02,+0.08
GYR,-0.19,+0.12,+2.75
MAG,+8.00,+0.00,+0.00
GRV,+9.79,-0.07,+0.00
Roll,-2.31,-0.44,+353.25
QUA,+1.00,+1.99,+0.03,+0.06
Temperature,24
ACC,+326.56,-0.28,+9.92
LIA,-0.39,-0.16,+0.06
GYR,+8.19,+1.00,+0.06
MAG,+8.00,+0.00,+0.00
GRV,+9.79,-0.07,+0.00
Roll,-10.44,-0.44,+361.12
QUA,+1.00,-0.01,+0.02,+0.06
Temperature,24
ACC,+327.01,-0.45,-317.81
LIA,+2.37,+0.22,+0.12
GYR,-0.50,+0.25,-1.44
MAG,+0.00,+0.00,+0.00
GRV,-317.89,-0.08,+0.00
Roll,-2.56,-0.44,+353.19
QUA,+1.00,-0.01,+0.02,+0.06
Temperature,-104
ACC,-0.58,-0.17,-317.82
LIA,-0.44,-0.24,+0.12
GYR,+0.00,+0.44,+0.38
MAG,+8.00,+0.00,+0.00
GRV,-317.89,-0.08,+0.00
Roll,-2.62,-0.50,+353.44
QUA,+1.00,-0.01,+0.02,+0.06
Temperature,-104
ACC,-0.64,-0.05,+9.89
LIA,-0.09,+0.02,+0.09
GYR,+0.06,+1.19,+2.94
MAG,+0.00,+0.00,+0.00
GRV,+9.79,-0.08,+0.00
Roll,-10.75,-0.50,+361.06
QUA,+1.00,-0.01,+0.02,+0.06
Temperature,24
ACC,+326.51,-0.38,-317.78
LIA,+0.22,+0.06,+0.06
GYR,-0.75,+2.38,-2.06
MAG,+0.00,+0.00,+0.00
GRV,+9.79,-0.09,+0.00
Roll,-2.94,-0.56,+353.00
QUA,+1.00,-0.01,+0.03,+0.06
Temperature,24
ACC,+326.98,-0.26,+9.91
LIA,-0.16,-0.22,+0.05
GYR,-0.75,+4.19,+2.75
MAG,+0.00,+0.00,+0.00
GRV,-317.90,-0.11,+0.00
Roll,-11.31,-0.62,+352.69
QUA,+1.00,-0.01,+0.03,+0.06
Temperature,24
ACC,-1.43,-0.53,+9.88
LIA,-0.12,-0.38,+0.21
GYR,-1.56,+2.69,+4.19
MAG,+8.00,+0.00,+0.00
GRV,-317.91,-0.15,+0.00
Roll,+2035.75,-0.88,+360.50
QUA,+1.00,-0.01,+0.04,+0.07
Temperature,24
ACC,-1.13,-0.36,+9.85
LIA,+0.07,+0.02,+0.09
GYR,-1.88,+2.75,-0.06
MAG,+0.00,+0.00,+0.00
GRV,+9.76,-0.21,+0.00
Roll,+2042.62,-1.25,+352.31
QUA,+1.00,-0.01,+0.05,+0.07
Temperature,-104
ACC,-0.71,-0.30,+9.85
LIA,+1.40,-0.13,+0.02
GYR,-3.94,-0.12,-10.56
MAG,+0.00,+0.00,+0.00
GRV,+9.76,-0.25,+0.00
Roll,+2043.31,-1.44,+355.06
QUA,+1.00,-0.02,+0.04,+0.04
Temperature,24
ACC,+326.88,-0.41,+9.89
LIA,-0.03,-0.11,+0.13
GYR,-2.62,-3.56,-1.69
MAG,+0.00,+0.00,+0.00
GRV,+9.77,-0.28,+0.00
Roll,-4.56,-1.62,+355.06
QUA,+1.00,-0.02,+0.04,+0.04
Temperature,24
ACC,-0.74,-0.44,-317.76
LIA,+0.00,-0.13,+0.14
GYR,-0.62,-0.69,+0.00
MAG,+0.00,+0.00,+0.00
GRV,+9.77,-0.31,+0.00
Roll,+2043.69,-1.81,+363.06
QUA,-1.00,-0.02,-1.96,+0.03
Temperature,24
ACC,+326.92,-0.46,+9.89
LIA,+0.00,-0.12,+0.12
GYR,-0.12,+1.12,+1.31
MAG,+0.00,+0.00,+0.00
GRV,+9.77,-0.33,+0.00
Roll,-4.44,-1.94,+355.00
QUA,-1.00,-0.03,-1.96,+0.04
Temperature,24
ACC,+326.91,-0.50,+9.87
LIA,+0.00,-1.42,+1.38
GYR,+1.00,-0.44,+1.19
MAG,+0.00,+0.00,+0.00
GRV,+9.76,-0.35,+0.00
Roll,-4.50,-2.06,+354.94
QUA,-1.00,-0.03,+0.04,-1.96
Temperature,24
ACC,-0.78,-0.46,+9.84
LIA,-0.01,-0.11,+0.07
GYR,+0.25,+1.00,+0.81
MAG,+0.00,+0.00,+0.00
GRV,+9.76,-0.35,+0.00
Roll,-4.50,-2.00,+354.88
QUA,+1.00,-0.02,+0.04,+0.04
Temperature,24
ACC,-0.76,-0.48,+9.84
LIA,+0.01,-0.14,+0.07
GYR,+1.25,+0.06,+1.00
MAG,+0.00,+0.00,+0.00
GRV,-317.92,-0.33,+0.00
Roll,-4.56,-1.94,+354.75
QUA,+1.00,-0.02,+0.04,+0.05
Temperature,24
ACC,+326.91,-0.43,+9.89
LIA,+1.28,-0.12,+0.12
GYR,-0.25,+0.44,-0.12
MAG,+0.00,+0.00,+0.00
GRV,+9.77,-0.32,+0.00
Roll,-4.56,-1.88,+362.69
QUA,+1.00,-0.02,+0.04,+0.05
Temperature,24
ACC,+326.91,-0.48,+9.90
LIA,+1.28,-0.06,+0.12
GYR,+0.00,+2.69,+1.19
MAG,+0.00,+0.00,+0.00
GRV,-317.91,-0.29,+0.00
Roll,-12.38,-1.69,+354.62
QUA,+1.00,-0.02,+0.04,+0.05
Temperature,24
ACC,-0.75,-0.43,+9.87
LIA,+1.28,-0.09,+0.13
GYR,-0.62,-2.81,+0.00
MAG,+0.00,+0.00,+0.00
GRV,-317.91,-0.30,+0.00
Roll,-12.38,-1.81,+362.56
QUA,+1.00,-0.02,+0.04,+0.05
Temperature,24
ACC,+326.93,-0.38,-317.78
LIA,-0.03,-0.07,+0.12
GYR,-0.06,-1.31,-0.81
MAG,+0.00,+0.00,+0.00
GRV,+9.77,-0.31,+0.00
Roll,+2043.81,-1.81,+362.56
QUA,+1.00,-0.02,+0.04,+0.05
Temperature,24
ACC,-0.73,-0.41,+9.88
LIA,-0.02,-0.10,+0.10
GYR,+0.56,+0.00,+0.31
MAG,+0.00,+0.00,+0.00
GRV,+9.77,-0.31,+0.00
Roll,+2035.88,-1.81,+362.62
QUA,-1.00,-0.02,-1.96,-1.96
Temperature,-104
ACC,+326.97,-0.39,+9.90
LIA,+1.28,-0.09,+0.13
GYR,+1.25,+0.31,+0.38
MAG,+0.00,+0.00,+0.00
GRV,+9.77,-0.30,+0.00
Roll,+2035.88,-1.75,+362.62
QUA,+1.00,-0.02,-1.96,+0.05
Temperature,24
ACC,+326.96,-0.38,+9.89
LIA,-0.02,-0.09,+0.10
GYR,+0.06,+0.56,+1.50
MAG,+8.00,+0.00,+0.00
GRV,+9.77,-0.28,+0.00
Roll,+2043.81,-1.69,+354.56
QUA,+1.00,-0.02,+0.04,+0.05
Temperature,24
ACC,+326.93,-0.40,+9.87
LIA,-0.01,-0.11,+0.11
GYR,+8.75,+0.06,-0.12
MAG,+0.00,+0.00,+0.00
GRV,-317.91,-0.29,+0.00
Roll,+2043.81,-1.75,+354.56
QUA,+1.00,-0.02,+0.04,+0.05
Temperature,24
ACC,+326.89,-0.36,-317.81
LIA,+1.28,-0.08,+0.10
GYR,+0.44,+0.00,+2.38
MAG,+0.00,+0.00,+0.00
GRV,+9.77,-0.29,+0.00
Roll,+2035.81,-1.69,+354.56
QUA,+1.00,-0.02,+0.04,+0.05
Temperature,24
ACC,+326.93,-0.37,-317.80
LIA,-0.04,-0.04,+0.11
GYR,-0.06,+0.69,+0.44
MAG,+0.00,+0.00,+0.00
GRV,+9.77,-0.29,+0.00
Roll,+2043.81,-1.69,+354.44
QUA,+1.00,-0.02,+0.04,+0.05
Temperature,24
ACC,+326.94,-0.40,+9.88
LIA,-0.01,-0.10,+0.10
GYR,+0.44,+0.69,+0.69
MAG,+0.00,+0.00,+0.00
GRV,+9.77,-0.29,+0.00
Roll,-12.19,-1.69,+362.44
QUA,-1.00,-0.02,+0.04,+0.05
Temperature,24
ACC,+326.91,-0.25,+9.88
LIA,-0.04,+0.04,+0.10
GYR,+0.19,+0.19,+0.12
MAG,+8.00,+0.00,+0.00
GRV,+9.77,-0.29,+0.00
Roll,-12.25,-1.69,+354.44
QUA,+1.00,-0.02,+0.04,+0.05
Temperature,-104
ACC,+326.92,-0.39,-317.80
LIA,-0.01,-0.08,+0.12
GYR,+0.25,+0.19,+0.19
MAG,+0.00,+0.00,+0.00
GRV,-317.91,-0.29,+0.00
Roll,-4.25,-1.69,+354.44
QUA,+1.00,-0.02,-1.96,+0.05
Temperature,-104
ACC,-0.74,-0.36,-317.77
LIA,-0.01,-0.06,+0.14
GYR,-0.69,+0.12,-0.06
MAG,+8.00,+0.00,+0.00
GRV,+9.77,-0.29,+0.00
Roll,+2035.75,-1.69,+354.44
QUA,+1.00,-0.02,-1.96,+0.05
Temperature,24
ACC,-0.74,-0.37,-317.80
LIA,-0.01,-0.06,+0.09
GYR,-0.25,+0.00,+0.00
MAG,+0.00,+0.00,+0.00
GRV,+9.77,-0.29,+0.00
Roll,+2043.75,-1.69,+354.44
QUA,+1.00,-0.02,+0.04,+0.05
Temperature,24
ACC,+326.94,-0.38,+9.87
LIA,-0.01,-0.09,+1.37
GYR,+8.81,+0.06,-0.06
MAG,+8.00,+0.00,+0.00
GRV,+9.77,-0.29,+0.00
Roll,-4.25,-1.69,+354.44
QUA,+1.00,-0.02,-1.96,+0.05
Temperature,24
ACC,-0.75,-0.33,+9.89
LIA,-0.02,-0.04,+1.39
GYR,+0.44,+0.19,+0.19
MAG,+8.00,+0.00,+0.00
GRV,+9.77,-0.29,+0.00
Roll,-4.25,-1.69,+354.44
QUA,-1.00,-0.02,+0.04,+0.05
Temperature,24
ACC,-0.75,-0.36,+9.86
LIA,-0.02,-0.07,+0.08
GYR,-0.31,+0.06,+0.06
MAG,+0.00,+0.00,+0.00
GRV,+9.77,-0.29,+0.00
Roll,-4.25,-1.69,+354.44
QUA,-1.00,-0.02,+0.04,+0.05
Temperature,24
ACC,-0.73,-0.35,+9.87
LIA,+1.28,-0.05,+0.09
GYR,+0.31,-8.25,+0.06
MAG,+0.00,+0.00,+0.00
GRV,+9.77,-0.29,+0.00
Roll,-4.25,-1.69,+354.44
QUA,+1.00,-0.02,+0.04,+0.05
Temperature,24
ACC,-0.76,-0.34,+9.89
LIA,-0.03,-0.05,+0.12
GYR,-0.12,-0.06,-0.06
MAG,+0.00,+0.00,+0.00
GRV,-317.91,-0.29,+0.00
Roll,+2035.75,-1.69,+354.44
QUA,+1.00,-0.02,+0.04,+0.05
Temperature,24
ACC,+326.95,-0.32,+9.89
LIA,-0.01,-0.05,+0.11
GYR,-0.25,-0.06,+0.06
MAG,+0.00,+0.00,+0.00
GRV,+9.77,-0.29,+0.00
Roll,-12.25,-1.69,+354.44
QUA,+1.00,-0.02,+0.04,+0.05
Temperature,-104
ACC,+326.94,-0.33,-317.81
LIA,-0.01,-0.04,+0.09
GYR,+0.56,+0.19,-0.31
MAG,+0.00,+0.00,+0.00
GRV,+9.77,-0.29,+0.00
Roll,-4.25,-1.69,+354.44
QUA,-1.00,-0.02,-1.96,+0.05
Temperature,24
ACC,+326.93,-0.30,+9.88
LIA,-0.01,-0.02,+0.11
GYR,-0.81,-0.38,-0.12
MAG,+8.00,+0.00,+0.00
GRV,+9.77,-0.28,+0.00
Roll,-4.25,-1.62,+354.44
QUA,-1.00,-0.02,+0.04,+0.05
Temperature,24
ACC,-0.75,-0.26,-317.81
LIA,-0.02,-0.02,+0.11
GYR,+0.00,+0.25,-0.12
MAG,+0.00,+0.00,+0.00
GRV,-317.91,-0.27,+0.00
Roll,-12.25,-1.56,+362.44
QUA,+1.00,-0.02,+0.04,+0.05
Temperature,24
ACC,+326.95,-0.28,-317.80
LIA,+1.28,+0.01,+0.10
GYR,+0.50,+0.31,+0.25
MAG,+0.00,+0.00,+0.00
GRV,-317.91,-0.27,+0.00
Roll,+2043.75,-1.56,+362.44
QUA,-1.00,-0.02,+0.04,+0.05
Temperature,24
ACC,+326.93,-0.29,+9.89
LIA,-0.01,-0.01,+0.10
GYR,-1.19,-0.44,-0.94
MAG,+0.00,+0.00,+0.00
GRV,-317.91,-0.28,+0.00
Roll,-12.31,-1.62,+354.44
QUA,+1.00,-0.02,+0.04,+0.05
Temperature,-104
ACC,+326.94,-0.32,+9.88
LIA,+1.28,-0.01,+0.11
GYR,+0.88,+0.75,+0.44
MAG,+0.00,+0.00,+0.00
GRV,-317.91,-0.28,+0.00
Roll,-4.31,-1.69,+362.50
QUA,+1.00,-0.02,+0.04,+0.05
Temperature,24
ACC,+326.93,-0.32,-317.79
LIA,+1.28,-0.02,+0.10
GYR,+0.31,+0.19,+0.12
MAG,+8.00,+0.00,+0.00
GRV,+9.77,-0.29,+0.00
Roll,-12.31,-1.69,+354.50
QUA,+1.00,-0.02,+0.04,+0.05
Temperature,24
ACC,-0.77,-0.34,+9.89
LIA,-0.02,-0.05,+0.07
GYR,-0.50,+0.38,+0.00
MAG,+0.00,+0.00,+0.00
GRV,-317.91,-0.29,+0.00
Roll,+2043.69,-1.69,+354.50
QUA,+1.00,-0.02,+0.04,+0.05
Temperature,-104
ACC,+326.94,-0.34,-317.82
LIA,-0.02,-0.03,+0.11
GYR,-0.62,-0.56,-0.06
MAG,+0.00,+0.00,+0.00
GRV,+9.77,-0.30,+0.00
Roll,+2043.69,-1.75,+362.50
QUA,+1.00,-0.02,+0.04,+0.05
Temperature,24
ACC,+326.94,-0.36,+9.89
LIA,-0.02,-0.06,+0.10
GYR,+8.38,+0.25,+0.00
MAG,+0.00,+0.00,+0.00
GRV,-317.91,-0.30,+0.00
Roll,+2043.69,-1.75,+362.50
QUA,-1.00,-0.02,+0.04,+0.05
Temperature,-104
ACC,-0.76,-0.38,+9.89
LIA,-0.02,-0.08,+0.12
GYR,-0.06,+0.56,+0.12
MAG,+0.00,+0.00,+0.00
GRV,-317.91,-0.30,+0.00
Roll,-12.31,-1.75,+362.50
QUA,+1.00,-0.03,+0.05,+0.05
Temperature,24
ACC,+326.91,-0.36,+9.86
LIA,-0.02,-0.06,+0.09
GYR,+0.12,+0.00,+0.12
MAG,+0.00,+0.00,+0.00
GRV,-317.91,-0.30,+0.00
Roll,+2043.69,-1.75,+362.50
QUA,+1.00,-0.02,-1.95,+0.05
Temperature,24
ACC,+326.93,-0.37,-317.80
LIA,+0.00,-1.35,+0.10
GYR,+0.69,+0.50,+0.19
MAG,+0.00,+0.00,+0.00
GRV,+9.77,-0.30,+0.00
Roll,+2043.69,-1.75,+354.50
QUA,-1.00,-0.02,+0.05,+0.05
Temperature,24
ACC,+326.84,-0.28,+9.88
LIA,-0.10,+0.00,+0.10
GYR,+1.06,-0.38,+1.31
MAG,+0.00,+0.00,+0.00
GRV,+9.77,-0.28,+0.00
Roll,+2043.69,-1.69,+354.50
QUA,+1.00,-0.02,-1.96,+0.05
Temperature,24
ACC,-0.76,-0.33,+9.88
LIA,-0.02,-0.04,+0.10
GYR,-0.75,-0.56,-0.19
MAG,+8.00,+0.00,+0.00
GRV,+9.77,-0.29,+0.00
Roll,+2043.69,-1.69,+354.50
QUA,+1.00,-0.02,-1.96,+0.05
Temperature,-104
ACC,-0.77,-0.33,-317.82
LIA,-0.03,-0.04,+0.09
GYR,-0.69,-0.06,+0.00
MAG,+0.00,+0.00,+0.00
GRV,+9.77,-0.29,+0.00
Roll,-4.31,-1.69,+362.50
QUA,-1.00,-0.02,-1.96,+0.05
Temperature,-104
ACC,-0.77,-0.33,+9.88
LIA,-0.03,-0.04,+1.39
GYR,-0.62,-0.56,-0.56
MAG,+0.00,+0.00,+0.00
GRV,+9.77,-0.29,+0.00
Roll,-4.31,-1.69,+354.50
QUA,-1.00,-0.02,-1.96,+0.05
Temperature,24
ACC,-0.74,-0.36,+9.81
LIA,+1.28,-1.34,+1.32
GYR,+0.31,+0.44,+0.31
MAG,+8.00,+0.00,+0.00
GRV,+9.77,-0.29,+0.00
Roll,-4.31,-1.69,+354.50
QUA,+1.00,-0.02,-1.96,+0.05
Temperature,24
ACC,-0.78,-0.33,+9.87
LIA,-0.03,-0.03,+0.09
GYR,+1.06,+0.88,+0.62
MAG,+8.00,+0.00,+0.00
GRV,+9.77,-0.29,+0.00
Roll,-4.31,-1.69,+354.50
QUA,+1.00,-0.02,+0.04,+0.05
Temperature,24
ACC,-0.76,-0.34,+9.88
LIA,-0.01,-0.05,+0.11
GYR,-1.12,+0.06,-0.12
MAG,+8.00,+0.00,+0.00
GRV,+9.77,-0.28,+0.00
Roll,-4.38,-1.69,+354.44
QUA,+1.00,-0.02,+0.04,+0.05
