Temperature,29
ACC,+0.05,-0.37,+9.57
LIA,+1.36,-1.39,-0.23
GYR,-3.00,-2.00,+0.00
MAG,+0.00,+0.00,+0.00
GRV,+9.80,-0.25,+0.00
Roll,-0.12,-1.50,+276.25
QUA,+0.74,-0.01,-0.01,+0.67
Temperature,29
ACC,-0.06,-0.52,+9.53
LIA,-0.05,-0.22,-0.26
GYR,-2.69,-0.62,-0.62
MAG,+8.00,+0.00,+0.00
GRV,+9.80,-0.29,+0.00
Roll,+0.00,-1.75,+276.25
QUA,+0.74,-0.01,-0.01,+0.67
Temperature,-99
ACC,+0.08,-0.43,+9.54
LIA,+1.33,-0.09,-0.25
GYR,+8.19,+2.69,-1.56
MAG,+0.00,+0.00,+0.00
GRV,+9.80,-1.61,+0.00
Roll,+0.12,-1.94,-1771.69
QUA,+0.74,-0.01,-0.01,+0.67
Temperature,-99
ACC,-0.14,-0.56,+9.53
LIA,-0.12,-0.05,-0.18
GYR,-3.75,+1.75,+5.62
MAG,+0.00,+0.00,+0.00
GRV,-317.89,-0.36,+0.00
Roll,-0.44,-2.12,-1763.94
QUA,+0.74,-0.02,-0.01,+0.67
Temperature,29
ACC,-0.01,-0.45,+9.54
LIA,+1.36,-0.07,-0.23
GYR,-3.25,-3.12,-1.88
MAG,+0.00,+0.00,+0.00
GRV,+9.79,-0.41,+0.00
Roll,-8.31,-2.44,+275.88
QUA,+0.74,-0.02,-0.01,+0.67
Temperature,29
ACC,+0.04,-0.49,+9.55
LIA,+1.32,+0.03,-0.24
GYR,-0.31,-0.88,+2.12
MAG,+0.00,+0.00,+0.00
GRV,+9.79,-0.48,+0.00
Roll,+0.12,-2.81,+275.62
QUA,-1.26,-0.02,-0.02,+0.67
Temperature,29
ACC,-0.11,+0.00,+9.75
LIA,+1.28,+0.03,-0.25
GYR,+12.50,+3.62,+0.19
MAG,+0.00,+0.00,+0.00
GRV,+9.79,-0.44,+0.00
Roll,+0.06,-10.56,+275.06
QUA,+0.75,-0.02,-0.02,+0.67
Temperature,-99
ACC,+1.40,-0.54,+9.48
LIA,+0.13,-1.37,-0.31
GYR,-3.12,+1.06,-2.50
MAG,+0.00,+0.00,+0.00
GRV,+9.79,-0.45,+0.00
Roll,-0.06,-2.69,+275.19
QUA,+0.74,-0.03,+1.99,+0.68
Temperature,29
ACC,+0.14,-0.54,+9.58
LIA,+0.14,-0.06,-0.20
GYR,+0.25,-2.00,-1.62
MAG,+0.00,+0.00,+0.00
GRV,+9.79,-0.47,+0.00
Roll,+0.00,-2.75,+275.19
QUA,-1.26,-0.02,-0.02,+0.68
Temperature,29
ACC,+0.38,-0.37,+9.46
LIA,+1.61,+0.11,-0.32
GYR,-2.06,-1.38,-2.44
MAG,+0.00,+0.00,+0.00
GRV,+9.79,-0.49,+0.00
Roll,+0.31,-2.88,+275.31
QUA,+0.75,-0.02,-0.02,+0.67
Temperature,29
ACC,-0.47,-0.78,+9.68
LIA,-0.55,-0.28,-0.10
GYR,+9.56,-0.12,+3.00
MAG,+8.00,+0.00,+0.00
GRV,+9.79,-1.77,+0.00
Roll,+0.44,-2.94,+275.12
QUA,+0.75,-0.02,-0.02,+0.67
Temperature,29
ACC,-0.17,-0.41,+9.66
LIA,-0.29,+0.12,-0.12
GYR,-0.50,+0.19,-1.19
MAG,+0.00,+0.00,+0.00
GRV,-317.89,-1.81,+0.00
Roll,+0.69,-3.06,+275.19
QUA,+0.75,-0.02,-0.02,+0.67
Temperature,29
ACC,+0.45,-2.03,+9.42
LIA,+1.54,-1.22,-0.31
GYR,-4.50,-1.88,+0.38
MAG,+0.00,+0.00,+0.00
GRV,-317.90,-1.89,+0.00
Roll,+0.88,-11.56,+275.75
QUA,+0.74,-0.02,-0.03,+0.67
Temperature,29
ACC,+0.31,+325.54,+9.56
LIA,+1.34,-0.02,-0.26
GYR,-2.31,-2.25,-0.06
MAG,+0.00,+0.00,+0.00
GRV,+9.78,-0.63,+0.00
Roll,+1.06,-11.69,+275.69
QUA,+0.75,-0.02,-0.03,+0.67
Temperature,29
ACC,-0.02,-0.64,-318.03
LIA,+1.44,-0.51,-0.36
GYR,-1.38,-0.62,+2.19
MAG,+0.00,+0.00,+0.00
GRV,-317.91,-1.98,+0.00
Roll,+1.38,+2043.94,+283.50
QUA,+0.75,-0.03,-0.03,+0.67
Temperature,29
ACC,+1.61,-2.04,+9.64
LIA,+1.37,-0.04,-0.30
GYR,+8.94,-3.50,+7.50
MAG,+0.00,+0.00,+0.00
GRV,+9.77,-0.71,+0.00
Roll,+1.38,+2043.88,+283.12
QUA,+0.75,-0.02,-0.03,+0.67
Temperature,29
ACC,+1.62,-1.90,+9.51
LIA,+1.29,-0.17,-0.15
GYR,-0.69,-2.12,+9.31
MAG,+0.00,+0.00,+0.00
GRV,-317.91,+325.67,+0.00
Roll,+1.56,-4.25,+275.19
QUA,+0.74,-0.02,-0.04,+0.67
Temperature,29
ACC,+0.10,-1.73,+9.45
LIA,-0.11,+0.07,-0.23
GYR,+2.06,+2.25,+2.12
MAG,+0.00,+0.00,+0.00
GRV,-317.91,-0.69,+0.00
Roll,+1.44,-4.00,+274.75
QUA,+0.74,-0.02,-0.03,+0.68
Temperature,29
ACC,+0.22,-1.00,+9.52
LIA,-0.08,-0.03,-0.18
GYR,-1.25,-1.56,-3.00
MAG,+0.00,+0.00,+0.00
GRV,+9.77,-0.71,+0.00
Roll,+1.56,+2035.88,+275.12
QUA,+0.75,-0.02,-0.03,+0.68
Temperature,29
ACC,+0.25,-1.92,+9.53
LIA,+1.32,-0.13,-0.27
GYR,-0.12,-1.31,+1.50
MAG,+8.00,+0.00,+0.00
GRV,+9.77,+325.65,+0.00
Roll,+1.75,+2035.62,+275.12
QUA,+0.74,-0.02,-0.04,+0.67
Temperature,29
ACC,+0.24,-1.02,+9.49
LIA,+1.33,-0.03,-0.26
GYR,+0.62,+0.88,-0.62
MAG,+0.00,+0.00,+0.00
GRV,-317.91,+325.66,+0.00
Roll,+1.75,-4.31,+282.88
QUA,+0.74,-0.02,-0.04,+0.68
Temperature,-99
ACC,+0.22,-1.28,+9.44
LIA,-0.07,+0.23,-0.21
GYR,-0.38,+2.00,-1.31
MAG,+0.00,+0.00,+0.00
GRV,-317.91,+326.94,+0.00
Roll,+1.69,+2035.62,+274.81
QUA,+0.74,-0.02,-0.04,+0.68
Temperature,29
ACC,+0.35,-0.84,+9.49
LIA,+1.31,-0.08,-0.27
GYR,-1.00,-0.50,-1.00
MAG,+0.00,+0.00,+0.00
GRV,+9.77,+325.65,+0.00
Roll,+1.81,-12.44,+274.88
QUA,+0.74,-0.02,-0.04,+0.68
Temperature,29
ACC,+1.60,+326.69,+9.53
LIA,-0.20,-0.17,-0.24
GYR,+4.06,-0.94,+2.06
MAG,+0.00,+0.00,+0.00
GRV,-317.91,-0.75,+0.00
Roll,+1.94,-12.38,+274.81
QUA,+0.74,-0.02,-0.04,+0.68
Temperature,29
ACC,+0.35,-0.85,+9.43
LIA,+1.45,-0.13,-0.24
GYR,-0.69,-0.94,-0.81
MAG,+0.00,+0.00,+0.00
GRV,+9.77,+325.66,+0.00
Roll,+2.06,-4.38,+282.75
QUA,+0.73,-0.02,-0.04,+0.68
Temperature,29
ACC,+1.89,-2.28,+9.47
LIA,+1.32,-0.17,-0.29
GYR,+2.75,+2.75,+6.44
MAG,+0.00,+0.00,+0.00
GRV,-317.91,+325.65,+0.00
Roll,+2.00,+2043.62,+274.31
QUA,-1.27,-0.02,-0.04,+0.68
Temperature,29
ACC,+1.64,+325.28,+9.48
LIA,+1.37,-0.02,-0.27
GYR,-0.88,-1.12,-1.88
MAG,+0.00,+0.00,+0.00
GRV,+9.77,-2.01,+0.00
Roll,+1.94,-12.31,+282.00
QUA,+0.73,-0.02,-0.04,+0.68
Temperature,29
ACC,+1.61,-2.26,+9.44
LIA,-0.04,+0.01,-0.22
GYR,-0.75,-1.69,+3.38
MAG,+0.00,+0.00,+0.00
GRV,-317.91,+326.93,+0.00
Roll,+1.94,+2035.62,+273.75
QUA,+0.73,-0.02,-0.04,+0.68
Temperature,29
ACC,+1.73,-2.33,+9.52
LIA,+1.30,+0.12,-0.35
GYR,+0.38,-0.81,+2.31
MAG,+0.00,+0.00,+0.00
GRV,+9.77,-0.75,+0.00
Roll,+2.06,-12.44,+273.44
QUA,+0.73,-0.02,-0.04,+0.68
Temperature,-99
ACC,+0.50,-2.10,+9.47
LIA,+1.39,-0.24,-0.33
GYR,+8.25,-3.25,+4.44
MAG,+0.00,+0.00,+0.00
GRV,-317.92,-2.04,+0.00
Roll,+2.12,+2043.56,+280.88
QUA,+0.73,-0.02,-0.04,+0.69
Temperature,29
ACC,+0.49,+325.46,+9.43
LIA,-0.07,-0.01,-0.21
GYR,+0.00,-0.19,+2.44
MAG,+0.00,+0.00,+0.00
GRV,+9.76,+325.64,+0.00
Roll,+2.31,+2035.56,+280.44
QUA,+0.72,-0.01,-0.04,+0.69
Temperature,29
ACC,+1.51,-0.40,+9.54
LIA,-0.06,-0.33,-0.25
GYR,-1.12,+0.12,+0.50
MAG,+0.00,+0.00,+0.00
GRV,+9.76,-0.77,+0.00
Roll,+2.25,+2035.50,+272.00
QUA,+0.72,+1.99,-0.04,+0.69
Temperature,29
ACC,+1.67,-0.82,+9.57
LIA,-0.12,+0.00,-0.24
GYR,+8.38,+0.56,+0.44
MAG,+0.00,+0.00,+0.00
GRV,+9.76,-0.77,+0.00
Roll,+2.19,-12.56,+272.00
QUA,+0.72,+1.98,-0.04,+0.69
Temperature,29
ACC,+1.76,+325.42,+9.55
LIA,+0.09,-0.19,-0.20
GYR,+8.62,-0.75,-0.44
MAG,+0.00,+0.00,+0.00
GRV,+9.76,-0.78,+0.00
Roll,+2.25,-12.56,+280.12
QUA,+0.72,-0.02,-0.03,+0.69
Temperature,29
ACC,+0.41,+325.46,+9.49
LIA,-0.04,-0.13,-0.25
GYR,-0.56,-0.88,-0.75
MAG,+0.00,+0.00,+0.00
GRV,+9.76,-0.78,+0.00
Roll,+2.31,+2043.44,+280.06
QUA,+0.72,-0.01,-0.04,+0.69
Temperature,29
ACC,+0.44,+326.96,+9.48
LIA,-0.03,-0.16,-0.26
GYR,+9.38,-3.81,+0.31
MAG,+0.00,+0.00,+0.00
GRV,+9.76,-0.78,+0.00
Roll,+2.38,+2035.44,+272.06
QUA,+0.73,+1.99,-0.04,+0.69
Temperature,-99
ACC,+0.56,+325.62,+9.48
LIA,+1.28,-0.02,-0.20
GYR,+0.31,-0.94,+1.31
MAG,+0.00,+0.00,+0.00
GRV,+9.76,-0.77,+0.00
Roll,+2.81,+2035.50,+280.06
QUA,+0.72,-0.01,-0.04,+0.69
Temperature,29
ACC,+0.55,-2.10,+9.46
LIA,+1.28,-0.29,-0.30
GYR,-0.62,+0.06,+0.62
MAG,+0.00,+0.00,+0.00
GRV,+9.76,-0.78,+0.00
Roll,+2.81,+2035.44,+272.00
QUA,+0.72,-0.01,+1.95,+0.70
Temperature,-99
ACC,+0.57,+326.66,+9.52
LIA,-0.06,+0.09,-0.25
GYR,-1.56,-3.44,+2.81
MAG,+0.00,+0.00,+0.00
GRV,+9.75,-0.80,+0.00
Roll,+3.06,+2035.31,-1776.25
QUA,+0.72,-0.01,-0.05,+0.70
Temperature,29
ACC,+1.72,+326.84,+9.52
LIA,-0.14,-0.16,-0.28
GYR,-0.25,+0.69,+0.94
MAG,+0.00,+0.00,+0.00
GRV,+9.75,-0.82,+0.00
Roll,+3.06,+2035.19,+271.50
QUA,-1.28,-0.01,-0.05,+0.70
Temperature,29
ACC,+1.62,-0.63,+9.58
LIA,-0.19,+0.09,-0.23
GYR,+8.06,-0.94,-0.31
MAG,+0.00,+0.00,+0.00
GRV,+9.75,-0.82,+0.00
Roll,+3.12,+2035.25,-1776.50
QUA,+0.72,-0.01,-0.05,+0.70
Temperature,-99
ACC,+1.71,-0.73,+9.48
LIA,+1.33,-0.09,-0.21
GYR,+8.19,-0.56,-1.50
MAG,+0.00,+0.00,+0.00
GRV,+9.75,-0.81,+0.00
Roll,+3.25,-4.75,+271.50
QUA,+0.72,-0.01,-0.05,+0.70
Temperature,-99
ACC,+1.90,-1.08,+9.45
LIA,+1.32,-1.55,-0.30
GYR,+0.50,-0.06,+1.38
MAG,+0.00,+0.00,+0.00
GRV,+9.75,-0.81,+0.00
Roll,+3.38,-4.75,-1776.44
QUA,-1.28,-0.01,-0.05,+0.70
Temperature,29
ACC,-327.04,+325.47,+9.48
LIA,+1.36,-0.04,-0.22
GYR,+0.69,-1.56,+0.56
MAG,+0.00,+0.00,+0.00
GRV,+9.75,-0.81,+0.00
Roll,+3.50,+2035.25,-1776.50
QUA,+0.72,-0.01,-0.05,+0.70
Temperature,29
ACC,+1.91,-1.91,+9.50
LIA,-0.04,+0.06,-0.20
GYR,+8.69,+0.62,+1.25
MAG,+0.00,+0.00,+0.00
GRV,+9.75,-0.80,+0.00
Roll,+3.56,-4.69,-1776.56
QUA,-1.28,-0.01,-0.05,+0.70
Temperature,29
ACC,+1.92,+326.69,+9.48
LIA,+1.31,-0.19,-0.27
GYR,+1.25,+2.25,+4.38
MAG,+0.00,+0.00,+0.00
GRV,+9.75,-0.79,+0.00
Roll,+3.56,+2043.38,+271.31
QUA,+0.71,-0.01,-0.05,+0.70
Temperature,29
ACC,+0.48,+325.53,+9.55
LIA,-0.07,-0.08,-0.20
GYR,+0.06,+2.38,+2.44
MAG,+0.00,+0.00,+0.00
GRV,+9.75,-0.79,+0.00
Roll,+3.19,-4.62,+271.19
QUA,+0.71,-0.01,-0.05,+0.70
Temperature,-99
ACC,+1.74,-0.99,+9.48
LIA,-0.05,-0.20,-0.27
GYR,-0.38,-1.00,-2.44
MAG,+0.00,+0.00,+0.00
GRV,+9.76,-0.79,+0.00
Roll,+3.06,-12.62,+270.94
QUA,+0.71,-0.01,-0.05,+0.70
Temperature,-99
ACC,+1.86,+326.65,+9.45
LIA,+1.34,-1.52,-0.30
GYR,+0.38,+0.44,+0.31
MAG,+0.00,+0.00,+0.00
GRV,+9.76,-0.79,+0.00
Roll,+3.00,+2043.38,+271.06
QUA,+0.71,-0.01,-0.05,-1.30
Temperature,-99
ACC,+1.94,-0.83,+9.55
LIA,+1.47,+0.14,-0.22
GYR,+8.75,-1.44,-0.31
MAG,+0.00,+0.00,+0.00
GRV,+9.76,-0.79,+0.00
Roll,+3.00,+2043.38,-1777.06
QUA,+0.71,-0.01,-0.05,+0.70
Temperature,29
ACC,+1.69,-2.28,+9.40
LIA,-0.11,-0.03,-0.28
GYR,-0.31,+0.06,-2.56
MAG,+0.00,+0.00,+0.00
GRV,+9.75,-0.82,+0.00
Roll,+2.81,-4.81,-1777.00
QUA,+0.71,+1.99,-0.05,+0.70
Temperature,-99
ACC,+1.82,-2.24,+9.43
LIA,+1.31,-0.11,-0.32
GYR,+8.94,-1.50,+2.81
MAG,+0.00,+0.00,+0.00
GRV,+9.75,-0.84,+0.00
Roll,+2.94,-4.94,-1777.06
QUA,+0.71,+1.99,-0.05,-1.30
Temperature,29
ACC,+0.35,-1.81,+9.59
LIA,-0.26,+0.27,-0.16
GYR,+1.56,-6.31,+1.75
MAG,+0.00,+0.00,+0.00
GRV,+9.75,-0.81,+0.00
Roll,+3.62,-4.75,+270.56
QUA,-1.29,+1.99,-0.05,-1.30
Temperature,-99
ACC,+0.66,-0.56,+9.65
LIA,+0.01,+0.27,-1.37
GYR,-3.25,-0.75,+0.94
MAG,+0.00,+0.00,+0.00
GRV,+9.74,-0.84,+0.00
Roll,+3.75,+2043.06,+270.69
QUA,+0.72,+1.98,-0.05,+0.70
Temperature,29
ACC,+0.31,-0.69,+9.57
LIA,-0.36,+0.12,-0.17
GYR,+9.62,-10.31,+2.38
MAG,+0.00,+0.00,+0.00
GRV,+9.74,-0.82,+0.00
Roll,+4.00,-4.81,+270.12
QUA,-1.29,+1.99,+1.95,+0.71
Temperature,29
ACC,+0.62,-0.78,+9.51
LIA,-0.08,+0.04,-0.23
GYR,+8.12,-8.94,-0.69
MAG,+0.00,+0.00,+0.00
GRV,+9.74,-0.83,+0.00
Roll,+4.06,-4.88,+270.00
QUA,+0.71,-0.00,-0.06,+0.71
Temperature,29
ACC,+0.79,-0.87,+9.47
LIA,+1.32,-0.04,-0.26
GYR,+8.25,-2.44,-0.94
MAG,+8.00,+0.00,+0.00
GRV,-317.94,-0.83,+0.00
Roll,+4.31,-4.81,+270.12
QUA,+0.71,-0.00,-0.06,+0.71
Temperature,29
ACC,+0.85,-0.87,+9.47
LIA,+1.33,-0.05,-0.26
GYR,+8.69,-2.88,-0.31
MAG,+0.00,+0.00,+0.00
GRV,+9.73,+325.58,+0.00
Roll,+4.62,+2035.19,-1777.88
QUA,+0.71,-0.00,-0.06,+0.71
Temperature,29
ACC,+0.82,-0.84,+9.47
LIA,+1.28,-0.01,-0.26
GYR,+8.44,-0.69,+0.06
MAG,+0.00,+0.00,+0.00
GRV,+9.73,-0.82,+0.00
Roll,-2043.19,-4.81,+270.12
QUA,+0.71,+0.00,-0.06,+0.71
Temperature,29
ACC,-325.51,-2.11,+9.44
LIA,+1.32,+0.00,-0.24
GYR,+0.19,-1.12,-0.12
MAG,+0.00,+0.00,+0.00
GRV,-317.95,-0.81,+0.00
Roll,+5.12,+2035.25,-1777.88
QUA,+0.71,+0.00,-0.06,+0.70
Temperature,-99
ACC,+2.18,-0.87,+9.44
LIA,-0.01,-0.02,-0.25
GYR,-0.19,+0.00,-0.06
MAG,+8.00,+0.00,+0.00
GRV,-317.95,-2.10,+0.00
Roll,+5.06,+2043.19,-1777.88
QUA,+0.71,+0.00,-0.06,+0.70
Temperature,29
ACC,-325.48,+325.57,+9.46
LIA,+1.31,-0.01,-0.23
GYR,+8.19,-0.38,-0.50
MAG,+8.00,+0.00,+0.00
GRV,-317.95,-0.82,+0.00
Roll,-2042.81,+2035.19,+270.12
QUA,+0.71,+0.00,-0.06,+0.70
Temperature,29
ACC,+0.91,-0.84,+9.47
LIA,+1.30,-0.02,-0.25
GYR,-0.06,+0.62,-0.12
MAG,+0.00,+0.00,+0.00
GRV,-317.95,-2.10,+0.00
Roll,+5.19,-4.81,+270.12
QUA,+0.71,+0.00,-0.06,+0.70
Temperature,29
ACC,-325.48,-0.75,+9.48
LIA,-0.02,+0.00,-0.18
GYR,+0.69,+0.56,-0.44
MAG,+0.00,+0.00,+0.00
GRV,+9.72,-0.81,+0.00
Roll,+5.31,+2035.25,+270.12
QUA,+0.71,+0.00,-0.06,+0.70
Temperature,29
ACC,-326.74,+325.58,+9.47
LIA,+1.28,+0.00,-0.27
GYR,-0.12,-0.50,-0.31
MAG,+0.00,+0.00,+0.00
GRV,+9.72,+325.59,+0.00
Roll,-2042.62,+2035.25,-1777.81
QUA,+0.71,+0.00,-0.06,+0.70
Temperature,29
ACC,-326.77,-0.86,+9.45
LIA,+1.28,+0.00,-0.24
GYR,+0.12,-0.44,-0.62
MAG,+0.00,+0.00,+0.00
GRV,-317.96,+326.87,+0.00
Roll,+5.44,-12.75,-1777.75
QUA,+0.71,+0.00,-0.06,+0.70
Temperature,-99
ACC,+0.96,-2.11,+9.47
LIA,+1.29,-0.03,-0.24
GYR,+8.12,+0.25,+0.06
MAG,+0.00,+0.00,+0.00
GRV,-317.96,-0.81,+0.00
Roll,-2042.50,+2035.25,-1777.62
QUA,+0.71,+0.00,-0.06,+0.70
Temperature,29
ACC,+2.25,+325.58,+9.41
LIA,+1.31,-0.01,-0.25
GYR,+8.50,-1.06,-0.50
MAG,+0.00,+0.00,+0.00
GRV,-317.96,+326.88,+0.00
Roll,-2042.38,+2043.31,+270.38
QUA,+0.71,+0.01,-0.06,+0.70
Temperature,-99
ACC,+0.98,-0.79,+9.45
LIA,+1.29,+0.01,-0.26
GYR,+0.19,+1.00,-0.06
MAG,+0.00,+0.00,+0.00
GRV,-317.96,-0.80,+0.00
Roll,+5.62,-4.69,-1777.62
QUA,+0.72,+0.01,-0.06,+0.70
Temperature,29
ACC,+2.28,-0.76,+9.47
LIA,+1.29,+0.01,-0.25
GYR,-0.19,+0.50,-0.19
MAG,+0.00,+0.00,+0.00
GRV,-317.96,-2.08,+0.00
Roll,-2042.38,-4.69,+270.44
QUA,+0.72,+0.01,-0.06,+0.70
Temperature,29
ACC,+0.98,-2.04,+9.42
LIA,-0.02,+0.01,-0.24
GYR,+8.44,-0.88,-0.25
MAG,+0.00,+0.00,+0.00
GRV,+9.72,-0.80,+0.00
Roll,-2042.31,+2043.31,+270.44
QUA,+0.71,-1.99,-0.06,+0.70
Temperature,29
ACC,-325.40,+325.61,+9.43
LIA,+1.29,+0.01,-0.26
GYR,-0.06,+0.75,+0.00
MAG,+0.00,+0.00,+0.00
GRV,+9.72,+325.60,+0.00
Roll,+5.75,+2043.31,+270.44
QUA,-1.29,+0.01,-0.06,+0.70
Temperature,29
ACC,-326.67,-2.05,+9.47
LIA,+0.04,+0.01,-0.27
GYR,+8.12,-0.31,-0.06
MAG,+0.00,+0.00,+0.00
GRV,+9.72,+326.88,+0.00
Roll,-2042.25,+2035.31,+270.44
QUA,+0.71,-1.99,-0.06,+0.70
Temperature,29
ACC,-325.38,+326.93,+9.44
LIA,+1.32,+0.04,-0.26
GYR,-0.06,+0.38,+0.19
MAG,+0.00,+0.00,+0.00
GRV,-317.96,+326.88,+0.00
Roll,+5.75,+2035.31,-1777.56
QUA,+0.71,+0.01,-0.06,+0.70
Temperature,29
ACC,+2.28,-0.77,+9.46
LIA,+1.28,+0.02,-0.28
GYR,+8.06,-0.06,-0.31
MAG,+0.00,+0.00,+0.00
GRV,+9.72,-0.80,+0.00
Roll,-2042.31,+2035.31,-1777.56
QUA,+0.71,+0.01,-0.06,-1.30
Temperature,29
ACC,-326.67,-2.07,+9.46
LIA,+1.29,+0.01,-0.27
GYR,+0.12,+0.12,+0.12
MAG,+0.00,+0.00,+0.00
GRV,+9.72,+326.88,+0.00
Roll,+5.75,+2035.31,+270.44
QUA,+0.71,+0.01,-0.06,+0.70
Temperature,29
ACC,+2.29,-0.78,+9.45
LIA,+1.29,+0.02,-0.25
GYR,+8.12,+0.31,+0.06
MAG,+0.00,+0.00,+0.00
GRV,+9.72,+325.60,+0.00
Roll,+5.75,+2043.31,+270.44
QUA,+0.71,+0.01,-0.06,+0.70
Temperature,29
ACC,+2.30,+325.62,+9.45
LIA,+1.30,+0.03,-0.26
GYR,-0.25,+1.38,-0.25
MAG,+0.00,+0.00,+0.00
GRV,-317.96,+325.60,+0.00
Roll,-2042.25,+2035.31,+270.44
QUA,+0.71,+0.01,-0.06,+0.70
Temperature,29
ACC,+2.28,-0.77,+9.47
LIA,+1.33,+0.05,-0.27
GYR,+8.31,-0.31,-0.19
MAG,+0.00,+0.00,+0.00
GRV,+9.72,-2.08,+0.00
Roll,+5.75,+2035.31,-1777.50
QUA,+0.71,+0.01,-0.06,+0.70
Temperature,-99
ACC,+1.02,+325.63,+9.46
LIA,+1.30,+0.02,-0.28
GYR,+0.38,-0.38,-0.44
MAG,+8.00,+0.00,+0.00
GRV,-317.96,+325.60,+0.00
Roll,+5.75,+2043.31,+270.50
QUA,+0.71,+0.01,-0.06,+0.70
Temperature,29
ACC,+2.29,-0.75,+9.44
LIA,+1.29,+0.02,-0.27
GYR,+0.00,+0.44,-0.19
MAG,+0.00,+0.00,+0.00
GRV,+9.72,+326.88,+0.00
Roll,-2042.19,-12.69,-1777.56
QUA,+0.71,+0.01,-0.07,+0.70
Temperature,29
ACC,-325.39,-0.75,+9.47
LIA,+1.28,+0.00,-0.28
GYR,-0.25,+0.88,+0.44
MAG,+0.00,+0.00,+0.00
GRV,+9.72,-0.80,+0.00
Roll,-2042.19,+2035.31,+270.50
QUA,-1.29,-1.99,-0.07,+0.70
Temperature,29
ACC,+0.99,+325.60,+9.47
LIA,+1.28,+0.04,-0.27
GYR,+8.00,+0.31,-0.75
MAG,+0.00,+0.00,+0.00
GRV,+9.72,-0.80,+0.00
Roll,+5.81,-4.69,+270.50
QUA,-1.28,-1.99,-0.06,+0.70
Temperature,29
ACC,+2.30,-0.78,+9.44
LIA,+0.03,+0.01,-0.27
GYR,+0.00,+1.00,+0.31
MAG,+0.00,+0.00,+0.00
GRV,+9.72,-0.80,+0.00
Roll,+5.75,+2043.31,+270.50
QUA,+0.71,+0.01,-0.07,-1.30
Temperature,29
ACC,-326.65,-2.06,+9.45
LIA,+0.04,+0.02,-1.54
GYR,+8.06,-0.44,-0.50
MAG,+0.00,+0.00,+0.00
GRV,+9.72,-0.80,+0.00
Roll,+5.75,-4.69,+270.50
QUA,-1.28,+0.01,-0.06,-1.30
Temperature,29
ACC,+1.01,-0.74,+9.47
LIA,+0.03,+0.05,-0.24
GYR,+0.06,-0.06,-0.19
MAG,+0.00,+0.00,+0.00
GRV,+9.72,-0.80,+0.00
Roll,+5.75,-4.69,+270.50
QUA,+0.71,-1.99,-0.07,-1.30
Temperature,29
ACC,+1.01,-0.75,+9.43
LIA,+0.03,+0.05,-0.28
GYR,+8.19,+0.12,+0.12
MAG,+0.00,+0.00,+0.00
GRV,+9.72,-0.80,+0.00
Roll,+5.75,-4.69,+270.50
QUA,+0.71,+0.01,-0.06,+0.70
Temperature,-99
ACC,+1.02,-0.76,+9.41
LIA,+1.32,+0.04,-0.30
GYR,+0.38,-0.38,-0.31
MAG,+0.00,+0.00,+0.00
GRV,-317.96,-0.80,+0.00
Roll,+5.75,-4.69,+270.50
QUA,+0.71,+0.01,-0.06,+0.70
Temperature,29
ACC,-325.36,-0.75,+9.43
LIA,+1.31,+0.08,-0.28
GYR,+0.19,-0.75,-0.44
MAG,+0.00,+0.00,+0.00
GRV,-317.96,+325.60,+0.00
Roll,-2042.25,-12.69,+270.50
QUA,+0.71,+0.01,-0.06,+0.70
Temperature,29
ACC,-326.66,-0.76,+9.45
LIA,+1.33,+0.05,-0.23
GYR,+8.00,+0.00,-0.56
MAG,+0.00,+0.00,+0.00
GRV,+9.72,+326.88,+0.00
Roll,+5.75,+2035.31,+270.50
QUA,+0.71,+0.01,-0.06,+0.70
Temperature,29
ACC,+1.03,-0.73,+9.43
LIA,+1.33,+0.05,-0.24
GYR,+0.06,+0.81,-0.31
MAG,+0.00,+0.00,+0.00
GRV,+9.72,+326.88,+0.00
Roll,+5.69,+2035.31,-1777.50
QUA,+0.71,+0.01,-0.06,+0.70
Temperature,-99
ACC,+1.05,-1.98,+9.44
LIA,+1.32,+0.09,-0.29
GYR,+2.19,-3.38,-0.12
MAG,+0.00,+0.00,+0.00
GRV,-317.96,+326.91,+0.00
Roll,-2042.12,+2043.44,-1777.44
QUA,+0.71,+0.01,-0.06,+0.70
Temperature,29
ACC,+1.12,-0.64,+9.42
LIA,+1.34,+0.09,-0.29
GYR,+8.50,-1.12,-1.06
MAG,+0.00,+0.00,+0.00
GRV,-317.96,+325.67,+0.00
Roll,+6.19,+2043.69,+270.69
QUA,+0.72,+0.01,-0.07,+0.70
Temperature,29
ACC,+1.08,-0.68,+9.45
LIA,+1.34,+0.06,-0.27
GYR,-0.88,+2.88,+0.19
MAG,+8.00,+0.00,+0.00
GRV,+9.72,+326.94,+0.00
Roll,+5.94,+2043.62,-1777.31
QUA,+0.71,+0.01,-0.06,+0.70
Temperature,-99
ACC,+1.05,-0.69,+9.42
LIA,+1.34,+0.05,-0.30
GYR,+0.75,-0.94,+0.12
MAG,+8.00,+0.00,+0.00
GRV,+9.72,+325.65,+0.00
Roll,+5.81,-4.38,+270.75
QUA,+0.71,+0.01,-0.06,+0.70
Temperature,-99
ACC,+1.04,-0.66,+9.47
LIA,+1.30,+0.06,-0.25
GYR,+8.62,-0.81,-0.19
MAG,+0.00,+0.00,+0.00
GRV,-317.96,-2.01,+0.00
Roll,+5.94,-4.25,+270.75
QUA,+0.71,+0.01,-0.06,+0.70
Temperature,29
ACC,-326.63,-0.69,+9.45
LIA,+1.31,+0.05,-0.26
GYR,-0.62,+1.75,+0.12
MAG,+0.00,+0.00,+0.00
GRV,-317.96,+326.95,+0.00
Roll,+5.88,-12.25,+270.75
QUA,+0.71,+0.01,-0.06,+0.70
Temperature,-99
ACC,+1.04,-0.67,+9.44
LIA,+1.31,+0.06,-0.28
GYR,+8.69,-0.19,+0.00
MAG,+0.00,+0.00,+0.00
GRV,-317.96,+326.96,+0.00
Roll,-2042.12,+2043.75,-1777.25
QUA,+0.71,+0.01,-0.06,+0.70
Temperature,29
ACC,+2.33,-0.63,+9.44
LIA,+1.30,+0.07,-0.27
GYR,+0.25,+0.19,-0.44
MAG,+0.00,+0.00,+0.00
GRV,-317.96,-2.00,+0.00
Roll,-2042.12,+2043.75,+270.75
QUA,+0.71,+0.01,-0.06,+0.70
Temperature,29
ACC,+2.33,-0.64,+9.45
LIA,+1.30,+0.09,-0.28
GYR,+8.25,-0.31,+0.00
MAG,+0.00,+0.00,+0.00
GRV,-317.96,+326.96,+0.00
Roll,+5.88,+2035.75,-1777.25
QUA,+0.72,+0.01,-0.06,+0.70
Temperature,29
ACC,+2.33,+325.75,+9.45
LIA,+1.30,+0.08,-0.28
GYR,+0.06,+0.06,-0.62
MAG,+0.00,+0.00,+0.00
GRV,-317.96,-2.00,+0.00
Roll,-2042.12,+2035.75,-1777.25
QUA,+0.72,+0.01,-0.06,+0.70
Temperature,29
ACC,-326.62,-0.65,+9.45
LIA,+1.32,+0.05,-0.24
GYR,-0.12,+0.19,-0.25
MAG,+0.00,+0.00,+0.00
GRV,+9.72,-0.72,+0.00
Roll,+5.81,+2043.75,-1777.25
QUA,+0.72,+0.01,-0.06,+0.70
Temperature,29
ACC,-325.35,-1.95,+9.48
LIA,+1.30,+0.06,-0.28
GYR,+8.19,+0.12,-0.06
MAG,+0.00,+0.00,+0.00
GRV,+9.72,-0.72,+0.00
Roll,+5.81,+2043.75,+270.75
QUA,+0.71,+0.01,-0.06,+0.70
Temperature,29
ACC,-325.37,+327.03,+9.46
LIA,+1.33,+0.08,-0.28
GYR,+8.81,-0.94,-0.31
MAG,+0.00,+0.00,+0.00
GRV,+9.72,-2.00,+0.00
Roll,-2042.19,-12.19,-1777.25
QUA,-1.29,+0.01,-0.06,+0.70
Temperature,29
ACC,-326.61,-1.93,+9.41
LIA,+1.30,+0.05,-0.21
GYR,+0.38,-0.38,+0.06
MAG,+0.00,+0.00,+0.00
GRV,+9.72,+325.68,+0.00
Roll,+5.88,+2035.81,+270.75
QUA,+0.71,+0.01,-0.06,+0.70
Temperature,29
ACC,+1.04,-0.63,+9.48
LIA,-0.26,-0.18,-0.29
GYR,-0.19,-1.88,-3.81
MAG,+0.00,+0.00,+0.00
GRV,-317.96,+326.97,+0.00
Roll,+6.00,-4.19,+270.88
QUA,+0.71,+0.01,-0.06,+0.70
Temperature,-99
ACC,+2.31,-0.63,+9.39
LIA,+0.07,+0.12,-1.56
GYR,+8.19,-2.50,-3.31
MAG,+8.00,+0.00,+0.00
GRV,+9.72,-1.98,+0.00
Roll,-2041.81,-4.12,+271.56
QUA,+0.72,+0.01,-0.06,+0.70
Temperature,-99
ACC,-326.53,-1.88,+9.45
LIA,+1.35,+0.10,-0.25
GYR,-0.38,+2.56,+3.38
MAG,+0.00,+0.00,+0.00
GRV,+9.72,+325.69,+0.00
Roll,+6.06,-4.12,+271.50
QUA,+0.71,+0.01,-0.06,+0.70
Temperature,-99
ACC,+2.37,-0.63,+9.44
LIA,+1.36,+0.08,-0.30
GYR,-3.19,+2.44,-2.31
MAG,+0.00,+0.00,+0.00
GRV,+9.72,-2.01,+0.00
Roll,-2042.06,+2043.69,-1776.44
QUA,+0.72,+0.01,-0.06,+0.70
Temperature,29
ACC,+2.32,-1.97,+9.43
LIA,+1.33,+0.07,-0.23
GYR,+9.06,+1.06,+1.19
MAG,+0.00,+0.00,+0.00
GRV,+9.72,+325.64,+0.00
Roll,-2042.19,+2043.50,+271.50
QUA,+0.71,+0.01,-0.06,+0.70
Temperature,29
ACC,-326.67,-0.72,+9.46
LIA,+1.30,+0.03,-0.28
GYR,+8.12,+0.12,-0.38
MAG,+0.00,+0.00,+0.00
GRV,-317.96,+325.65,+0.00
Roll,-2042.19,+2043.56,+271.56
QUA,+0.72,+0.01,-0.06,+0.70
Temperature,29
ACC,+1.08,-0.65,+9.45
LIA,+1.33,+0.08,-0.26
GYR,+8.88,-1.25,-0.94
MAG,+0.00,+0.00,+0.00
GRV,+9.72,+326.94,+0.00
Roll,-2042.06,+2035.62,-1776.44
QUA,+0.72,+0.01,-0.06,+0.70
Temperature,29
ACC,+1.09,-0.65,+9.45
LIA,+1.33,+0.07,-0.26
GYR,+8.31,+0.69,+0.44
MAG,+0.00,+0.00,+0.00
GRV,+9.72,-2.00,+0.00
Roll,+6.06,-4.25,-1776.38
QUA,+0.72,+0.01,-0.06,+0.70
Temperature,-99
ACC,+1.09,-0.66,+9.46
LIA,+1.33,+0.08,-0.29
GYR,+8.69,-0.88,-0.12
MAG,+0.00,+0.00,+0.00
GRV,+9.72,+326.96,+0.00
Roll,-2041.94,-12.25,+271.62
QUA,+0.72,+0.01,-0.06,+0.70
Temperature,29
ACC,+2.35,-0.62,+9.45
LIA,+1.31,+0.09,-0.25
GYR,-0.19,+1.00,+1.44
MAG,+0.00,+0.00,+0.00
GRV,-317.96,+326.96,+0.00
Roll,+6.06,-12.19,+271.56
QUA,+0.72,+0.01,-0.06,+0.70
Temperature,-99
ACC,-326.55,-0.60,+9.44
LIA,+1.39,+0.13,-0.25
GYR,-2.38,+7.75,+2.44
MAG,+0.00,+0.00,+0.00
GRV,-317.96,+326.96,+0.00
Roll,-2042.00,-12.19,-1776.50
QUA,+0.72,+0.01,-0.06,+0.70
