SWV ITM Data Console - ITM Port: 0
Temperature,24
ACC,-0.48,-0.15,-317.83
LIA,+1.29,+0.04,+0.07
GYR,-0.19,+0.44,+0.25
MAG,+0.00,+0.00,+0.00
GRV,+9.79,-0.19,+0.00
Roll,-3.00,-1.06,+362.94
QUA,+1.00,-0.01,+0.03,+0.04
Temperature,24
ACC,-0.52,-0.13,-317.82
LIA,+1.28,+0.05,+0.07
GYR,+0.50,-0.38,+0.00
MAG,+0.00,+0.00,+0.00
GRV,+9.79,-0.19,+0.00
Roll,-3.00,-1.06,+354.94
QUA,-1.00,-0.01,+0.03,+0.04
Temperature,24
ACC,-0.47,-0.09,+9.86
LIA,+1.31,+0.08,+0.07
GYR,+8.25,-0.31,+0.06
MAG,+0.00,+0.00,+0.00
GRV,+9.79,-0.18,+0.00
Roll,-2.94,-1.06,+354.94
QUA,+1.00,-0.01,+0.03,-1.96
Temperature,24
ACC,-0.48,-0.10,+9.85
LIA,+1.30,+0.07,+0.06
GYR,+8.25,-8.19,+0.00
MAG,+8.00,+0.00,+0.00
GRV,+9.79,-0.18,+0.00
Roll,-2.94,-1.06,+354.94
QUA,+1.00,-0.01,+0.03,+0.04
Temperature,24
ACC,-0.47,-0.11,+9.85
LIA,+1.31,+0.07,+0.07
GYR,+0.31,-0.06,+0.12
MAG,+0.00,+0.00,+0.00
GRV,+9.79,-0.18,+0.00
Roll,-10.94,-1.00,+362.94
QUA,+1.00,-0.01,+0.03,+0.04
Temperature,24
ACC,-0.46,-0.13,+9.87
LIA,+0.03,+0.06,+0.06
GYR,+0.31,-0.88,+0.06
MAG,+0.00,+0.00,+0.00
GRV,+9.79,-0.18,+0.00
Roll,-10.94,-1.00,+362.94
QUA,+1.00,-0.01,+0.03,+0.04
Temperature,24
ACC,-0.47,-0.10,+9.85
LIA,+0.03,+0.07,+0.06
GYR,-0.12,-0.12,+0.12
MAG,+0.00,+0.00,+0.00
GRV,+9.79,-0.18,+0.00
Roll,-2.94,-1.00,+362.94
QUA,-1.00,-0.01,+0.03,-1.96
Temperature,24
ACC,-0.46,-0.13,+9.86
LIA,+0.03,+0.04,+0.07
GYR,+0.06,-0.06,+0.06
MAG,+0.00,+0.00,+0.00
GRV,+9.79,-0.18,+0.00
Roll,-10.94,-1.00,+354.94
QUA,+1.00,-0.01,+0.03,-1.96
Temperature,24
ACC,-0.47,-0.12,-317.82
LIA,+1.31,+0.05,+0.07
GYR,-0.06,-0.31,+0.00
MAG,+8.00,+0.00,+0.00
GRV,+9.79,-0.18,+0.00
Roll,-2.94,-1.06,+354.94
QUA,+1.00,-0.01,+0.03,-1.96
Temperature,-104
ACC,-0.46,-0.11,-317.85
LIA,+1.32,+0.06,+0.04
GYR,-0.75,+0.44,+0.06
MAG,+0.00,+0.00,+0.00
GRV,+9.79,-0.17,+0.00
Roll,-2.88,-1.00,+354.94
QUA,-1.00,-0.01,+0.03,-1.96
Temperature,-104
ACC,-0.44,-0.12,+9.85
LIA,+1.33,+0.05,+0.06
GYR,-0.19,-0.06,+0.12
MAG,+0.00,+0.00,+0.00
GRV,+9.79,-0.17,+0.00
Roll,-2.88,-1.00,+362.94
QUA,+1.00,-0.01,+0.03,+0.04
Temperature,24
ACC,-0.47,-0.40,+9.84
LIA,+0.03,-0.23,+1.33
GYR,-0.19,-0.06,+1.38
MAG,+0.00,+0.00,+0.00
GRV,+9.79,-0.17,+0.00
Roll,-2.94,-1.00,+362.88
QUA,-1.00,-0.01,+0.03,-1.96
Temperature,24
ACC,-0.38,-0.36,-317.81
LIA,+1.39,-1.48,+1.36
GYR,+8.19,+0.19,-0.50
MAG,+0.00,+0.00,+0.00
GRV,+9.79,-0.15,+0.00
Roll,-2.88,-0.88,+354.81
QUA,-1.00,-0.01,+0.03,-1.95
Temperature,24
ACC,-0.50,-0.38,+9.86
LIA,+1.28,-1.50,+1.35
GYR,-0.12,+8.19,+0.50
MAG,+0.00,+0.00,+0.00
GRV,+9.79,-0.15,+0.00
Roll,-2.88,-0.88,+354.81
QUA,-1.00,-0.01,+0.02,-1.95
Temperature,24
ACC,-0.30,-0.26,+9.86
LIA,+1.47,-1.39,+1.35
GYR,-1.19,-0.25,-1.06
MAG,+8.00,+0.00,+0.00
GRV,+9.79,-0.15,+0.00
Roll,-2.88,-0.88,+354.56
QUA,+1.00,-0.01,+0.02,+0.05
Temperature,24
ACC,-0.42,-0.04,+9.87
LIA,+1.34,+0.09,+0.08
GYR,+0.19,-0.38,+10.12
MAG,+0.00,+0.00,+0.00
GRV,+9.79,-0.14,+0.00
Roll,-2.88,-0.81,+362.25
QUA,+1.00,-0.01,+0.02,+0.05
Temperature,24
ACC,-0.44,-0.10,+9.87
LIA,+1.33,+0.03,+0.08
GYR,+0.12,+0.25,+2.69
MAG,+8.00,+0.00,+0.00
GRV,-317.89,-0.14,+0.00
Roll,-2.88,-0.81,+353.94
QUA,+1.00,-0.01,+0.02,+0.05
Temperature,24
ACC,-0.47,-0.04,+9.86
LIA,+0.03,-0.31,+0.05
GYR,+0.06,+0.44,+4.25
MAG,+0.00,+0.00,+0.00
GRV,-317.89,-0.14,+0.00
Roll,-10.88,-0.81,+353.50
QUA,+1.00,-0.01,+0.02,+0.06
Temperature,-104
ACC,-0.44,-0.01,+9.86
LIA,+1.33,-0.04,+0.07
GYR,-1.69,+1.06,+0.06
MAG,+0.00,+0.00,+0.00
GRV,+9.79,-0.16,+0.00
Roll,-2.94,-0.94,+353.25
QUA,+1.00,-0.01,+0.03,+0.06
Temperature,24
ACC,-0.40,+0.12,+8.58
LIA,+0.10,+0.27,+0.07
GYR,-0.75,+0.38,+1.38
MAG,+8.00,+0.00,+0.00
GRV,+9.79,-0.14,+0.00
Roll,-2.94,-0.81,+353.12
QUA,-1.00,-0.01,+0.03,-1.94
Temperature,-104
ACC,-0.59,-0.44,+9.87
LIA,-0.07,-0.30,+0.08
GYR,-1.19,+0.44,-1.06
MAG,+0.00,+0.00,+0.00
GRV,+9.79,-0.14,+0.00
Roll,-3.00,-0.81,+353.00
QUA,-1.00,-0.01,+0.03,-1.95
Temperature,24
ACC,-0.46,-0.11,+9.85
LIA,+1.33,+0.03,+0.06
GYR,-0.75,+0.44,+1.81
MAG,+0.00,+0.00,+0.00
GRV,+9.79,-0.15,+0.00
Roll,-3.00,-0.88,+352.88
QUA,+1.00,-0.01,+0.03,+0.06
Temperature,24
ACC,-0.51,+0.13,+9.87
LIA,+1.28,+0.27,+0.08
GYR,-0.56,+0.31,-0.12
MAG,+0.00,+0.00,+0.00
GRV,-317.89,-0.14,+0.00
Roll,-3.00,-0.75,+352.88
QUA,+1.00,-0.01,+0.03,+0.06
Temperature,24
ACC,-0.52,-0.37,+9.85
LIA,+1.31,-0.25,+0.06
GYR,-0.50,+0.38,+0.75
MAG,+0.00,+0.00,+0.00
GRV,+9.79,-0.15,+0.00
Roll,-3.06,-0.88,+352.94
QUA,+1.00,-0.01,+0.03,+0.06
Temperature,-104
ACC,-0.39,-0.25,+9.89
LIA,+1.43,+0.00,+0.06
GYR,-0.50,+1.06,+1.12
MAG,+0.00,+0.00,+0.00
GRV,+9.79,-0.15,+0.00
Roll,-11.06,-0.88,+352.75
QUA,-1.00,-0.01,+0.03,+0.06
Temperature,24
ACC,-0.58,-0.26,-317.81
LIA,-0.05,-0.10,+0.08
GYR,+0.06,+0.25,+1.12
MAG,+0.00,+0.00,+0.00
GRV,+9.79,-0.15,+0.00
Roll,-3.06,-0.88,+360.62
QUA,+1.00,-0.01,+0.03,+0.06
Temperature,24
ACC,-0.47,-0.20,-317.80
LIA,+1.28,+0.05,+0.06
GYR,-0.25,+0.12,+1.75
MAG,+0.00,+0.00,+0.00
GRV,+9.79,-0.17,+0.00
Roll,-3.06,-1.00,+360.50
QUA,-1.00,-0.01,+0.03,+0.07
Temperature,-104
ACC,-0.39,-0.26,+9.91
LIA,+1.40,-1.37,+0.12
GYR,+0.00,+0.44,+0.44
MAG,+0.00,+0.00,+0.00
GRV,+9.79,-0.16,+0.00
Roll,-3.06,-0.94,+352.19
QUA,-1.00,-0.01,+0.03,+0.07
Temperature,24
ACC,-0.55,-0.12,+9.84
LIA,-0.02,+0.04,+0.05
GYR,-1.25,+8.69,+0.50
MAG,+0.00,+0.00,+0.00
GRV,+9.79,-0.17,+0.00
Roll,-3.06,-1.00,+352.06
QUA,+1.00,-0.01,+0.03,-1.93
Temperature,24
ACC,-0.53,-0.36,+9.87
LIA,+1.28,-0.19,+0.08
GYR,+8.25,+0.38,+2.12
MAG,+8.00,+0.00,+0.00
GRV,+9.79,-0.17,+0.00
Roll,-3.06,-1.00,+352.00
QUA,+1.00,-0.01,+0.03,+0.07
Temperature,24
ACC,-0.60,-0.28,+9.85
LIA,-0.07,-0.10,+0.06
GYR,+0.62,-0.38,+2.06
MAG,+0.00,+0.00,+0.00
GRV,-317.89,-0.17,+0.00
Roll,-3.06,-1.00,+351.94
QUA,+1.00,-0.01,+0.03,+0.07
Temperature,24
ACC,-1.12,-0.38,+9.88
LIA,+1.77,+0.11,+0.08
GYR,-1.81,+1.62,+0.56
MAG,+0.00,+0.00,+0.00
GRV,+9.79,-0.18,+0.00
Roll,-11.12,-1.06,+351.69
QUA,+1.00,-0.01,+0.03,+0.07
Temperature,24
ACC,-0.15,+0.06,-317.81
LIA,-0.41,-0.12,+0.04
GYR,-0.81,+0.25,+0.25
MAG,+0.00,+0.00,+0.00
GRV,-317.89,-0.19,+0.00
Roll,-3.00,-1.12,+351.69
QUA,+1.00,+1.99,+0.03,+0.07
Temperature,24
ACC,-1.89,-0.97,-317.83
LIA,-0.10,-0.78,+0.06
GYR,+0.00,+1.06,-3.31
MAG,+0.00,+0.00,+0.00
GRV,-317.89,-0.18,+0.00
Roll,-10.94,-1.06,-1696.38
QUA,-1.00,-0.01,+0.03,+0.07
Temperature,24
ACC,-0.63,-0.24,+9.86
LIA,-0.13,-0.06,+0.07
GYR,-0.44,+0.25,-0.81
MAG,+8.00,+0.00,+0.00
GRV,-317.89,-0.17,+0.00
Roll,-10.88,-1.00,+351.75
QUA,-1.00,-0.01,+0.02,+0.07
Temperature,24
ACC,-0.41,-0.14,-317.86
LIA,-0.95,-0.34,+0.08
GYR,+9.31,-0.56,-1.44
MAG,+8.00,+0.00,+0.00
GRV,-317.89,-0.16,+0.00
Roll,-2.81,-0.94,+360.00
QUA,-1.00,-0.01,+0.02,+0.07
Temperature,24
ACC,-0.82,-0.34,-317.80
LIA,+1.86,+0.31,+0.05
GYR,+0.19,-8.62,-0.75
MAG,+0.00,+0.00,+0.00
GRV,+9.79,-0.13,+0.00
Roll,-10.69,-0.75,+352.12
QUA,-1.00,-0.01,+0.03,+0.07
Temperature,-104
ACC,-0.20,-0.10,+9.85
LIA,-0.58,-0.24,+0.12
GYR,+0.44,-0.44,+2.50
MAG,+0.00,+0.00,+0.00
GRV,+9.79,-0.12,+0.00
Roll,-10.56,-0.69,+352.06
QUA,-1.00,-0.01,+0.02,+0.07
Temperature,-104
ACC,-0.45,-0.25,-317.79
LIA,-1.31,-0.14,+0.09
GYR,-0.19,+1.75,+3.69
MAG,+0.00,+0.00,+0.00
GRV,+9.79,-0.10,+0.00
Roll,-2.44,-0.62,+351.81
QUA,-1.00,-0.01,+0.02,+0.07
Temperature,-104
ACC,-0.54,-0.14,-317.82
LIA,-0.13,-0.04,+0.07
GYR,-0.12,+0.44,+2.00
MAG,+0.00,+0.00,+0.00
GRV,+9.79,-0.09,+0.00
Roll,-10.38,-0.56,-1696.50
QUA,+1.00,+1.99,-1.97,+0.07
Temperature,24
ACC,-0.17,+1.28,+8.57
LIA,+1.37,+0.05,+0.09
GYR,+0.38,-0.81,-1.06
MAG,+0.00,+0.00,+0.00
GRV,+9.79,-0.09,+0.00
Roll,-10.25,-0.56,-1696.38
QUA,+1.00,-0.01,+0.02,+0.07
Temperature,24
ACC,+326.88,-0.31,+9.85
LIA,-0.99,-0.22,+0.05
GYR,+0.69,-0.50,-2.88
MAG,+0.00,+0.00,+0.00
GRV,+9.79,-0.09,+0.00
Roll,-10.12,-0.50,+351.81
QUA,+1.00,-0.01,+0.02,+0.07
Temperature,24
ACC,-0.37,-0.09,+9.84
LIA,-0.01,-0.05,+0.04
GYR,+8.88,-1.75,-1.56
MAG,+0.00,+0.00,+0.00
GRV,+9.79,-0.07,+0.00
Roll,-2.06,-0.44,+351.94
QUA,+1.00,-0.01,+0.02,+0.07
Temperature,24
ACC,-0.32,-0.23,-317.81
LIA,-0.05,-0.12,+0.08
GYR,+8.06,-1.12,-4.81
MAG,+0.00,+0.00,+0.00
GRV,+9.80,-0.07,+0.00
Roll,-9.88,-0.44,+360.50
QUA,+1.00,-0.01,+0.02,+0.07
Temperature,24
ACC,-0.37,-0.10,-317.82
LIA,-0.04,-0.01,+0.06
GYR,+0.56,-0.50,+0.25
MAG,+0.00,+0.00,+0.00
GRV,+9.80,-0.08,+0.00
Roll,-1.94,-0.50,+352.88
QUA,-1.00,-0.01,+0.02,+0.06
Temperature,24
ACC,+326.71,-0.36,+9.86
LIA,-0.64,-0.27,+0.06
GYR,+0.56,-0.50,+3.25
MAG,+8.00,+0.00,+0.00
GRV,+9.80,-0.09,+0.00
Roll,-9.94,-0.50,+361.00
QUA,-1.00,+1.99,+0.02,+0.06
Temperature,-104
ACC,-0.30,-0.13,-317.80
LIA,+0.02,-0.04,+0.08
GYR,-0.44,+0.44,-0.38
MAG,+0.00,+0.00,+0.00
GRV,+9.80,-0.08,+0.00
Roll,-1.94,-0.50,+353.25
QUA,-1.00,+1.99,+0.02,-1.94
Temperature,-104
ACC,-0.63,-0.07,-317.83
LIA,-0.30,+1.28,+0.05
GYR,-0.19,+0.19,-2.19
MAG,+0.00,+0.00,+0.00
GRV,-317.88,-0.08,+0.00
Roll,-9.88,-0.44,+361.31
QUA,+1.00,-0.01,+0.02,+0.06
Temperature,24
ACC,+0.19,+0.25,-317.83
LIA,+1.46,+0.09,+0.05
GYR,+0.38,-0.75,-3.50
MAG,+0.00,+0.00,+0.00
GRV,+9.80,-0.08,+0.00
Roll,-1.88,-0.44,+361.62
QUA,+1.00,+1.99,+0.02,+0.06
Temperature,-104
ACC,-0.44,-0.15,-317.84
LIA,+1.42,+0.14,+0.04
GYR,+8.50,-0.25,-2.44
MAG,+0.00,+0.00,+0.00
GRV,+9.80,-0.08,+0.00
Roll,-9.88,-0.50,+354.25
QUA,+1.00,-0.01,+0.02,+0.05
Temperature,24
ACC,+0.57,+0.15,-317.83
LIA,+2.17,+0.23,+0.05
GYR,+0.44,-0.69,-5.50
MAG,+8.00,+0.00,+0.00
GRV,-317.88,-0.08,+0.00
Roll,-9.81,-0.50,+362.69
QUA,-1.00,-0.01,+0.02,+0.05
Temperature,-104
ACC,-0.80,-0.30,-317.82
LIA,-0.50,-0.22,+0.06
GYR,+0.38,-0.19,-4.06
MAG,+0.00,+0.00,+0.00
GRV,+9.80,-0.08,+0.00
Roll,-9.75,-0.44,+355.50
QUA,+1.00,-0.01,-1.98,+0.03
Temperature,-104
ACC,-0.24,+0.08,-317.80
LIA,+1.33,+0.16,+0.08
GYR,-0.12,-0.81,-2.81
MAG,+0.00,+0.00,+0.00
GRV,+9.80,-0.08,+0.00
Roll,-9.69,-0.44,+355.94
QUA,-1.00,+1.99,+0.01,+0.04
Temperature,-104
ACC,-0.39,-0.02,-317.82
LIA,-0.10,+0.06,+0.06
GYR,-0.69,+0.81,-3.44
MAG,+0.00,+0.00,+0.00
GRV,+9.80,-0.08,+0.00
Roll,-9.69,-0.50,+356.50
QUA,+1.00,+2.00,+0.01,+0.02
Temperature,24
ACC,+0.04,+0.00,+8.57
LIA,+0.33,+0.09,+0.05
GYR,-0.25,-0.31,-3.69
MAG,+0.00,+0.00,+0.00
GRV,+9.80,-0.08,+0.00
Roll,-1.62,-0.50,+356.88
QUA,+1.00,-0.01,-1.99,+0.02
Temperature,24
ACC,-0.11,-0.06,+9.87
LIA,+1.43,+0.01,+0.07
GYR,-0.12,-0.25,+0.19
MAG,+0.00,+0.00,+0.00
GRV,+9.80,-0.08,+0.00
Roll,-1.56,-0.44,+357.06
QUA,+1.00,-0.00,+0.01,+0.02
Temperature,-104
ACC,-0.26,-0.12,+9.89
LIA,+1.28,-0.03,+0.09
GYR,-0.25,-0.44,-0.12
MAG,+0.00,+0.00,+0.00
GRV,+9.80,-0.08,+0.00
Roll,-1.50,-0.50,+357.06
QUA,+1.00,-0.00,+0.01,+0.03
Temperature,24
ACC,-0.24,-0.12,+9.88
LIA,+1.28,-0.03,+0.07
GYR,+0.50,-0.06,+0.25
MAG,+0.00,+0.00,+0.00
GRV,+9.80,-0.08,+0.00
Roll,-9.50,-0.50,-1690.94
QUA,+1.00,-0.00,+0.01,+0.03
Temperature,24
ACC,-0.24,-0.10,-317.81
LIA,+1.30,-0.02,+0.06
GYR,+0.81,-1.06,+0.12
MAG,+0.00,+0.00,+0.00
GRV,+9.80,-0.08,+0.00
Roll,-1.38,-0.50,+357.06
QUA,+1.00,-0.00,-1.99,+0.03
Temperature,24
ACC,-0.21,-0.10,-317.82
LIA,+0.01,-0.01,+0.06
GYR,+0.50,+0.06,+0.31
MAG,+0.00,+0.00,+0.00
GRV,+9.80,-0.09,+0.00
Roll,-9.31,-0.50,-1682.94
QUA,-1.00,-0.00,+0.01,+0.03
Temperature,24
ACC,-0.20,-0.10,-317.81
LIA,+0.01,-1.29,+1.35
GYR,+0.38,-1.12,+0.06
MAG,+8.00,+0.00,+0.00
GRV,+9.80,-0.08,+0.00
Roll,-1.25,-0.50,+357.06
QUA,-1.00,-0.01,+0.01,+0.03
Temperature,24
ACC,-0.19,-0.07,+9.85
LIA,+1.29,+0.01,+0.04
GYR,+8.06,-0.69,+0.44
MAG,+0.00,+0.00,+0.00
GRV,+9.80,-0.08,+0.00
Roll,-1.19,-0.44,+357.06
QUA,+1.00,-0.01,+0.01,+0.02
Temperature,-104
ACC,-0.19,-0.07,+9.80
LIA,+1.30,+0.00,+0.00
GYR,-0.38,-0.06,+8.69
MAG,+0.00,+0.00,+0.00
GRV,+9.80,-0.08,+0.00
Roll,-1.25,-0.44,+357.00
QUA,+1.00,-0.00,+0.01,+0.03
Temperature,24
ACC,-0.21,-0.09,+9.85
LIA,+1.28,+0.00,+0.05
GYR,-0.31,+0.44,-0.06
MAG,+0.00,+0.00,+0.00
GRV,+9.80,-0.08,+0.00
Roll,-1.25,-0.50,-1691.00
QUA,+1.00,-0.00,+0.01,+0.03
Temperature,24
ACC,-0.19,-0.10,-317.83
LIA,+0.02,-0.01,+0.05
GYR,+0.69,-0.25,+0.00
MAG,+8.00,+0.00,+0.00
GRV,+9.80,-0.08,+0.00
Roll,-9.25,-0.50,+365.00
QUA,-1.00,+2.00,+0.01,+0.02
Temperature,-104
ACC,-0.20,-0.05,-317.83
LIA,+1.30,+0.02,+0.05
GYR,-1.12,-0.50,+0.31
MAG,+0.00,+0.00,+0.00
GRV,+9.80,-0.07,+0.00
Roll,-1.31,-0.44,-1691.00
QUA,+1.00,-0.01,-1.99,+0.03
Temperature,24
ACC,-0.19,-0.07,+9.84
LIA,+0.02,+0.00,+0.04
GYR,+0.12,-1.00,+0.25
MAG,+0.00,+0.00,+0.00
GRV,+9.80,-0.07,+0.00
Roll,-9.25,-0.44,+357.00
QUA,-1.00,+2.00,+0.01,+0.03
Temperature,24
ACC,-0.20,-0.07,+9.84
LIA,+0.01,+0.00,+0.04
GYR,+0.56,+1.12,-0.44
MAG,+0.00,+0.00,+0.00
GRV,+9.80,-0.07,+0.00
Roll,-9.25,-0.44,+357.00
QUA,-1.00,+2.00,+0.01,+0.02
Temperature,24
ACC,-0.19,-0.08,+9.86
LIA,+1.31,+0.00,+0.05
GYR,+8.19,-8.31,+8.25
MAG,+0.00,+0.00,+0.00
GRV,+9.80,-0.07,+0.00
Roll,-1.25,-0.44,+357.00
QUA,+1.00,-0.00,+0.01,+0.02
Temperature,24
ACC,-0.20,-0.06,+9.85
LIA,+1.29,+0.02,+0.05
GYR,-0.19,+0.38,+0.06
MAG,+8.00,+0.00,+0.00
GRV,+9.80,-0.08,+0.00
Roll,-1.25,-0.50,+357.00
QUA,+1.00,-0.00,+0.01,+0.03
Temperature,-104
ACC,-0.20,-0.05,+9.86
LIA,+1.30,-0.01,+0.09
GYR,-0.25,-0.88,+0.12
MAG,+0.00,+0.00,+0.00
GRV,+9.80,-0.08,+0.00
Roll,-9.25,-0.44,+357.00
QUA,+1.00,-0.00,+0.01,+0.03
Temperature,24
ACC,-0.17,-0.04,-317.80
LIA,+1.31,+0.04,+0.07
GYR,+0.31,+0.19,+0.06
MAG,+0.00,+0.00,+0.00
GRV,+9.80,-0.08,+0.00
Roll,-9.25,-0.44,+357.00
QUA,+1.00,+1.99,+0.01,+0.02
Temperature,24
ACC,-0.18,-0.09,-317.79
LIA,+1.30,+0.00,+0.09
GYR,+0.31,+0.19,+0.12
MAG,+0.00,+0.00,+0.00
GRV,+9.80,-0.08,+0.00
Roll,-9.19,-0.50,-1683.00
QUA,-1.00,+1.99,+0.01,+0.02
Temperature,24
ACC,-0.19,-0.06,-317.83
LIA,+1.28,+0.02,+0.05
GYR,+0.38,+0.19,-0.12
MAG,+0.00,+0.00,+0.00
GRV,+9.80,-0.08,+0.00
Roll,-1.19,-0.50,+357.00
QUA,+1.00,-0.01,+0.01,+0.03
Temperature,24
ACC,-0.17,-0.06,+9.85
LIA,+1.30,+0.01,+0.04
GYR,+0.12,-0.06,+0.12
MAG,+0.00,+0.00,+0.00
GRV,+9.80,-0.08,+0.00
Roll,-1.19,-0.50,+357.00
QUA,-1.00,+2.00,+0.01,+0.02
Temperature,24
ACC,-0.19,-0.05,+9.86
LIA,+1.28,+0.03,+0.06
GYR,-0.38,+0.25,+0.00
MAG,+0.00,+0.00,+0.00
GRV,+9.80,-0.08,+0.00
Roll,-1.19,-0.50,+365.00
QUA,+1.00,-0.00,+0.01,+0.03
Temperature,24
ACC,-0.19,-0.05,+9.89
LIA,+1.29,+0.02,+0.08
GYR,+0.19,+0.31,+0.12
MAG,+8.00,+0.00,+0.00
GRV,-317.88,-0.07,+0.00
Roll,-1.19,-0.44,-1691.00
QUA,+1.00,-0.00,+0.01,+0.03
Temperature,-104
ACC,-0.20,-0.05,+9.90
LIA,+1.31,+0.03,+0.03
GYR,+0.25,+0.12,+0.00
MAG,+0.00,+0.00,+0.00
GRV,+9.80,-0.07,+0.00
Roll,-9.19,-0.44,+357.00
QUA,+1.00,-0.00,+0.01,+0.03
Temperature,24
ACC,-0.19,-0.06,-317.85
LIA,+1.30,+0.01,+0.03
GYR,-0.75,-1.31,+0.38
MAG,+0.00,+0.00,+0.00
GRV,+9.80,-0.08,+0.00
Roll,-9.19,-0.44,-1691.00
QUA,-1.00,+2.00,+0.01,+0.03
Temperature,24
ACC,-0.18,-0.05,-317.83
LIA,+0.01,+0.02,+0.04
GYR,-0.94,-4.00,+1.19
MAG,+0.00,+0.00,+0.00
GRV,+9.80,-0.08,+0.00
Roll,-1.06,-0.50,+357.00
QUA,+1.00,-0.01,+0.01,+0.02
Temperature,24
ACC,-0.18,-0.05,-317.81
LIA,+0.01,+0.03,+0.06
GYR,+0.12,-8.38,+0.06
MAG,+0.00,+0.00,+0.00
GRV,+9.80,-0.08,+0.00
Roll,-1.12,-0.50,+357.00
QUA,-1.00,-0.01,+0.01,+0.03
Temperature,24
ACC,-0.17,-0.08,+9.84
LIA,+0.03,+0.01,+0.04
GYR,-0.31,+8.38,+0.62
MAG,+0.00,+0.00,+0.00
GRV,+9.80,-0.09,+0.00
Roll,-1.19,-0.50,+356.94
QUA,-1.00,+1.99,+0.01,+0.02
Temperature,24
ACC,-0.15,-0.07,+9.87
LIA,+0.04,+0.01,+0.07
GYR,+0.12,-8.31,+8.31
MAG,+0.00,+0.00,+0.00
GRV,+9.80,-0.09,+0.00
Roll,-1.19,-0.50,+356.94
QUA,+1.00,-0.01,+0.01,+0.03
Temperature,-104
ACC,-0.17,-0.04,+9.86
LIA,+1.31,+0.05,+0.05
GYR,+0.56,+1.12,-0.38
MAG,+8.00,+0.00,+0.00
GRV,-317.88,-0.09,+0.00
Roll,-1.19,-0.50,+356.94
QUA,+1.00,-0.01,+0.01,+0.03
Temperature,24
ACC,-0.19,-0.11,+9.87
LIA,+0.03,+0.00,+0.04
GYR,-0.06,+0.50,+0.06
MAG,+0.00,+0.00,+0.00
GRV,+9.80,-0.10,+0.00
Roll,-9.19,-0.56,+364.94
QUA,+1.00,-0.01,+0.01,+0.03
Temperature,24
ACC,-0.16,-0.11,-317.83
LIA,+0.05,-1.29,+1.33
GYR,+0.50,+0.56,-0.88
MAG,+0.00,+0.00,+0.00
GRV,+9.80,-0.09,+0.00
Roll,-9.19,-0.56,-1683.06
QUA,-1.00,+1.99,+0.01,+0.03
Temperature,24
ACC,-0.18,-0.07,-317.83
LIA,+1.31,+0.02,+0.05
GYR,+0.44,+0.56,+0.12
MAG,+8.00,+0.00,+0.00
GRV,+9.80,-0.09,+0.00
Roll,-9.25,-0.50,+365.00
QUA,+1.00,+1.99,+0.01,+0.03
Temperature,-104
ACC,-0.18,-0.08,+9.88
LIA,+0.03,+0.00,+0.07
GYR,+0.50,-0.44,+0.00
MAG,+8.00,+0.00,+0.00
GRV,+9.80,-0.09,+0.00
Roll,-9.25,-0.50,+365.00
QUA,+1.00,-0.01,+0.01,+0.03
Temperature,-104
ACC,-0.19,-0.06,+9.87
LIA,+1.30,+0.03,+0.07
GYR,+0.25,+0.31,-0.19
MAG,+0.00,+0.00,+0.00
GRV,+9.80,-0.10,+0.00
Roll,-9.25,-0.56,-1683.06
QUA,-1.00,+1.99,+0.01,+0.03
Temperature,24
ACC,-0.18,-0.06,-317.83
LIA,+0.03,+0.03,+0.05
GYR,+8.19,+0.38,-0.12
MAG,+8.00,+0.00,+0.00
GRV,+9.80,-0.10,+0.00
Roll,-1.25,-0.56,+356.94
QUA,+1.00,-0.01,+0.01,+0.03
Temperature,24
ACC,-0.21,-0.05,+9.83
LIA,+1.28,+0.03,+0.03
GYR,+0.00,+0.06,+0.06
MAG,+0.00,+0.00,+0.00
GRV,+9.80,-0.09,+0.00
Roll,-1.25,-0.50,+357.00
QUA,+1.00,+1.99,+0.01,+0.03
Temperature,24
ACC,-0.21,-0.04,+9.87
LIA,+1.29,+0.04,+0.06
GYR,+1.25,+1.19,-0.31
MAG,+8.00,+0.00,+0.00
GRV,+9.80,-0.08,+0.00
Roll,-1.31,-0.44,+357.00
QUA,+1.00,-0.00,+0.01,+0.03
Temperature,24
ACC,-0.20,-0.07,+9.83
LIA,+0.04,+0.03,+0.06
GYR,+0.00,+0.00,-0.19
MAG,+0.00,+0.00,+0.00
GRV,-317.88,-0.09,+0.00
Roll,-1.31,-0.50,-1683.00
QUA,+1.00,-0.00,+0.01,+0.03
