SWV ITM Data Console - ITM Port: 0
Hello
[+] BNO055 init success
[BNO] Unit selection success
Temperature,-102
ACC,-0.96,-1.50,+9.49
LIA,-0.01,+0.07,-0.13
GYR,+7.00,+2.06,-0.62
MAG,+0.00,+0.00,+0.00
GRV,-318.05,-0.29,+0.00
Roll,+2034.44,-9.25,+0.19
QUA,+1.00,-0.08,+0.05,-0.00
Temperature,26
ACC,-1.02,-1.43,+9.67
LIA,+1.28,+0.07,+0.05
GYR,+5.88,+0.31,+0.50
MAG,+0.00,+0.00,+0.00
GRV,-318.04,-0.22,+0.00
Roll,+2042.25,-0.81,+0.25
QUA,+1.00,-0.08,+0.05,-0.00
Temperature,26
ACC,-1.12,-1.18,+9.53
LIA,-0.11,+0.37,-0.09
GYR,+6.38,-1.25,-1.62
MAG,+0.00,+0.00,+0.00
GRV,+9.64,-1.45,+0.00
Roll,+2042.25,-0.56,+0.38
QUA,+1.00,-0.07,-1.95,-0.00
Temperature,26
ACC,+326.77,-0.26,+9.84
LIA,-0.01,-0.17,+0.15
GYR,+5.94,-1.44,-4.56
MAG,+0.00,+0.00,+0.00
GRV,+9.66,-1.38,+0.00
Roll,+2034.88,-0.12,+8.69
QUA,-1.00,-0.07,+0.05,-0.01
Temperature,26
ACC,+326.74,-1.20,-317.90
LIA,-0.21,+0.32,+0.10
GYR,+4.19,+6.31,-6.69
MAG,+8.00,+0.00,+0.00
GRV,+9.67,-0.01,+0.00
Roll,+2034.31,-7.56,+9.38
QUA,+1.00,-0.07,+0.05,-0.01
Temperature,26
ACC,+326.81,-1.15,+9.52
LIA,+1.40,+0.04,-0.11
GYR,-3.19,-0.12,+6.25
MAG,+0.00,+0.00,+0.00
GRV,+9.67,-1.25,+0.00
Roll,+2034.25,-7.31,+1.31
QUA,+1.00,-0.06,+0.05,-0.01
Temperature,26
ACC,-1.03,+326.42,+9.67
LIA,+1.32,-0.03,+0.01
GYR,+0.62,+5.38,+3.56
MAG,+0.00,+0.00,+0.00
GRV,+9.66,-1.26,+0.00
Roll,+2041.62,-7.44,+0.62
QUA,-1.00,-0.07,+0.06,-0.01
Temperature,26
ACC,-1.29,+326.64,+9.76
LIA,-0.18,+0.42,+0.13
GYR,-0.19,+1.81,+8.69
MAG,+0.00,+0.00,+0.00
GRV,+9.64,-0.02,+0.00
Roll,+2041.19,+2040.31,+359.94
QUA,+1.00,-0.07,+0.06,+0.00
Temperature,26
ACC,-1.52,-0.20,+9.56
LIA,-0.08,+0.72,-0.23
GYR,-6.38,+19.50,+9.31
MAG,+0.00,+0.00,+0.00
GRV,-318.05,+326.53,+0.00
Roll,-8.31,+2041.19,+358.25
QUA,+1.00,-0.06,+0.07,+0.02
Temperature,26
ACC,-1.20,-1.18,+9.04
LIA,+1.74,+0.36,-0.64
GYR,+13.69,+22.75,-5.06
MAG,+0.00,+0.00,+0.00
GRV,+9.56,-1.27,+0.00
Roll,-10.31,+2040.44,+358.44
QUA,+0.99,-0.07,+0.09,+0.01
Temperature,26
ACC,+326.99,-0.94,+9.49
LIA,+1.54,+0.21,+0.00
GYR,+11.50,+0.06,-13.31
MAG,+0.00,+0.00,+0.00
GRV,+9.50,+326.79,+0.00
Roll,+2034.88,-5.31,+0.06
QUA,+0.99,-0.04,+0.11,-0.00
Temperature,-102
ACC,+325.48,-0.20,+9.00
LIA,+1.42,+0.48,-0.71
GYR,+10.31,-6.25,-23.62
MAG,+0.00,+0.00,+0.00
GRV,+9.52,+326.92,+0.00
Roll,+2035.00,-4.56,+2.69
QUA,+0.99,-0.04,+0.11,-0.02
Temperature,26
ACC,-1.82,-0.81,+9.23
LIA,+1.63,-0.15,-0.55
GYR,+7.00,-15.31,-18.44
MAG,+0.00,+0.00,+0.00
GRV,+9.55,-0.71,+0.00
Roll,+2035.69,-4.25,-2034.56
QUA,+0.99,-0.03,+0.11,-0.05
Temperature,26
ACC,-2.61,-1.10,+9.71
LIA,-0.52,-1.55,+0.03
GYR,+0.06,+2.69,-11.00
MAG,+0.00,+0.00,+0.00
GRV,+9.55,-0.74,+0.00
Roll,-12.31,+2043.56,+7.50
QUA,+1.00,-0.03,+0.11,-0.07
Temperature,-102
ACC,+325.65,-2.17,+9.16
LIA,+1.50,-1.46,-0.57
GYR,-5.50,-8.06,+22.50
MAG,+0.00,+0.00,+0.00
GRV,+9.56,-0.64,+0.00
Roll,+2035.75,-3.81,-2033.31
QUA,+1.00,-0.03,+0.11,-0.06
Temperature,-102
ACC,-1.64,+326.41,+9.36
LIA,+0.12,+0.06,-0.06
GYR,-20.81,-2.38,+34.12
MAG,+8.00,+0.00,+0.00
GRV,+9.55,-0.77,+0.00
Roll,+2035.94,-4.62,+2.62
QUA,+0.99,+1.96,-1.89,-0.03
Temperature,-102
ACC,-0.22,-0.55,+9.72
LIA,+1.88,+0.48,-0.20
GYR,-28.25,-18.75,+45.25
MAG,+0.00,+0.00,+0.00
GRV,+9.52,-0.99,+0.00
Roll,+2035.50,-5.94,+356.38
QUA,+1.00,-0.06,+0.11,+0.04
Temperature,26
ACC,-1.74,-0.97,+9.12
LIA,-0.06,+0.72,-0.14
GYR,-23.38,-14.12,+24.06
MAG,+0.00,+0.00,+0.00
GRV,+9.51,+326.51,+0.00
Roll,-12.19,+2041.00,+350.56
QUA,+0.99,-0.07,+0.10,+0.08
Temperature,-102
ACC,-0.43,-3.37,+9.73
LIA,+1.33,-1.87,+0.20
GYR,-33.06,-5.94,+39.06
MAG,+0.00,+0.00,+0.00
GRV,+9.52,-0.21,+0.00
Roll,-10.38,-8.88,+345.25
QUA,+0.98,-0.09,+0.08,+0.13
Temperature,26
ACC,-1.96,-0.15,+10.06
LIA,-0.19,+1.25,+0.52
GYR,+7.25,-1.12,+32.44
MAG,+8.00,+0.00,+0.00
GRV,+9.54,-1.40,+0.00
Roll,-10.38,-8.38,-1705.62
QUA,+0.98,-0.09,+0.08,+0.15
Temperature,26
ACC,-2.75,+1.15,+9.99
LIA,-0.77,+2.46,+0.48
GYR,+28.69,+24.44,+6.00
MAG,+0.00,+0.00,+0.00
GRV,+9.51,-1.30,+0.00
Roll,-11.88,-7.56,+339.75
QUA,+0.98,-0.08,+0.09,+0.17
Temperature,26
ACC,-2.20,-0.49,+10.34
LIA,-0.01,+0.90,+0.88
GYR,-8.25,+0.69,+0.88
MAG,+0.00,+0.00,+0.00
GRV,+9.45,-0.12,+0.00
Roll,-12.88,-8.44,+347.19
QUA,+0.98,-0.09,+0.10,+0.18
Temperature,26
ACC,+327.03,-1.59,+9.40
LIA,-0.58,+1.06,+0.30
GYR,-3.25,+5.50,-16.69
MAG,+0.00,+0.00,+0.00
GRV,+9.43,-1.24,+0.00
Roll,+2034.06,+2040.50,+347.75
QUA,+0.98,-0.08,+0.11,+0.17
Temperature,26
ACC,+325.30,-0.02,+8.86
LIA,+1.80,-1.02,-0.78
GYR,+51.19,+16.00,-21.75
MAG,+0.00,+0.00,+0.00
GRV,+9.37,+326.98,+0.00
Roll,-16.44,-4.31,-1706.50
QUA,+0.98,-0.06,+0.14,+0.16
Temperature,26
ACC,-2.83,-0.65,+9.13
LIA,+1.47,-0.23,+0.25
GYR,-13.81,+2.25,-29.19
MAG,+0.00,+0.00,+0.00
GRV,+9.32,+326.89,+0.00
Roll,-17.44,+2043.19,+345.81
QUA,+0.98,-0.06,+0.15,+0.12
Temperature,-102
ACC,-1.08,-1.68,+9.27
LIA,+0.55,-0.61,+0.40
GYR,+13.81,+14.75,-12.75
MAG,+0.00,+0.00,+0.00
GRV,+9.28,+326.74,+0.00
Roll,-17.88,+2042.25,+347.94
QUA,+0.98,-0.06,+0.15,+0.10
Temperature,-102
ACC,-1.60,-2.03,+9.47
LIA,+1.42,-1.03,+0.19
GYR,-2.00,-6.69,-30.12
MAG,+0.00,+0.00,+0.00
GRV,+9.27,+326.69,+0.00
Roll,-18.00,-6.12,-1697.06
QUA,+0.98,-0.06,+0.15,+0.08
Temperature,26
ACC,-1.06,-0.64,+10.13
LIA,+0.10,+0.68,+0.72
GYR,-0.56,-30.50,-29.06
MAG,+0.00,+0.00,+0.00
GRV,+9.40,-1.32,+0.00
Roll,-14.38,-8.00,+363.44
QUA,+1.00,-0.07,+0.12,+0.04
Temperature,26
ACC,-1.72,-0.97,+9.94
LIA,+0.01,+0.43,-0.24
GYR,+14.25,-40.12,-26.12
MAG,+0.00,+0.00,+0.00
GRV,+9.57,-0.22,+0.00
Roll,-8.62,-8.94,+358.06
QUA,+0.99,-0.08,+0.07,+0.01
Temperature,26
ACC,-0.94,-1.69,+9.26
LIA,-0.12,-0.26,-0.40
GYR,+8.94,-7.62,-29.31
MAG,+0.00,+0.00,+0.00
GRV,-318.02,-1.42,+0.00
Roll,-4.81,-8.38,+2.19
QUA,+1.00,-0.07,+0.04,-0.02
Temperature,26
ACC,-1.11,-1.47,+9.74
LIA,-0.37,-0.22,-0.19
GYR,+11.50,-2.44,-28.56
MAG,+0.00,+0.00,+0.00
GRV,+9.70,-1.22,+0.00
Roll,+2035.81,-7.19,-2041.69
QUA,+1.00,-0.06,+0.04,-0.06
Temperature,26
ACC,+326.90,+326.64,+9.37
LIA,-0.22,-0.06,-0.04
GYR,+3.75,-8.06,-20.06
MAG,+0.00,+0.00,+0.00
GRV,+9.73,-1.08,+0.00
Roll,-11.06,+2041.69,+9.69
QUA,+0.99,-0.05,+0.03,-0.08
Temperature,26
ACC,+326.79,+326.62,+9.90
LIA,-0.43,+0.01,+0.08
GYR,+2.88,-2.38,-7.50
MAG,+0.00,+0.00,+0.00
GRV,-317.94,-1.00,+0.00
Roll,-2.56,+2042.12,+11.50
QUA,+0.99,-0.05,+0.03,-0.10
Temperature,26
ACC,-0.93,-0.53,+9.77
LIA,-0.46,+0.39,+0.02
GYR,+2.12,-1.69,+2.25
MAG,+0.00,+0.00,+0.00
GRV,+9.75,+326.76,+0.00
Roll,-10.69,-5.38,+11.62
QUA,+0.99,-0.04,+0.03,-0.10
Temperature,26
ACC,-0.77,-0.20,+9.63
LIA,-0.22,+0.47,-0.12
GYR,+1.50,-6.06,+8.81
MAG,+0.00,+0.00,+0.00
GRV,-317.92,-0.68,+0.00
Roll,-3.19,-3.94,+10.50
QUA,+0.99,-0.03,+0.03,-0.09
Temperature,26
ACC,-0.37,-0.45,+8.78
LIA,+1.42,+0.26,-0.96
GYR,+14.69,+12.69,+13.88
MAG,+0.00,+0.00,+0.00
GRV,+9.76,+327.01,+0.00
Roll,-3.50,-3.94,+8.88
QUA,+1.00,-0.03,+0.03,-0.08
Temperature,26
ACC,-0.12,-1.00,-317.55
LIA,+0.78,-0.60,+0.03
GYR,+8.88,+9.50,+0.38
MAG,+0.00,+0.00,+0.00
GRV,-317.92,-0.40,+0.00
Roll,+2043.50,-2.38,+8.38
QUA,+1.00,-0.02,+0.04,-0.07
Temperature,26
ACC,-0.21,-0.87,+9.03
LIA,+0.55,-0.44,-0.53
GYR,+0.94,+4.69,+1.69
MAG,+0.00,+0.00,+0.00
GRV,-317.92,-0.47,+0.00
Roll,+2035.31,-2.75,+8.75
QUA,+1.00,-0.02,+0.04,-0.08
Temperature,26
ACC,+326.75,-0.48,+9.88
LIA,+0.01,-0.09,+0.01
GYR,+5.88,+0.94,+1.31
MAG,+0.00,+0.00,+0.00
GRV,-317.93,-0.42,+0.00
Roll,+2034.44,-2.44,+8.69
QUA,+1.00,-0.02,+0.05,-0.08
Temperature,26
ACC,-0.70,-1.02,-317.85
LIA,+0.13,-0.62,+0.00
GYR,-1.75,-7.00,-0.31
MAG,+8.00,+0.00,+0.00
GRV,+9.75,-0.43,+0.00
Roll,-13.25,-2.50,+8.38
QUA,+1.00,-0.02,+0.06,-0.07
Temperature,-102
ACC,+326.53,+325.75,+9.24
LIA,-0.30,-1.28,-0.50
GYR,-23.69,+4.94,+1.25
MAG,+8.00,+0.00,+0.00
GRV,+9.74,-0.68,+0.00
Roll,-12.94,-4.00,+8.00
QUA,+1.00,-0.03,-1.95,+1.92
Temperature,26
ACC,+326.61,-0.30,+9.33
LIA,+1.36,-0.45,-0.48
GYR,-13.06,+9.75,+38.06
MAG,+0.00,+0.00,+0.00
GRV,+9.68,-1.14,+0.00
Roll,-14.19,-6.69,-2034.31
QUA,+1.00,-0.06,+0.06,-0.05
Temperature,26
ACC,-1.66,+327.01,+9.86
LIA,+1.37,+0.26,-1.11
GYR,-30.00,-0.31,+71.69
MAG,+0.00,+0.00,+0.00
GRV,+9.59,+326.46,+0.00
Roll,-9.31,+2040.75,-1682.00
QUA,+0.99,-0.07,+0.08,+0.02
Temperature,26
ACC,+326.75,+326.55,+10.20
LIA,+2.22,+0.31,+1.00
GYR,-21.75,+18.25,+67.25
MAG,+0.00,+0.00,+0.00
GRV,+9.49,-0.20,+0.00
Roll,-11.50,-8.88,-1699.38
QUA,+0.99,-0.09,+0.09,+0.10
Temperature,-102
ACC,-0.76,-1.32,+9.43
LIA,+1.45,+0.42,+0.04
GYR,-32.06,-9.12,+26.00
MAG,+0.00,+0.00,+0.00
GRV,+9.39,-1.74,+0.00
Roll,-13.06,-10.69,+341.44
QUA,+0.98,-0.11,+0.10,+0.16
Temperature,26
ACC,-2.68,-0.58,+9.60
LIA,-0.40,+1.38,+0.26
GYR,+12.31,+30.50,-3.06
MAG,+0.00,+0.00,+0.00
GRV,+9.33,+326.99,+0.00
Roll,+2034.62,-11.94,+347.19
QUA,+0.97,-0.12,+0.10,+0.18
Temperature,26
ACC,-2.48,-1.53,+10.17
LIA,+1.31,+0.57,+0.94
GYR,-0.94,+4.69,+14.50
MAG,+8.00,+0.00,+0.00
GRV,+9.23,-0.83,+0.00
Roll,-14.88,-12.88,+338.19
QUA,+0.97,-0.13,+0.11,+0.19
Temperature,26
ACC,-2.31,-1.19,+9.10
LIA,+1.43,+0.76,-0.18
GYR,+1.06,-6.38,+15.56
MAG,+8.00,+0.00,+0.00
GRV,+9.28,-1.95,+0.00
Roll,-14.56,-11.88,+335.81
QUA,+0.96,-0.12,+0.10,+0.21
Temperature,-102
ACC,-3.15,-1.08,+10.17
LIA,-0.31,+0.30,+0.89
GYR,+46.56,+21.44,+30.12
MAG,+8.00,+0.00,+0.00
GRV,+9.28,-0.10,+0.00
Roll,-16.75,-8.44,+334.25
QUA,+0.96,-0.10,+0.13,+0.22
Temperature,26
ACC,-2.51,-0.70,+9.39
LIA,+1.98,-0.23,+0.14
GYR,+46.62,+32.06,+9.38
MAG,+0.00,+0.00,+0.00
GRV,+9.24,-0.47,+0.00
Roll,-27.19,-2.88,-1715.19
QUA,+0.97,-0.06,+0.16,+0.23
Temperature,26
ACC,-3.11,-0.08,+9.49
LIA,+0.80,-0.43,+0.51
GYR,+50.00,+29.25,-14.50
MAG,+0.00,+0.00,+0.00
GRV,+7.70,+0.35,+0.00
Roll,-31.50,+2.25,+334.62
QUA,+0.96,-0.02,+0.21,+0.21
Temperature,26
ACC,-3.92,+0.35,+9.41
LIA,+1.67,-0.14,+0.75
GYR,+14.31,+12.12,-19.94
MAG,+0.00,+0.00,+0.00
GRV,+8.72,-325.70,+0.00
Roll,-26.69,+12.62,+345.88
QUA,+0.96,-0.01,+0.24,+0.18
Temperature,26
ACC,-3.85,-326.61,+9.06
LIA,+0.63,+0.12,+0.40
GYR,+17.94,-7.19,-11.31
MAG,+8.00,+0.00,+0.00
GRV,-319.02,+0.95,+0.00
Roll,-27.12,+6.31,+340.25
QUA,+0.96,+0.01,+0.24,+0.17
Temperature,-102
ACC,-4.02,+1.45,+8.93
LIA,+1.59,+0.21,+0.23
GYR,+18.38,-3.94,-15.81
MAG,+0.00,+0.00,+0.00
GRV,+8.70,+1.23,+0.00
Roll,-26.25,+8.06,+350.75
QUA,+0.97,+0.03,+0.23,+0.14
Temperature,26
ACC,-3.74,+1.42,+9.06
LIA,+1.67,-0.12,+0.32
GYR,+13.50,-18.50,-12.69
MAG,+0.00,+0.00,+0.00
GRV,-318.90,+1.45,+0.00
Roll,-24.69,+9.38,+345.25
QUA,+0.97,+0.05,+0.22,+0.12
Temperature,-102
ACC,-2.63,-326.95,+8.45
LIA,+2.14,-1.04,-0.72
GYR,+0.69,-40.12,-14.81
MAG,+0.00,+0.00,+0.00
GRV,+9.03,+1.62,+0.00
Roll,-28.56,+10.19,+347.44
QUA,+0.97,+0.06,+0.18,+0.11
Temperature,-102
ACC,-2.92,+1.38,+9.77
LIA,-0.01,-0.02,+0.52
GYR,+9.12,-27.06,-18.81
MAG,+8.00,+0.00,+0.00
GRV,+9.19,+1.65,+0.00
Roll,-25.69,+10.19,+350.06
QUA,+0.98,+0.07,+0.16,+0.08
Temperature,26
ACC,-2.04,+1.48,+9.20
LIA,+1.64,-0.21,-0.14
GYR,+3.06,-27.19,-19.69
MAG,+0.00,+0.00,+0.00
GRV,+8.06,+1.70,+0.00
Roll,-14.25,+10.31,+352.81
QUA,+0.99,+0.08,+0.13,+0.06
Temperature,26
ACC,-1.72,+2.40,+9.34
LIA,+1.41,-0.27,-0.19
GYR,+0.06,-25.88,-28.06
MAG,+0.00,+0.00,+0.00
GRV,+9.50,+1.54,+0.00
Roll,-10.88,+9.19,+356.44
QUA,+1.00,+0.08,+0.10,+0.03
Temperature,26
ACC,-0.16,+1.07,+9.50
LIA,+1.40,-0.52,-0.02
GYR,-9.62,-23.38,-28.94
MAG,+0.00,+0.00,+0.00
GRV,+8.31,+1.38,+0.00
Roll,-8.50,+8.19,+0.44
QUA,+0.99,+0.07,+0.07,-0.01
Temperature,26
ACC,+326.43,+0.61,+9.57
LIA,-0.05,-0.39,-0.18
GYR,-17.88,-14.56,-36.12
MAG,+8.00,+0.00,+0.00
GRV,+9.69,+0.90,+0.00
Roll,+2041.31,+5.31,-2042.75
QUA,+1.00,+0.05,+0.05,+1.95
Temperature,26
ACC,-1.13,-0.01,+9.66
LIA,-0.35,-0.18,+0.06
GYR,-20.06,-11.88,-35.38
MAG,+0.00,+0.00,+0.00
GRV,+9.76,+1.47,+0.00
Roll,-5.00,+1.12,+10.06
QUA,+0.99,+0.01,+0.04,-0.09
Temperature,26
ACC,+326.72,-0.46,+9.54
LIA,-0.33,+0.00,-0.24
GYR,-24.12,-4.25,-23.94
MAG,+0.00,+0.00,+0.00
GRV,+9.77,-0.43,+0.00
Roll,-11.81,-2.56,-2034.19
QUA,+0.99,-0.02,+0.04,-0.12
Temperature,-102
ACC,-1.30,+326.97,+9.50
LIA,-0.70,+0.29,-0.23
GYR,-22.94,+3.44,-5.62
MAG,+0.00,+0.00,+0.00
GRV,-317.96,-1.07,+0.00
Roll,-3.56,+2041.75,+16.00
QUA,+1.00,-0.05,+0.04,-0.14
Temperature,26
ACC,-0.99,-1.60,+9.90
LIA,-0.15,-0.24,+0.24
GYR,-14.75,-3.06,+17.19
MAG,+0.00,+0.00,+0.00
GRV,+9.67,-0.15,+0.00
Roll,-12.44,-0.38,-2033.31
QUA,+1.00,-0.07,+0.05,-0.13
Temperature,26
ACC,-0.30,-1.74,+9.17
LIA,+0.26,-0.04,-0.15
GYR,-4.25,+0.44,+24.81
MAG,+0.00,+0.00,+0.00
GRV,+9.64,-1.66,+0.00
Roll,-3.69,-9.81,+11.81
QUA,+1.00,-0.08,+0.04,-0.10
Temperature,26
ACC,-0.27,-0.85,+9.86
LIA,+1.73,-0.40,+0.23
GYR,+3.19,+9.06,+35.31
MAG,+0.00,+0.00,+0.00
GRV,-318.06,-1.71,+0.00
Roll,+2035.62,-2.06,+8.00
QUA,+0.99,+1.92,+0.04,-0.07
Temperature,-102
ACC,-0.13,-2.04,+10.12
LIA,+0.68,-0.21,-0.59
GYR,-19.44,-2.50,+41.56
MAG,+0.00,+0.00,+0.00
GRV,+9.60,-0.52,+0.00
Roll,+2043.00,-2.56,+10.81
QUA,+0.99,-0.09,+0.05,-0.02
Temperature,26
ACC,-0.51,-1.81,+9.52
LIA,+2.03,+0.08,-0.03
GYR,-15.31,+7.88,+42.69
MAG,+0.00,+0.00,+0.00
GRV,+9.55,+325.74,+0.00
Roll,+2041.88,-11.50,-1690.69
QUA,+0.99,-0.10,+0.05,+0.02
Temperature,26
ACC,-0.05,-0.58,+8.76
LIA,+2.22,+0.34,-0.99
GYR,-3.69,-17.44,+53.06
MAG,+0.00,+0.00,+0.00
GRV,+9.48,+326.75,+0.00
Roll,-6.62,-5.12,+351.06
QUA,+0.99,-0.12,+0.05,+0.08
Temperature,26
ACC,-0.95,-1.55,+12.13
LIA,-0.02,+0.94,+1.40
GYR,+3.31,-6.44,+30.44
MAG,+0.00,+0.00,+0.00
GRV,+9.54,-0.59,+0.00
Roll,-7.38,-11.06,+343.81
QUA,+0.98,-0.10,+0.05,+0.14
Temperature,26
ACC,+325.75,-0.50,+9.58
LIA,-0.19,+0.85,-0.59
GYR,-7.12,+7.06,+37.38
MAG,+0.00,+0.00,+0.00
GRV,+9.55,-1.73,+0.00
Roll,+2032.00,-2.25,+346.88
QUA,+0.98,-0.10,+0.05,+0.18
Temperature,26
ACC,-1.33,-1.70,+11.11
LIA,+1.42,+0.49,+1.64
GYR,+8.31,+9.06,+12.38
MAG,+0.00,+0.00,+0.00
GRV,+9.45,-2.01,+0.00
Roll,-9.56,-4.00,-1713.50
QUA,+0.97,-0.12,+0.06,+0.22
Temperature,26
ACC,-0.32,-0.73,+10.02
LIA,+1.41,+1.33,+0.42
GYR,+24.44,+7.69,-9.06
MAG,+0.00,+0.00,+0.00
GRV,+9.46,-0.57,+0.00
Roll,-10.31,-3.06,-1714.06
QUA,+0.97,-0.11,+0.07,+0.22
Temperature,26
ACC,-0.89,+326.53,+10.01
LIA,+2.05,+0.26,-0.21
GYR,+23.50,-8.69,-13.19
MAG,+0.00,+0.00,+0.00
GRV,+9.56,-1.25,+0.00
Roll,-10.44,+2040.50,+335.44
QUA,+0.98,-0.08,+0.08,+0.21
Temperature,-102
ACC,-1.15,-1.18,+9.25
LIA,+0.49,-0.43,-0.52
GYR,+6.06,-19.56,-7.31
MAG,+0.00,+0.00,+0.00
GRV,+9.61,-1.18,+0.00
Roll,-9.06,-7.00,+338.00
QUA,+0.98,-0.07,+0.06,+0.19
Temperature,26
ACC,-0.34,-0.52,+9.41
LIA,-0.33,+0.78,+0.16
GYR,+47.31,+15.56,+4.00
MAG,+0.00,+0.00,+0.00
GRV,+9.62,+326.96,+0.00
Roll,-10.12,-4.31,+346.38
QUA,+0.98,-0.05,+0.08,+0.19
Temperature,26
ACC,-2.43,+0.05,+5.88
LIA,-0.23,+0.44,+1.65
GYR,+58.00,+55.12,+2.00
MAG,+0.00,+0.00,+0.00
GRV,+9.56,+326.94,+0.00
Roll,-11.94,+2043.56,+338.69
QUA,+0.98,-0.05,+0.10,+0.18
Temperature,26
ACC,-1.25,-0.67,+9.87
LIA,+1.09,-0.42,+0.20
GYR,+44.31,+12.44,-4.00
MAG,+8.00,+0.00,+0.00
GRV,+8.23,+1.31,+0.00
Roll,-13.94,+0.19,+346.00
QUA,+0.98,-0.02,+0.12,+0.19
Temperature,26
ACC,-1.93,+1.57,+8.14
LIA,+0.24,-0.63,+0.25
GYR,-13.56,+3.81,-1.00
MAG,+0.00,+0.00,+0.00
GRV,+9.50,+0.32,+0.00
Roll,+2034.00,+9.94,+339.38
QUA,+0.98,-0.01,+0.12,+0.18
Temperature,-102
ACC,+325.27,-0.07,+9.69
LIA,+1.40,-1.29,+0.16
GYR,-0.25,+13.50,-19.94
MAG,+0.00,+0.00,+0.00
GRV,+9.45,+0.00,+0.00
Roll,+2032.62,+0.00,-1706.88
QUA,+0.98,-0.02,+0.13,+0.16
Temperature,-102
ACC,-3.09,-0.49,+9.45
LIA,-0.39,-0.15,+0.16
GYR,-6.00,-5.62,-1.75
MAG,+0.00,+0.00,+0.00
GRV,+9.42,-0.33,+0.00
Roll,-15.81,-2.00,-1705.69
QUA,+0.98,-0.04,+0.13,+0.15
Temperature,-102
ACC,-2.44,+326.85,+9.38
LIA,+1.61,-0.46,-0.06
GYR,-4.88,+6.12,+5.25
MAG,+0.00,+0.00,+0.00
GRV,+9.41,-0.45,+0.00
Roll,-24.06,-2.69,-1698.44
QUA,+0.98,+1.95,+0.13,+0.16
Temperature,26
ACC,+326.43,-0.73,+9.22
LIA,+1.53,-0.02,-0.23
GYR,-8.06,+7.44,+9.25
MAG,+0.00,+0.00,+0.00
GRV,+9.36,-0.61,+0.00
Roll,-16.88,-3.69,+348.50
QUA,+0.97,-0.06,+0.14,+0.17
Temperature,26
ACC,-2.64,+326.65,+9.19
LIA,+1.72,-0.35,+0.04
GYR,-21.81,+15.06,+12.62
MAG,+0.00,+0.00,+0.00
GRV,+9.25,+326.86,+0.00
Roll,-18.62,+2042.94,+346.56
QUA,+0.98,-0.07,+0.15,+0.18
Temperature,26
ACC,-3.13,-0.38,+9.60
LIA,+0.28,+0.71,+0.48
GYR,+0.12,+15.69,+19.62
MAG,+0.00,+0.00,+0.00
GRV,+9.12,-1.10,+0.00
Roll,-28.38,-6.88,+344.50
QUA,+0.96,-0.09,+0.16,+0.20
Temperature,-102
ACC,-2.46,-1.52,+8.96
LIA,+2.38,-0.42,-0.10
GYR,-32.25,-9.56,+16.69
MAG,+8.00,+0.00,+0.00
GRV,+9.06,+326.59,+0.00
Roll,-21.38,-6.88,+333.19
QUA,+0.95,-0.10,+0.17,+0.23
Temperature,26
ACC,-3.40,-1.13,+9.22
LIA,+1.55,+0.26,+0.24
GYR,-17.69,+10.06,+8.31
MAG,+0.00,+0.00,+0.00
GRV,+8.98,-1.39,+0.00
Roll,-22.12,-8.94,+331.38
QUA,+0.95,-0.12,+0.17,+0.24
Temperature,26
ACC,-3.31,-1.63,+9.13
LIA,+1.84,+0.14,+0.30
GYR,-14.00,+9.31,+0.81
MAG,+0.00,+0.00,+0.00
GRV,-317.58,-1.78,+0.00
Roll,-23.38,-11.50,+330.19
QUA,+0.94,-0.14,+0.17,+0.25
Temperature,26
ACC,-3.67,-1.37,+10.45
LIA,+1.56,+0.44,+1.67
GYR,+0.81,-5.62,+1.50
MAG,+0.00,+0.00,+0.00
GRV,-318.90,-1.81,+0.00
Roll,-23.69,-11.56,+330.12
QUA,+0.94,-0.14,+0.18,+0.25
Temperature,26
ACC,-2.88,-1.72,+9.33
LIA,+0.67,-0.18,+0.32
GYR,+16.56,-17.19,-14.31
MAG,+0.00,+0.00,+0.00
GRV,+9.00,-0.26,+0.00
Roll,-29.25,-9.69,+331.25
QUA,+0.95,-0.12,+0.16,+0.24
Temperature,26
ACC,+326.78,-1.81,+9.00
LIA,+1.92,-0.09,-0.34
GYR,+11.75,-21.62,-30.38
MAG,+0.00,+0.00,+0.00
GRV,+9.24,-1.56,+0.00
Roll,-25.06,-1.62,-1713.38
QUA,+0.96,-0.11,+0.13,+0.22
Temperature,26
ACC,-2.38,-1.59,+8.85
LIA,+0.27,-0.08,-0.45
GYR,+15.38,-24.88,-35.56
MAG,+8.00,+0.00,+0.00
GRV,+9.31,-0.23,+0.00
Roll,-15.69,-9.19,+345.94
QUA,+0.98,-0.10,+0.12,+0.19
Temperature,26
ACC,-1.83,-1.69,+8.61
LIA,-0.13,+0.04,-0.88
GYR,-3.88,-37.25,-44.50
MAG,+0.00,+0.00,+0.00
GRV,+9.49,-1.73,+0.00
Roll,-9.56,-10.44,+351.44
QUA,+0.98,-0.10,+0.07,+0.14
Temperature,-102
ACC,-1.34,-2.06,+9.37
LIA,-0.41,-0.18,-0.20
GYR,-3.75,-26.31,-33.38
MAG,+0.00,+0.00,+0.00
GRV,+9.57,-0.60,+0.00
Roll,-5.38,-11.12,+348.06
QUA,+0.99,-0.10,+0.03,+0.10
Temperature,-102
ACC,+0.00,-2.33,+9.36
LIA,+1.62,-0.23,-0.21
GYR,-11.62,-17.31,-28.94
MAG,+0.00,+0.00,+0.00
GRV,+9.57,-0.82,+0.00
Roll,-9.94,+2035.62,+351.50
QUA,+1.00,-0.11,+0.01,+0.07
Temperature,-102
ACC,-0.38,-1.60,+9.88
LIA,-0.31,+0.42,+0.23
GYR,+17.38,+2.62,-22.81
MAG,+0.00,+0.00,+0.00
GRV,+9.61,-1.92,+0.00
Roll,-0.62,-3.31,+355.00
QUA,+0.99,-0.10,+0.00,+0.04
Temperature,-102
ACC,-0.45,-1.89,+9.59
LIA,-0.60,-0.03,-0.03
GYR,+3.81,-3.75,-17.75
MAG,+0.00,+0.00,+0.00
GRV,+9.63,-1.80,+0.00
Roll,+0.25,-10.62,-1690.25
QUA,+1.00,-0.09,-0.00,+0.02
Temperature,26
ACC,-0.49,-0.52,+9.57
LIA,-0.39,-0.07,-0.06
GYR,-4.38,+4.44,-5.88
MAG,+8.00,+0.00,+0.00
GRV,+9.65,-1.72,+0.00
Roll,-0.75,-10.12,-1680.56
QUA,+1.00,-0.09,+0.01,+0.00
Temperature,26
ACC,-0.46,+326.81,+9.73
LIA,-0.23,-0.03,-0.02
GYR,-18.56,-2.31,-7.69
MAG,+0.00,+0.00,+0.00
GRV,+9.59,+325.66,+0.00
Roll,-1.06,-3.94,+8.06
QUA,+0.99,-0.10,+0.01,-0.00
Temperature,26
ACC,-0.28,-1.03,-318.03
LIA,+0.06,+0.06,-0.13
GYR,-22.75,+0.69,-3.12
MAG,+0.00,+0.00,+0.00
GRV,+9.47,-2.52,+0.00
Roll,-1.25,-14.88,+8.62
QUA,-1.01,-0.14,+0.01,-0.01
Temperature,26
ACC,-0.35,-2.67,+9.43
LIA,+0.08,+0.07,+0.31
GYR,-15.50,+14.25,+2.62
MAG,+0.00,+0.00,+0.00
GRV,+9.39,-2.77,+0.00
Roll,-10.69,-16.44,+0.44
QUA,+1.00,-0.14,+0.02,-0.00
Temperature,-102
ACC,-1.08,-1.12,-318.06
LIA,-0.20,+0.55,+0.33
GYR,-4.38,+17.06,+16.12
MAG,+0.00,+0.00,+0.00
GRV,+9.28,-3.04,+0.00
Roll,+2035.19,-18.12,+367.62
QUA,+0.99,-0.16,+0.04,+0.00
Temperature,-102
ACC,+326.65,-2.78,+9.45
LIA,+1.28,+0.51,+0.42
GYR,+0.62,+15.19,+24.06
MAG,+0.00,+0.00,+0.00
GRV,+9.21,-3.12,+0.00
Roll,-7.06,-18.69,-1683.19
QUA,+0.99,-0.16,+0.06,+0.03
Temperature,26
ACC,+326.55,-2.69,+9.56
LIA,+0.38,+0.18,+0.11
GYR,+6.19,-4.19,+17.31
MAG,+0.00,+0.00,+0.00
GRV,+9.24,-2.90,+0.00
Roll,-8.94,-17.38,+361.94
QUA,+0.98,-0.15,+0.07,+0.05
Temperature,26
ACC,-0.34,-2.01,+9.01
LIA,-0.01,+0.42,+0.08
GYR,+19.00,+8.75,+19.62
MAG,+0.00,+0.00,+0.00
GRV,+9.33,-2.53,+0.00
Roll,-9.50,+2032.81,-1696.25
QUA,+0.99,-0.13,+0.08,+0.07
Temperature,-102
ACC,+326.46,-2.64,-317.82
LIA,+1.73,-0.40,+0.24
GYR,+14.19,-7.81,+14.38
MAG,+0.00,+0.00,+0.00
GRV,+9.42,+326.84,+0.00
Roll,-9.81,-4.62,-1698.44
QUA,+0.99,-0.12,+0.08,+0.09
Temperature,26
ACC,-0.97,-2.17,+9.08
LIA,+1.77,-0.03,-0.37
GYR,-8.44,-11.44,+7.94
MAG,+0.00,+0.00,+0.00
GRV,+9.45,+325.54,+0.00
Roll,-8.56,-12.75,-1699.75
QUA,+0.99,-0.12,+0.06,+0.10
Temperature,26
ACC,+326.54,-0.55,+9.64
LIA,+1.92,-0.45,+0.21
GYR,+8.56,-0.75,+2.81
MAG,+8.00,+0.00,+0.00
GRV,+9.52,-1.68,+0.00
Roll,-9.50,-10.00,+347.75
QUA,+0.99,-0.09,+0.07,+0.11
Temperature,26
ACC,-1.07,+325.69,-317.99
LIA,+0.32,-0.09,-0.10
GYR,-24.19,-27.62,-26.75
MAG,+0.00,+0.00,+0.00
GRV,+9.55,-1.66,+0.00
Roll,-8.44,-1.88,+349.25
QUA,+1.00,-0.09,+0.06,+0.09
Temperature,-102
ACC,-1.21,-1.83,+9.20
LIA,-0.21,+0.17,-0.09
GYR,+6.31,+9.06,-7.06
MAG,+8.00,+0.00,+0.00
GRV,+9.55,-0.50,+0.00
Roll,+2032.50,-10.56,-1697.12
QUA,+1.00,-0.10,+0.06,+0.08
Temperature,26
ACC,-1.02,+326.43,+9.66
LIA,-0.45,-0.48,+0.54
GYR,+21.44,+17.06,+19.75
MAG,+0.00,+0.00,+0.00
GRV,+9.57,+326.46,+0.00
Roll,-10.06,+2040.75,-1698.06
QUA,+1.00,-0.07,+0.08,+0.09
Temperature,-102
ACC,-2.33,-1.05,+8.72
LIA,-0.28,-0.22,-0.82
GYR,+2.19,+9.50,+12.25
MAG,+0.00,+0.00,+0.00
GRV,+9.55,+326.85,+0.00
Roll,-12.00,-4.94,+347.81
QUA,+1.00,-0.05,+0.10,+0.11
Temperature,-102
ACC,-2.56,-0.79,+9.64
LIA,-0.05,-0.09,+0.17
GYR,-1.50,+20.88,+27.06
MAG,+0.00,+0.00,+0.00
GRV,+9.45,+326.98,+0.00
Roll,+2033.19,-4.19,+345.06
QUA,-1.02,-0.05,+0.12,+0.13
Temperature,-102
ACC,-2.62,-0.66,+9.31
LIA,+1.64,-0.21,+1.31
GYR,-4.38,+15.75,+30.06
MAG,+8.00,+0.00,+0.00
GRV,+9.32,-0.51,+0.00
Roll,-17.81,-3.12,-1699.31
QUA,+0.97,-0.05,+0.15,+0.17
Temperature,-102
ACC,-3.07,-0.75,+8.94
LIA,+1.46,+0.18,-0.32
GYR,-5.12,+13.38,+21.94
MAG,+8.00,+0.00,+0.00
GRV,+9.20,-0.44,+0.00
Roll,-19.94,-2.69,+337.38
QUA,+0.96,-0.06,+0.17,+0.19
Temperature,26
ACC,-3.28,-0.62,+9.60
LIA,+1.66,-0.23,+0.45
GYR,-14.00,+10.31,+15.56
MAG,+0.00,+0.00,+0.00
GRV,+9.12,-0.57,+0.00
Roll,+2018.81,-3.56,+334.56
QUA,+0.96,-0.07,+0.17,+0.22
Temperature,26
ACC,-3.29,-1.08,+9.07
LIA,+1.52,-0.14,+0.18
GYR,-26.88,+8.00,-6.19
MAG,+0.00,+0.00,+0.00
GRV,+9.04,-0.98,+0.00
Roll,+2018.19,-6.19,-1714.38
QUA,+0.96,-0.10,+0.17,+0.22
Temperature,26
ACC,+324.12,-1.35,+8.98
LIA,+1.57,+0.25,+0.15
GYR,-38.44,+14.81,-22.62
MAG,+0.00,+0.00,+0.00
GRV,+10.11,-1.80,+0.00
Roll,+2024.88,-11.56,-1713.00
QUA,+0.95,-0.14,+0.18,+0.21
Temperature,26
ACC,-3.79,-1.80,+9.59
LIA,+1.32,+0.63,+0.90
GYR,-15.44,+1.88,-41.12
MAG,+0.00,+0.00,+0.00
GRV,-317.72,+325.24,+0.00
Roll,-22.88,-15.94,+338.38
QUA,+0.95,-0.17,+0.17,+0.18
Temperature,26
ACC,-2.56,-3.60,+8.89
LIA,+1.96,-0.61,+0.13
GYR,+1.25,-15.12,-51.50
MAG,+0.00,+0.00,+0.00
GRV,+8.75,-2.98,+0.00
Roll,-19.00,-18.94,+344.31
QUA,+0.96,-0.18,+0.14,+0.13
Temperature,26
ACC,-2.71,-1.94,+9.20
LIA,+0.11,+0.78,+0.22
GYR,+19.31,-25.56,-24.94
MAG,+8.00,+0.00,+0.00
GRV,+8.98,-2.72,+0.00
Roll,-16.38,-16.75,+349.19
QUA,+0.98,-0.15,+0.13,+0.09
Temperature,26
ACC,-1.14,-1.31,+9.32
LIA,-0.24,+1.19,+0.10
GYR,+34.50,-19.06,-17.69
MAG,+8.00,+0.00,+0.00
GRV,+9.22,+325.17,+0.00
Roll,+2035.38,-14.88,+351.50
QUA,+0.98,-0.14,+0.10,+0.07
Temperature,26
ACC,-0.69,-1.51,+8.92
LIA,-0.23,+0.48,-0.51
GYR,+5.56,-27.44,+2043.88
MAG,+0.00,+0.00,+0.00
GRV,+9.44,-2.00,+0.00
Roll,-10.00,-11.88,+352.62
QUA,+0.99,-0.11,+0.08,+0.06
Temperature,26
ACC,-0.15,-1.94,+10.23
LIA,+1.28,-0.11,+0.70
GYR,-2034.50,-10.81,+24.50
MAG,+0.00,+0.00,+0.00
GRV,+9.52,-1.83,+0.00
Roll,-8.31,-10.69,+351.88
QUA,+0.99,-0.10,+0.07,+0.07
Temperature,26
ACC,-0.59,-1.44,+9.12
LIA,+1.80,+0.03,-0.50
GYR,+9.50,-21.25,+0.69
MAG,+8.00,+0.00,+0.00
GRV,-318.06,-1.47,+0.00
Roll,-6.31,-8.62,+350.50
QUA,+0.99,-0.08,+0.05,+0.08
Temperature,26
ACC,-0.99,-1.26,+9.49
LIA,-0.06,-0.12,-0.20
GYR,+27.62,-2.94,-12.81
MAG,+0.00,+0.00,+0.00
GRV,-317.99,+326.54,+0.00
Roll,-5.38,-6.69,+351.19
QUA,+0.99,-0.06,+0.04,+0.08
Temperature,26
ACC,-0.57,-1.67,+10.12
LIA,+1.48,-0.74,+0.39
GYR,+2.38,-10.62,-13.06
MAG,+0.00,+0.00,+0.00
GRV,-317.95,-0.92,+0.00
Roll,-12.56,-5.38,+353.00
QUA,+1.00,-0.05,+0.04,+0.06
Temperature,26
ACC,-0.57,-0.79,+9.74
LIA,+1.30,-0.06,-0.01
GYR,+0.50,-10.94,-13.06
MAG,+8.00,+0.00,+0.00
GRV,-317.92,+326.96,+0.00
Roll,-3.38,-4.25,+355.19
QUA,+1.00,-0.04,+0.03,+0.04
Temperature,-102
ACC,-0.56,-0.24,+9.68
LIA,-0.25,+0.44,-0.09
GYR,-0.12,-2.81,-17.75
MAG,+0.00,+0.00,+0.00
GRV,-317.91,+327.00,+0.00
Roll,-1.75,-4.00,+357.69
QUA,+1.00,-0.04,+0.01,+0.02
Temperature,26
ACC,-0.92,-0.24,+10.05
LIA,-0.68,+0.44,+0.41
GYR,-9.38,-6.75,-5.62
MAG,+0.00,+0.00,+0.00
GRV,+9.77,+326.89,+0.00
Roll,-1.50,+2043.38,+358.62
QUA,+1.00,-0.04,+0.01,+0.01
Temperature,-102
ACC,-0.83,-0.57,+10.06
LIA,-0.57,+0.07,+0.28
GYR,+15.75,+1.81,+10.44
MAG,+8.00,+0.00,+0.00
GRV,+9.78,-0.64,+0.00
Roll,-1.50,-3.75,+357.81
QUA,+1.00,-0.03,+0.01,+0.02
Temperature,-102
ACC,-0.07,-0.39,+9.34
LIA,+1.52,-0.39,-0.21
GYR,+33.00,+10.00,+16.38
MAG,+0.00,+0.00,+0.00
GRV,-317.89,+0.06,+0.00
Roll,-10.38,+8.38,+355.69
QUA,+1.00,+0.01,+0.02,+0.04
Temperature,26
ACC,-0.30,+0.64,+9.13
LIA,+0.58,-0.36,-0.58
GYR,+32.94,+26.38,+5.25
MAG,+8.00,+0.00,+0.00
GRV,+8.43,-325.40,+0.00
Roll,-5.19,+5.88,+354.19
QUA,+1.00,+0.05,+0.05,+0.05
Temperature,-102
ACC,-0.98,+1.68,+9.16
LIA,+1.49,+0.40,-0.47
GYR,-0.12,+3.94,-4.56
MAG,+0.00,+0.00,+0.00
GRV,+9.64,-326.41,+0.00
Roll,-7.00,+7.50,+354.31
QUA,+0.99,+0.06,+0.06,+0.05
Temperature,-102
ACC,+326.60,+1.09,+9.36
LIA,+1.41,-0.07,-0.33
GYR,-18.06,-4.38,-5.06
MAG,+8.00,+0.00,+0.00
GRV,+9.67,+1.11,+0.00
Roll,-6.88,-2041.44,+362.75
QUA,+1.00,+0.05,+0.06,+0.05
Temperature,26
ACC,+326.50,+0.84,+9.48
LIA,-0.09,+0.00,-0.22
GYR,-20.38,-4.81,-4.31
MAG,+0.00,+0.00,+0.00
GRV,-319.24,+0.64,+0.00
Roll,+2033.94,+3.81,+363.56
QUA,+1.00,+0.03,+0.05,+0.04
Temperature,-102
ACC,+326.83,+1.34,+8.07
LIA,+1.31,-0.12,-0.39
GYR,-21.12,-9.06,-6.56
MAG,+0.00,+0.00,+0.00
GRV,+8.48,+0.18,+0.00
Roll,+2034.81,+1.06,+355.81
QUA,+1.00,+0.01,+0.05,+0.04
Temperature,26
ACC,+326.98,+1.34,+8.66
LIA,+1.28,+0.45,+0.17
GYR,-30.75,-11.81,-0.69
MAG,+8.00,+0.00,+0.00
GRV,+9.77,-0.31,+0.00
Roll,-12.44,-1.81,-1692.00
QUA,-1.00,-0.02,+0.04,+0.03
Temperature,26
ACC,-0.36,+326.81,+9.85
LIA,+0.12,-0.07,+0.01
GYR,-2.88,-6.19,+2.62
MAG,+0.00,+0.00,+0.00
GRV,-317.93,+326.80,+0.00
Roll,-2.81,+2042.88,+355.81
QUA,+1.00,-0.05,+0.02,+0.04
Temperature,26
ACC,-0.68,-0.49,+9.86
LIA,-0.15,+0.44,+0.11
GYR,-12.31,+6.50,+0.12
MAG,+8.00,+0.00,+0.00
GRV,-317.94,+326.74,+0.00
Roll,-3.12,+2042.50,+355.69
QUA,+1.00,-0.06,+0.03,+0.04
Temperature,26
ACC,-0.48,-1.33,+10.03
LIA,+1.44,-0.19,+0.31
GYR,-0.69,+0.94,+0.81
MAG,+0.00,+0.00,+0.00
GRV,-317.97,-1.13,+0.00
Roll,-3.75,-6.62,+363.19
QUA,+1.00,-0.06,+0.03,+0.04
Temperature,26
ACC,+326.96,-1.25,+10.45
LIA,-0.02,+0.00,+0.78
GYR,-10.44,-4.25,+2.00
MAG,+8.00,+0.00,+0.00
GRV,+9.70,-1.24,+0.00
Roll,-11.88,+2040.75,+355.19
QUA,+1.00,-0.07,+0.03,+0.04
Temperature,26
ACC,-0.41,-1.20,+10.34
LIA,+0.19,-0.04,+0.59
GYR,+13.56,-4.00,+6.06
MAG,+0.00,+0.00,+0.00
GRV,-317.97,+326.46,+0.00
Roll,-3.25,-7.12,+354.62
QUA,+1.00,-0.06,+0.03,+0.05
Temperature,26
ACC,-0.34,-1.14,+9.66
LIA,+1.51,-0.27,-0.27
GYR,+29.75,+6.69,+1.06
MAG,+0.00,+0.00,+0.00
GRV,+9.76,-0.73,+0.00
Roll,-11.31,+2043.69,+362.12
QUA,+1.00,-0.04,+0.03,+0.05
Temperature,26
ACC,-0.43,-0.47,+9.23
LIA,+0.09,+0.04,-0.46
GYR,+10.88,+2.25,-2.62
MAG,+0.00,+0.00,+0.00
GRV,+9.77,-0.43,+0.00
Roll,-3.56,-2.50,+354.56
QUA,+1.00,-0.02,+0.03,+0.05
Temperature,26
ACC,-0.58,-0.32,-318.05
LIA,+1.35,-0.03,-0.04
GYR,-5.56,+3.62,-6.88
MAG,+0.00,+0.00,+0.00
GRV,+9.77,-0.35,+0.00
Roll,-3.75,-2.06,+355.12
QUA,+1.00,-0.02,+0.03,+0.04
Temperature,-102
ACC,+326.90,-0.05,-318.00
LIA,+1.29,+0.11,-0.02
GYR,+4.25,+3.50,-1.38
MAG,+8.00,+0.00,+0.00
GRV,+9.77,-0.39,+0.00
Roll,+2035.75,-2.25,+355.81
QUA,+1.00,-0.02,+0.04,+0.04
Temperature,26
ACC,-0.64,+1.28,+8.09
LIA,+1.35,+0.21,-0.47
GYR,+15.00,-2.19,-2.06
MAG,+0.00,+0.00,+0.00
GRV,+9.77,-0.18,+0.00
Roll,+2043.88,-1.06,+356.06
QUA,+1.00,-0.01,+0.04,+0.03
Temperature,-102
ACC,+326.92,+1.33,+9.52
LIA,-0.03,+0.16,-0.21
GYR,-2.06,+0.44,+0.19
MAG,+0.00,+0.00,+0.00
GRV,-317.91,-0.14,+0.00
Roll,-12.12,-0.81,+356.19
QUA,+1.00,-0.01,+0.04,+0.03
Temperature,-102
ACC,-0.59,+1.29,+9.55
LIA,+1.40,+0.16,-0.19
GYR,+0.62,-0.38,+0.31
MAG,+8.00,+0.00,+0.00
GRV,+9.78,-0.10,+0.00
Roll,-12.12,-0.62,+356.06
QUA,+1.00,+1.99,+0.04,+0.03
Temperature,26
ACC,-0.67,+0.12,+9.60
LIA,+1.30,+0.10,-0.21
GYR,-2.75,+2.50,+0.94
MAG,+0.00,+0.00,+0.00
GRV,-319.18,+0.04,+0.00
Roll,-4.19,+0.25,-1684.00
QUA,+1.00,+0.00,+0.04,+0.03
Temperature,-102
ACC,-0.58,-0.26,+9.75
LIA,+1.29,-0.03,+0.01
GYR,-14.88,-5.38,-4.25
MAG,+0.00,+0.00,+0.00
GRV,+9.78,-0.26,+0.00
Roll,-3.69,-1.50,-1691.81
QUA,-1.00,+1.99,+0.04,+0.03
Temperature,-102
ACC,-0.59,-0.44,+9.93
LIA,+0.00,+0.00,+0.15
GYR,-1.81,+2.12,-0.88
MAG,+0.00,+0.00,+0.00
GRV,+9.77,-0.45,+0.00
Roll,-3.56,-2.62,+364.31
QUA,+1.00,-0.02,+0.03,+0.03
Temperature,26
ACC,-0.33,-0.25,-318.05
LIA,+1.37,-1.33,-0.15
GYR,-9.25,-6.38,-0.81
MAG,+8.00,+0.00,+0.00
GRV,+9.79,-0.21,+0.00
Roll,-10.38,-1.25,-1691.31
QUA,-1.00,-0.01,+0.02,+0.02
Temperature,26
ACC,-0.34,+326.90,+9.80
LIA,+1.30,+0.13,+0.05
GYR,-10.81,+6.12,-1.00
MAG,+0.00,+0.00,+0.00
GRV,+9.77,-0.66,+0.00
Roll,-2.50,-3.81,+356.62
QUA,+1.00,-0.04,+0.03,+0.02
Temperature,26
ACC,-0.50,-0.90,+9.87
LIA,-0.04,+0.00,+0.06
GYR,-5.69,+6.06,-0.31
MAG,+0.00,+0.00,+0.00
GRV,+9.74,+326.78,+0.00
Roll,-3.12,-5.31,+356.75
QUA,-1.00,-0.05,+0.03,+0.03
Temperature,-102
ACC,-0.65,-0.99,+10.04
LIA,-0.01,+0.10,+0.31
GYR,-1.69,+4.62,+0.50
MAG,+0.00,+0.00,+0.00
GRV,+9.72,-1.10,+0.00
Roll,-11.75,-6.44,+356.62
QUA,-1.00,-0.06,+0.03,-1.98
Temperature,26
ACC,+327.03,+326.64,+9.69
LIA,+0.07,+0.02,-1.30
GYR,+1.44,+2.12,-0.81
MAG,+0.00,+0.00,+0.00
GRV,+9.71,-1.07,+0.00
Roll,+2043.75,+2041.75,+356.75
QUA,+1.00,-0.06,-1.96,-1.98
Temperature,-102
ACC,+326.89,+326.73,+9.81
LIA,-0.07,+0.12,+0.14
GYR,-2.44,-0.25,-0.38
MAG,+0.00,+0.00,+0.00
GRV,-317.97,+326.60,+0.00
Roll,+2035.62,+2041.62,-1683.19
QUA,+1.00,-0.06,+0.04,+0.03
Temperature,26
ACC,-0.81,-0.95,+10.05
LIA,-0.12,+0.15,+0.34
GYR,-3.50,-0.12,+2.31
MAG,+0.00,+0.00,+0.00
GRV,+9.71,+326.58,+0.00
Roll,-4.00,-6.44,+356.56
QUA,+1.00,-0.06,+0.03,+0.03
Temperature,26
ACC,-0.35,-1.12,+10.05
LIA,+0.23,-0.20,+0.41
GYR,+6.31,-4.94,+3.88
MAG,+0.00,+0.00,+0.00
GRV,-317.94,-0.97,+0.00
Roll,-3.19,-5.69,+363.88
QUA,+1.00,-0.05,+0.03,+0.04
Temperature,26
ACC,-0.77,-0.76,+9.70
LIA,-0.16,-0.08,+0.03
GYR,+20.75,+12.12,+1.62
MAG,+0.00,+0.00,+0.00
GRV,+9.76,+327.01,+0.00
Roll,-11.56,-3.88,+355.94
QUA,+1.00,-0.03,+0.03,+0.04
Temperature,26
ACC,-0.52,-0.26,+9.80
LIA,+1.52,+0.00,+0.12
GYR,+9.50,+5.44,-0.19
MAG,+8.00,+0.00,+0.00
GRV,-317.91,-0.34,+0.00
Roll,+2035.56,-2.00,+355.94
QUA,+1.00,-0.02,+0.04,+0.03
Temperature,-102
ACC,+326.95,-0.14,-317.78
LIA,+1.33,+0.02,-0.25
GYR,+7.00,+4.56,-1.31
MAG,+0.00,+0.00,+0.00
GRV,+9.76,-0.15,+0.00
Roll,-5.25,-0.88,+356.12
QUA,+1.00,-0.01,+0.05,+0.03
Temperature,-102
ACC,+326.99,+0.08,+8.07
LIA,+1.39,-0.02,-0.32
GYR,+14.06,-2.44,-6.44
MAG,+8.00,+0.00,+0.00
GRV,+9.76,+0.11,+0.00
Roll,+2043.00,+8.69,+356.69
QUA,-1.00,+0.00,+0.04,-1.97
Temperature,26
ACC,-0.90,+0.70,+9.44
LIA,-0.05,+0.39,-0.30
GYR,+5.50,+3.19,-5.00
MAG,+8.00,+0.00,+0.00
GRV,+9.76,+0.27,+0.00
Roll,-4.88,+1.62,+365.62
QUA,+1.00,+0.01,+0.04,+0.02
Temperature,26
ACC,-0.90,+2.04,+9.52
LIA,-0.03,+0.24,-0.26
GYR,+8.19,-0.94,-2.50
MAG,+0.00,+0.00,+0.00
GRV,+9.75,+0.48,+0.00
Roll,+2034.94,+2.81,-1681.81
QUA,-1.00,+0.02,-1.96,-1.99
Temperature,26
ACC,+326.81,-326.97,+8.05
LIA,+0.01,+0.08,-0.40
GYR,+3.56,+0.75,-1.19
MAG,+0.00,+0.00,+0.00
GRV,+9.74,+0.63,+0.00
Roll,+2034.81,+3.75,+358.50
QUA,-1.00,+0.03,-1.95,-1.99
Temperature,-102
ACC,-0.89,-326.76,+8.03
LIA,+1.30,+0.16,-0.48
GYR,-3.19,-1.38,+1.25
MAG,+0.00,+0.00,+0.00
GRV,+9.74,+0.66,+0.00
Roll,+2034.94,+11.88,-1689.44
QUA,+1.00,+0.03,+0.05,+0.00
Temperature,-102
ACC,-0.84,+0.62,+8.52
LIA,+1.28,+0.09,+0.09
GYR,+2.38,-1.81,+2.31
MAG,+0.00,+0.00,+0.00
GRV,+8.47,+0.54,+0.00
Roll,+2043.12,+11.19,-1689.69
QUA,+1.00,+0.03,+0.04,+0.01
Temperature,26
ACC,-0.73,+0.60,+8.16
LIA,+1.35,+0.10,-0.22
GYR,-13.56,-2.25,+4.50
MAG,+0.00,+0.00,+0.00
GRV,+8.48,+0.49,+0.00
Roll,+2035.25,+2.88,+357.69
QUA,+1.00,+0.02,+0.04,+0.02
Temperature,26
ACC,-0.53,+1.37,+8.31
LIA,-0.02,+0.14,-0.05
GYR,-2.31,-8.12,+0.50
MAG,+8.00,+0.00,+0.00
GRV,+8.50,+0.07,+0.00
Roll,-3.38,+8.44,-1682.50
QUA,+1.00,+0.00,+0.03,+0.02
Temperature,-102
ACC,-0.46,-0.45,-317.96
LIA,+1.41,-0.17,-0.03
GYR,-16.69,-3.38,+0.75
MAG,+0.00,+0.00,+0.00
GRV,+9.78,-0.18,+0.00
Roll,-11.25,-1.00,-1690.69
QUA,-1.00,-0.01,+0.03,+0.02
Temperature,26
ACC,-0.46,-0.80,-317.96
LIA,+0.05,-0.03,-0.04
GYR,-16.25,+0.31,+0.69
MAG,+0.00,+0.00,+0.00
GRV,-317.91,-0.58,+0.00
Roll,-11.38,-3.38,-1683.19
QUA,+1.00,-0.03,+0.03,+0.03
Temperature,26
ACC,-0.43,-0.87,+9.74
LIA,+1.53,-0.20,-0.05
GYR,-16.81,+0.81,+3.38
MAG,+0.00,+0.00,+0.00
GRV,-317.94,-0.87,+0.00
Roll,-11.56,-5.06,+356.50
QUA,+1.00,-0.05,+0.03,+0.03
Temperature,26
ACC,-0.72,+326.48,+10.00
LIA,-0.04,+0.00,+0.24
GYR,-14.00,+1.56,+0.31
MAG,+0.00,+0.00,+0.00
GRV,+9.69,+326.42,+0.00
Roll,+2035.94,+2040.56,-1691.56
QUA,+1.00,-0.07,+0.03,+0.03
Temperature,26
ACC,+326.73,-0.08,+10.16
LIA,-0.03,-0.01,+0.64
GYR,-7.75,-4.38,-1.38
MAG,+0.00,+0.00,+0.00
GRV,+9.66,-1.53,+0.00
Roll,-4.00,-9.00,+356.38
QUA,+1.00,-0.08,+0.03,+0.03
Temperature,26
ACC,-0.88,-0.13,+9.86
LIA,-0.22,+0.25,+0.18
GYR,-0.81,-2.69,+4.44
MAG,+8.00,+0.00,+0.00
GRV,+9.65,-1.60,+0.00
Roll,-3.81,-9.44,-1692.00
QUA,+1.00,-0.08,+0.03,+0.03
Temperature,26
ACC,-0.77,-1.89,+9.66
LIA,-0.16,-0.36,-0.06
GYR,+2.25,-3.19,+7.62
MAG,+0.00,+0.00,+0.00
GRV,+9.66,-1.53,+0.00
Roll,-11.50,-1.00,+354.88
QUA,+1.00,-0.09,-1.97,-1.96
Temperature,-102
ACC,+326.87,-0.23,+9.52
LIA,-0.17,-0.09,-0.35
GYR,+2.38,+3.38,+11.56
MAG,+8.00,+0.00,+0.00
GRV,+9.66,-1.49,+0.00
Roll,-3.81,-8.75,+353.62
QUA,+0.99,-0.08,+0.03,+0.06
Temperature,-102
ACC,-0.79,-1.53,+9.58
LIA,-0.05,+1.28,-0.01
GYR,-1.12,+0.88,+14.50
MAG,+0.00,+0.00,+0.00
GRV,-318.03,-1.51,+0.00
Roll,-4.38,-0.88,+351.81
QUA,+0.99,-0.08,+0.03,+0.07
Temperature,26
ACC,+326.94,-1.57,+9.58
LIA,+0.10,-0.03,+0.01
GYR,-1.44,+0.75,+15.38
MAG,+0.00,+0.00,+0.00
GRV,-318.03,-0.22,+0.00
Roll,+2035.00,-8.81,-1698.31
QUA,+0.99,-0.08,+0.04,+0.09
Temperature,26
ACC,+326.85,-1.43,+9.67
LIA,+0.07,+0.16,-0.20
GYR,+0.50,+3.19,+15.56
MAG,+0.00,+0.00,+0.00
GRV,+9.64,-0.23,+0.00
Roll,+2034.62,-0.88,+347.62
QUA,+0.99,-0.08,+0.04,+0.11
Temperature,26
ACC,-0.93,-1.53,+9.79
LIA,+1.38,+0.05,+0.16
GYR,-4.94,+9.19,+14.94
MAG,+0.00,+0.00,+0.00
GRV,+9.62,-1.58,+0.00
Roll,-6.06,-9.31,+345.38
QUA,+0.99,-0.09,+0.04,+0.13
Temperature,26
ACC,-0.94,-0.38,+9.41
LIA,+0.16,+0.02,-1.39
GYR,-4.19,+3.94,+17.19
MAG,+0.00,+0.00,+0.00
GRV,+9.59,-1.68,+0.00
Roll,-6.62,-9.94,+351.25
QUA,+0.98,-0.09,+0.05,+0.15
Temperature,-102
ACC,-0.96,-0.44,+9.59
LIA,+1.70,-0.01,+0.10
GYR,-6.81,+8.38,+12.38
MAG,+0.00,+0.00,+0.00
GRV,+9.54,-1.79,+0.00
Roll,-15.75,-10.62,+349.38
QUA,+0.98,-0.10,+0.06,+0.16
Temperature,26
ACC,-1.14,-2.06,+9.64
LIA,+1.62,-0.12,+0.16
GYR,-11.94,-3.12,+8.31
MAG,+0.00,+0.00,+0.00
GRV,+9.49,-0.71,+0.00
Roll,-8.38,-11.88,-1708.00
QUA,+0.98,-0.11,+0.05,+0.17
Temperature,26
ACC,-0.05,+326.61,+9.38
LIA,+1.29,-0.08,+0.19
GYR,-6.00,+4.88,+5.69
MAG,+0.00,+0.00,+0.00
GRV,+9.48,+325.71,+0.00
Roll,-9.06,-3.69,+346.88
QUA,+0.98,-0.11,+0.06,+0.18
Temperature,26
ACC,-1.18,-1.76,+9.87
LIA,+1.83,+0.16,+0.23
GYR,-8.94,-10.44,+3.62
MAG,+0.00,+0.00,+0.00
GRV,+9.44,-0.80,+0.00
Roll,-9.44,-12.44,+338.19
QUA,+0.98,-0.12,+0.06,+0.19
Temperature,26
ACC,-0.02,+326.87,+9.08
LIA,+1.42,+0.31,-1.95
GYR,-23.62,-16.12,-4.50
MAG,+0.00,+0.00,+0.00
GRV,+9.42,+326.68,+0.00
Roll,-8.56,-13.56,+346.00
QUA,+0.98,-0.13,+0.05,+0.19
Temperature,-102
ACC,-1.22,-2.20,+9.71
LIA,+1.37,+0.15,+0.32
GYR,+7.62,-1.00,+2.31
MAG,+0.00,+0.00,+0.00
GRV,+9.42,+325.35,+0.00
Roll,-8.12,+2034.12,+345.56
QUA,+0.98,-0.13,+0.05,+0.19
Temperature,26
ACC,-1.00,-2.39,+10.72
LIA,+0.41,-0.43,+1.12
GYR,+6.38,-14.25,+6.50
MAG,+0.00,+0.00,+0.00
GRV,+9.49,+325.61,+0.00
Roll,+2040.31,+2035.69,+336.81
QUA,+0.97,-0.12,+0.04,+0.20
Temperature,26
ACC,-1.44,-2.16,+10.15
LIA,+1.29,-0.10,+0.24
GYR,+2.25,-1.88,+2.44
MAG,+0.00,+0.00,+0.00
GRV,+9.48,-2.18,+0.00
Roll,+2040.81,-4.94,+344.69
QUA,+0.97,-0.12,+0.04,+0.20
Temperature,-102
ACC,-0.03,-1.77,+9.46
LIA,+0.12,+0.12,-0.28
GYR,+16.69,+16.50,+6.50
MAG,+0.00,+0.00,+0.00
GRV,+9.51,+325.75,+0.00
Roll,-8.06,-3.50,+344.56
QUA,+0.97,-0.11,+0.05,+0.20
Temperature,26
ACC,-1.50,-0.21,+9.23
LIA,+1.50,+0.07,-0.15
GYR,+12.94,+7.38,-2.38
MAG,+0.00,+0.00,+0.00
GRV,+9.50,-1.66,+0.00
Roll,-10.12,-9.94,+336.69
QUA,+0.97,-0.10,+0.07,+0.20
Temperature,26
ACC,-0.40,-1.25,+9.18
LIA,+1.40,+0.12,-0.38
GYR,+14.25,+7.81,-2.88
MAG,+0.00,+0.00,+0.00
GRV,+9.53,-1.32,+0.00
Roll,-10.88,-7.88,+337.38
QUA,+0.97,-0.09,+0.08,+0.19
Temperature,26
ACC,-0.60,-0.80,+8.64
LIA,-0.01,+0.39,-0.86
GYR,-0.88,-0.56,-3.75
MAG,+0.00,+0.00,+0.00
GRV,+9.54,+326.58,+0.00
Roll,-11.44,+2041.44,+346.12
QUA,+0.98,-0.08,+0.09,+0.19
Temperature,-102
ACC,-0.39,+326.67,+9.91
LIA,+1.47,+0.32,+0.33
GYR,+2.81,-3.00,-2.75
MAG,+0.00,+0.00,+0.00
GRV,+9.55,+326.49,+0.00
Roll,-10.94,+2040.88,+346.25
QUA,+0.98,-0.08,+0.08,+0.19
Temperature,-102
ACC,-0.02,-0.64,+9.40
LIA,+1.64,+0.56,-0.05
GYR,+2.81,-2.81,-12.50
MAG,+0.00,+0.00,+0.00
GRV,+9.58,+326.57,+0.00
Roll,-10.12,+2041.38,+347.06
QUA,+0.98,-0.07,+0.08,+0.18
Temperature,26
ACC,-1.24,-0.98,+9.82
LIA,+1.55,+0.09,+0.19
GYR,+7.12,-9.00,-18.75
MAG,+0.00,+0.00,+0.00
GRV,+9.62,-1.07,+0.00
Roll,-8.88,-6.31,-1699.00
QUA,+0.98,-0.07,+0.07,+0.16
Temperature,26
ACC,-1.05,+326.76,+9.82
LIA,+0.05,+0.33,+0.24
GYR,+7.69,-11.25,-23.44
MAG,+0.00,+0.00,+0.00
GRV,+9.67,-1.02,+0.00
Roll,+2033.00,-6.00,+344.06
QUA,+0.99,-0.06,+0.05,+0.14
Temperature,26
ACC,+326.53,+326.90,+9.59
LIA,-0.38,+0.06,+0.08
GYR,+15.62,-11.62,-22.69
MAG,+0.00,+0.00,+0.00
GRV,-317.95,-0.83,+0.00
Roll,+2043.00,-4.88,+347.19
QUA,+0.99,-0.05,+0.04,+0.11
Temperature,26
ACC,-0.89,-1.05,+9.66
LIA,-0.29,-0.44,-0.10
GYR,+4.31,-7.88,-13.19
MAG,+0.00,+0.00,+0.00
GRV,-317.92,-0.61,+0.00
Roll,-3.44,-3.56,+349.62
QUA,+0.99,-0.03,+0.03,+0.09
Temperature,26
ACC,-0.35,-0.48,+9.67
LIA,+1.33,+0.04,+0.09
GYR,-4.06,-12.69,-15.81
MAG,+0.00,+0.00,+0.00
GRV,-317.91,-0.64,+0.00
Roll,-10.31,-3.75,+351.19
QUA,+1.00,-0.04,+0.02,+0.08
Temperature,26
ACC,-0.52,-0.69,+9.93
LIA,-0.35,-0.10,+0.07
GYR,+7.50,-5.56,-9.25
MAG,+8.00,+0.00,+0.00
GRV,+9.77,+326.99,+0.00
Roll,-9.06,+2043.94,+360.88
QUA,+1.00,-0.04,+0.01,+0.06
Temperature,26
ACC,-0.53,+326.94,+9.52
LIA,-0.40,-0.04,-0.32
GYR,+11.38,-0.19,-5.94
MAG,+0.00,+0.00,+0.00
GRV,+9.78,-0.56,+0.00
Roll,-8.88,-3.25,+353.88
QUA,+1.00,-0.03,+0.01,+0.05
Temperature,-102
ACC,-0.55,-0.43,+9.28
LIA,-0.40,+0.21,-0.54
GYR,+1.25,+3.31,-0.56
MAG,+0.00,+0.00,+0.00
GRV,-317.89,-0.45,+0.00
Roll,-9.38,-2.62,+354.12
QUA,+1.00,-0.02,+0.01,+0.05
Temperature,26
ACC,-0.40,-0.12,-317.83
LIA,-0.05,+0.23,+0.02
GYR,+10.38,-3.25,+15.81
MAG,+0.00,+0.00,+0.00
GRV,+9.79,-0.37,+0.00
Roll,-2.06,-2.12,+360.81
QUA,+1.00,-0.02,+0.02,+0.06
Temperature,-102
ACC,-0.63,-0.05,+9.56
LIA,-0.36,+0.36,-0.69
GYR,+7.25,+19.75,+23.38
MAG,+0.00,+0.00,+0.00
GRV,+9.79,-0.37,+0.00
Roll,-2.50,-2.19,+350.56
QUA,+1.00,-0.02,+0.02,+0.08
Temperature,26
ACC,+326.79,-0.12,+10.07
LIA,+1.40,-0.17,+0.35
GYR,-3.38,+4.81,+26.06
MAG,+0.00,+0.00,+0.00
GRV,-317.93,-0.18,+0.00
Roll,+2042.38,-1.06,+346.56
QUA,+1.00,-0.02,+0.05,+0.12
Temperature,26
ACC,-0.45,-0.08,+9.69
LIA,+0.27,+0.43,+0.06
GYR,+4.50,+5.00,+10.94
MAG,+0.00,+0.00,+0.00
GRV,+9.76,-0.40,+0.00
Roll,+2035.19,-2.31,+344.44
QUA,+0.99,-0.03,+0.04,+0.14
Temperature,26
ACC,+326.88,+326.99,+9.96
LIA,+1.38,-0.32,+0.37
GYR,+0.50,+8.75,+10.75
MAG,+0.00,+0.00,+0.00
GRV,+9.75,-0.41,+0.00
Roll,+2042.69,-2.38,+343.00
QUA,+0.99,-0.03,+0.04,+0.15
Temperature,-102
ACC,-0.76,-0.59,+9.77
LIA,+1.63,-0.23,+0.09
GYR,+1.25,+3.44,+9.75
MAG,+8.00,+0.00,+0.00
GRV,-317.95,-0.41,+0.00
Roll,+2041.75,-2.38,-1706.44
QUA,+0.99,-0.03,+0.05,+0.16
Temperature,-102
ACC,-0.87,-0.45,+9.99
LIA,+1.49,+0.00,+0.14
GYR,+0.25,-0.88,-0.31
MAG,+0.00,+0.00,+0.00
GRV,-317.95,-0.43,+0.00
Roll,+2041.62,-2.50,+349.19
QUA,+0.99,-0.03,+0.05,+0.16
Temperature,-102
ACC,+326.88,+326.93,+9.74
LIA,+1.52,-0.31,-0.07
GYR,+2.12,-5.00,-6.12
MAG,+8.00,+0.00,+0.00
GRV,+9.74,-0.43,+0.00
Roll,-5.88,-2.50,+349.62
QUA,+0.99,-0.03,+0.05,+0.16
Temperature,26
ACC,-0.56,-1.04,+9.77
LIA,+1.46,-0.33,+0.02
GYR,-7.50,-5.62,-20.75
MAG,+0.00,+0.00,+0.00
GRV,+9.75,+326.97,+0.00
Roll,+2035.69,+2043.88,-1696.56
QUA,+0.99,-0.04,+0.03,+0.14
Temperature,-102
ACC,-0.95,-0.51,+10.61
LIA,-0.53,+0.50,+0.86
GYR,+1.44,-3.88,-25.19
MAG,+8.00,+0.00,+0.00
GRV,-317.94,-1.01,+0.00
Roll,-2.38,-5.88,+347.19
QUA,+0.99,-0.05,+0.01,+0.11
Temperature,-102
ACC,-0.03,-1.02,+9.57
LIA,+0.01,+0.01,-0.17
GYR,+2.00,-19.31,-14.88
MAG,+8.00,+0.00,+0.00
GRV,+9.75,+326.64,+0.00
Roll,+0.00,-6.12,+350.12
QUA,+0.99,-0.05,-0.00,+0.09
Temperature,-102
ACC,-0.15,-0.67,+9.70
LIA,-0.53,+0.68,+0.00
GYR,-13.44,-8.88,-24.12
MAG,+0.00,+0.00,+0.00
GRV,-317.98,-1.35,+0.00
Roll,+2.25,-7.88,+360.88
QUA,+1.00,-0.07,-0.02,+0.06
Temperature,-102
ACC,+1.40,-0.98,+9.86
LIA,-0.44,+0.36,+0.17
GYR,+0.25,-9.50,-4.38
MAG,+0.00,+0.00,+0.00
GRV,+9.69,-1.34,+0.00
Roll,+3.25,+2032.12,+362.62
QUA,+1.00,-0.07,-0.03,+0.05
Temperature,26
ACC,+0.12,-0.59,+9.97
LIA,-0.52,+0.69,+0.19
GYR,+9.19,+2.06,+2.94
MAG,+0.00,+0.00,+0.00
GRV,+9.69,-1.32,+0.00
Roll,-2043.94,-7.75,+363.12
QUA,+1.00,-0.06,-0.04,+0.04
Temperature,-102
ACC,+1.59,+325.54,+9.55
LIA,-0.22,+0.28,-0.31
GYR,+3.75,+2.88,+9.19
MAG,+0.00,+0.00,+0.00
GRV,+9.72,+325.31,+0.00
Roll,+3.25,+2041.62,+354.25
QUA,+1.00,-0.05,-0.03,+0.05
Temperature,26
ACC,-0.05,-0.82,+9.64
LIA,-0.42,+0.14,-0.19
GYR,+5.81,+6.06,+15.19
MAG,+0.00,+0.00,+0.00
GRV,+9.74,-1.01,+0.00
Roll,+2.25,+2034.06,+360.69
QUA,+1.00,-0.05,-0.02,+0.07
Temperature,-102
ACC,-0.64,-0.60,+9.45
LIA,-0.76,+0.40,-0.35
GYR,+10.12,+19.88,+34.00
MAG,+0.00,+0.00,+0.00
GRV,+9.76,+325.50,+0.00
Roll,+0.00,-5.25,-1698.44
QUA,+0.99,-0.05,-0.00,+0.09
Temperature,26
ACC,-0.61,+326.65,+9.35
LIA,-0.05,-0.15,-0.52
GYR,-5.94,+22.44,+37.00
MAG,+0.00,+0.00,+0.00
GRV,+9.75,-0.80,+0.00
Roll,-11.38,+2043.31,+344.50
QUA,-1.01,-0.04,+0.02,+0.13
Temperature,26
ACC,-0.82,-1.31,+9.86
LIA,+1.66,-0.24,+0.07
GYR,-24.81,+16.12,+25.12
MAG,+8.00,+0.00,+0.00
GRV,+9.67,+326.69,+0.00
Roll,+2032.88,+2042.12,-1707.75
QUA,+0.98,-0.06,+0.05,+0.17
Temperature,26
ACC,-1.09,-1.23,+9.99
LIA,+1.76,+0.05,+0.40
GYR,-21.94,+12.75,+12.69
MAG,+0.00,+0.00,+0.00
GRV,+9.59,-1.28,+0.00
Roll,-9.44,-7.75,+337.38
QUA,+0.98,-0.08,+0.07,+0.19
Temperature,-102
ACC,-1.31,-1.42,+10.23
LIA,+1.69,+0.06,+0.69
GYR,-1.00,-0.62,+4.88
MAG,+0.00,+0.00,+0.00
GRV,+9.53,-1.49,+0.00
Roll,-10.12,-8.88,+344.38
QUA,+0.98,-0.09,+0.07,+0.20
Temperature,-102
ACC,-0.18,-1.25,+9.55
LIA,+1.47,+0.11,-0.01
GYR,+6.25,-0.12,+1.19
MAG,+8.00,+0.00,+0.00
GRV,+9.56,-1.36,+0.00
Roll,-9.69,-8.12,+335.94
QUA,+0.98,-0.09,+0.07,+0.21
Temperature,26
ACC,-0.16,-1.34,+9.47
LIA,+0.10,-0.04,-0.01
GYR,-5.38,-1.62,-5.44
MAG,+0.00,+0.00,+0.00
GRV,+9.57,-1.31,+0.00
Roll,-9.62,+2040.19,+336.19
QUA,+0.98,-0.08,+0.07,+0.20
Temperature,26
ACC,-1.39,+326.62,+9.56
LIA,+0.12,+0.07,+0.35
GYR,+15.44,-7.31,-8.06
MAG,+8.00,+0.00,+0.00
GRV,+9.61,-1.18,+0.00
Roll,-8.88,-7.00,+337.12
QUA,+0.98,-0.08,+0.06,+0.20
Temperature,-102
ACC,+326.68,+326.88,+9.17
LIA,+1.43,+0.08,-0.53
GYR,+11.56,-15.31,-17.69
MAG,+0.00,+0.00,+0.00
GRV,-317.99,-0.93,+0.00
Roll,-6.88,-5.44,+339.69
QUA,+0.98,-0.06,+0.05,+0.18
Temperature,26
ACC,-0.87,-0.10,+9.91
LIA,-0.18,-0.28,+0.18
GYR,+7.38,-16.50,-2.50
MAG,+8.00,+0.00,+0.00
GRV,+9.73,-0.91,+0.00
Roll,-4.12,+2042.69,+340.75
QUA,+0.98,-0.05,+0.03,+0.17
Temperature,26
ACC,-0.70,-0.57,+9.56
LIA,-0.27,+0.15,-0.21
GYR,+15.25,-4.75,+1.62
MAG,+0.00,+0.00,+0.00
GRV,-317.92,+326.85,+0.00
Roll,-9.94,-4.81,-1698.75
QUA,+0.99,-0.04,+0.01,+0.16
Temperature,26
ACC,-0.14,-1.03,+9.38
LIA,+0.26,-0.33,-0.38
GYR,+10.62,+10.31,+7.06
MAG,+0.00,+0.00,+0.00
GRV,+9.77,-0.74,+0.00
Roll,-2.25,+2043.62,+348.50
QUA,+0.98,-0.04,+0.01,+0.17
Temperature,-102
ACC,-0.06,-0.85,+9.97
LIA,+0.44,-0.31,+0.19
GYR,+3.19,+0.19,-5.06
MAG,+0.00,+0.00,+0.00
GRV,+9.77,-0.50,+0.00
Roll,-3.38,-2.88,-1707.62
QUA,+0.99,-0.03,+0.03,+0.17
Temperature,26
ACC,+1.47,-2.39,+9.22
LIA,+0.49,-0.26,-0.30
GYR,-33.06,-23.06,-15.19
MAG,+0.00,+0.00,+0.00
GRV,-317.93,+326.76,+0.00
Roll,-9.50,+2042.62,-1706.19
QUA,+0.99,-0.05,+0.01,+0.16
Temperature,26
ACC,+2.11,-0.82,+9.84
LIA,+1.81,+0.25,+0.12
GYR,-17.06,-35.88,-3.44
MAG,+8.00,+0.00,+0.00
GRV,-318.01,-1.48,+0.00
Roll,+2.94,-8.69,+350.56
QUA,+0.99,-0.07,-0.04,+0.15
Temperature,26
ACC,+2.49,-0.63,+10.50
LIA,+0.12,+0.53,+0.62
GYR,+29.81,-20.56,-7.75
MAG,+0.00,+0.00,+0.00
GRV,+9.64,-1.32,+0.00
Roll,-2041.06,+2040.19,-1696.62
QUA,+0.99,-0.06,-0.07,+0.14
Temperature,-102
ACC,+1.45,+0.38,+9.74
LIA,-0.09,+1.39,+0.11
GYR,+4.06,-7.75,-4.19
MAG,+0.00,+0.00,+0.00
GRV,-318.05,+325.40,+0.00
Roll,+9.06,-13.94,+344.38
QUA,+0.99,-0.04,-0.09,+0.13
Temperature,26
ACC,+1.31,-0.71,+9.42
LIA,-0.02,+0.46,-0.06
GYR,+11.62,+14.38,-18.69
MAG,+0.00,+0.00,+0.00
GRV,-318.04,+326.62,+0.00
Roll,+0.12,-14.25,+345.62
QUA,+1.00,-0.04,-0.08,+0.12
Temperature,26
ACC,+0.66,+0.09,+9.92
LIA,-0.44,+0.74,+0.20
GYR,+9.94,+17.81,-11.31
MAG,+8.00,+0.00,+0.00
GRV,-317.96,-0.65,+0.00
Roll,+6.31,-3.88,+348.19
QUA,+0.99,-0.03,-0.06,+0.10
Temperature,-102
ACC,+0.20,-1.64,+8.76
LIA,-0.64,-0.20,-0.90
GYR,-75.50,+7.50,+5.00
MAG,+8.00,+0.00,+0.00
GRV,-318.02,-1.44,+0.00
Roll,+4.94,-8.50,-1699.31
QUA,+0.99,-0.08,-0.05,+0.10
Temperature,26
ACC,-1.23,-2.25,+9.01
LIA,-0.38,-0.65,-0.64
GYR,+28.69,+21.81,+15.56
MAG,+0.00,+0.00,+0.00
GRV,+9.66,-1.59,+0.00
Roll,+2.50,-9.38,+347.25
QUA,+1.00,-0.08,-0.03,+0.11
Temperature,26
ACC,-0.99,-2.92,+9.59
LIA,-0.49,-1.51,+0.05
GYR,-1.62,+33.38,+39.81
MAG,+0.00,+0.00,+0.00
GRV,+9.68,-1.47,+0.00
Roll,-10.44,-8.62,-1704.69
QUA,+0.99,-0.08,+0.01,+0.15
Temperature,26
ACC,-0.15,-2.60,+9.99
LIA,+2.38,-1.01,+0.40
GYR,-1.75,+32.38,+30.69
MAG,+8.00,+0.00,+0.00
GRV,+9.59,-1.58,+0.00
Roll,+2032.69,-1.38,+346.88
QUA,+0.98,-0.09,+0.05,+0.18
Temperature,26
ACC,+0.48,-1.34,+9.65
LIA,+1.96,+0.46,+0.12
GYR,-4.44,-9.44,+9.38
MAG,+8.00,+0.00,+0.00
GRV,+9.52,-1.80,+0.00
Roll,-8.62,-10.75,+335.69
QUA,+0.98,-0.11,+0.05,+0.21
Temperature,-102
ACC,-0.03,-0.10,+10.98
LIA,+1.49,+1.24,+1.20
GYR,+0.50,-14.44,+2.12
MAG,+0.00,+0.00,+0.00
GRV,+9.56,-0.36,+0.00
Roll,-8.12,-1.75,+335.06
QUA,+0.97,-0.10,+0.05,+0.21
Temperature,26
ACC,-1.21,-1.31,+9.06
LIA,+0.04,+0.20,-0.39
GYR,+9.62,-0.56,-7.31
MAG,+0.00,+0.00,+0.00
GRV,+9.59,-0.36,+0.00
Roll,+2033.25,-9.69,-1712.25
QUA,+0.97,-0.09,+0.04,+0.21
Temperature,-102
ACC,-0.21,-0.02,+9.58
LIA,-0.30,+0.27,+0.04
GYR,+4.38,+0.12,+2.81
MAG,+0.00,+0.00,+0.00
GRV,+9.60,-1.56,+0.00
Roll,+2041.19,-9.25,+336.19
QUA,-1.03,-0.09,+0.04,+0.21
Temperature,26
ACC,-0.72,-1.37,+9.70
LIA,+1.64,+0.03,+0.05
GYR,+25.12,-8.12,-8.94
MAG,+0.00,+0.00,+0.00
GRV,+9.65,-1.37,+0.00
Roll,+2033.75,-8.06,+336.00
QUA,+0.97,-0.08,+0.04,+0.21
Temperature,26
ACC,+327.00,-0.05,+9.63
LIA,+1.40,+0.11,+0.03
GYR,-11.94,-11.81,-4.38
MAG,+0.00,+0.00,+0.00
GRV,+9.70,-1.11,+0.00
Roll,-12.81,-6.56,+336.81
QUA,+0.98,-0.07,+0.03,+0.20
Temperature,-102
ACC,+326.77,-0.88,+9.89
LIA,-0.30,+0.16,+0.15
GYR,+4.69,-11.00,+4.44
MAG,+0.00,+0.00,+0.00
GRV,+9.72,-1.10,+0.00
Roll,-3.25,-6.50,+337.00
QUA,+0.98,-0.06,+0.02,+0.20
Temperature,26
ACC,-0.33,-0.77,-317.99
LIA,+0.14,+0.19,-0.05
GYR,+2.00,-0.62,+8.06
MAG,+0.00,+0.00,+0.00
GRV,+9.74,-0.95,+0.00
Roll,-10.75,-5.56,+335.94
QUA,+0.98,+1.94,+0.01,-1.79
Temperature,26
ACC,-0.33,+326.82,+9.67
LIA,+1.39,+0.04,-0.08
GYR,+2.19,-1.31,+4.50
MAG,+0.00,+0.00,+0.00
GRV,+9.75,-0.89,+0.00
Roll,-2.62,-5.25,+335.12
QUA,-1.02,-0.05,-1.99,-1.79
Temperature,-102
ACC,-0.23,+326.88,-317.98
LIA,+0.13,+0.13,-0.05
GYR,-1.00,-3.69,+4.44
MAG,+0.00,+0.00,+0.00
GRV,+9.75,-0.94,+0.00
Roll,-2.06,+2042.50,+334.31
QUA,-1.02,+1.95,-1.98,+0.22
Temperature,-102
ACC,-0.12,-0.79,+9.88
LIA,+1.41,+0.15,+0.12
GYR,-1.62,-5.31,+1.50
MAG,+0.00,+0.00,+0.00
GRV,+9.75,-0.94,+0.00
Roll,-1.38,+2042.50,+333.94
QUA,+0.97,-0.05,+0.01,+0.22
Temperature,-102
ACC,-0.07,+326.65,-318.05
LIA,+0.08,+0.00,-0.11
GYR,-8.56,-2.44,+3.31
MAG,+0.00,+0.00,+0.00
GRV,+9.74,-1.04,+0.00
Roll,-0.88,+2041.94,+333.56
QUA,+0.97,-0.05,-0.00,+0.23
Temperature,26
ACC,-0.36,-1.60,+9.52
LIA,-0.05,+0.21,-1.38
GYR,-32.44,+1.25,+10.25
MAG,+0.00,+0.00,+0.00
GRV,+9.62,-1.87,+0.00
Roll,-9.81,-11.00,-1715.94
QUA,+0.97,-0.10,-0.01,-1.76
Temperature,-102
ACC,-0.35,-0.25,+9.45
LIA,+1.34,+0.31,+0.04
GYR,+7.88,+7.88,-2.56
MAG,+8.00,+0.00,+0.00
GRV,+9.61,-1.88,+0.00
Roll,-2.44,-3.06,+332.19
QUA,+0.97,-0.10,-0.00,+0.25
Temperature,26
ACC,-0.27,-1.65,-318.01
LIA,+1.47,+0.10,+0.03
GYR,-1.75,+5.00,-4.62
MAG,+0.00,+0.00,+0.00
GRV,+9.63,-1.76,+0.00
Roll,-2.81,-10.31,+332.75
QUA,-1.03,+1.91,+0.00,+0.23
Temperature,26
ACC,-0.70,-1.57,-317.84
LIA,-0.15,+0.09,+0.20
GYR,+5.69,+4.56,-2.56
MAG,+8.00,+0.00,+0.00
GRV,+9.64,-1.65,+0.00
Roll,-11.25,-1.69,-1714.62
QUA,+0.97,-0.09,+0.01,+0.23
Temperature,26
ACC,-0.48,-1.49,-318.08
LIA,+1.35,+0.05,+0.04
GYR,-6.50,-0.06,-0.31
MAG,+0.00,+0.00,+0.00
GRV,-318.03,-1.60,+0.00
Roll,-3.19,-9.44,-1714.38
QUA,+0.98,-0.09,+0.01,+0.23
Temperature,-102
ACC,-0.37,-1.46,+9.36
LIA,+1.44,+0.14,-0.35
GYR,-4.50,-0.69,-1.44
MAG,+0.00,+0.00,+0.00
GRV,-318.03,-0.36,+0.00
Roll,-3.00,-9.62,+333.88
QUA,+0.98,-0.09,+0.01,+0.23
Temperature,26
ACC,-0.60,-1.73,-318.00
LIA,-0.03,-0.02,+0.00
GYR,-8.88,-1.94,-1.12
MAG,+0.00,+0.00,+0.00
GRV,+9.63,-1.76,+0.00
Roll,-3.12,-10.38,+334.06
QUA,+0.97,-0.09,-1.99,+0.22
Temperature,-102
ACC,-0.23,-0.43,+10.02
LIA,+1.44,+0.21,+0.28
GYR,+8.12,-7.69,-8.12
MAG,+8.00,+0.00,+0.00
GRV,+9.61,-1.86,+0.00
Roll,-10.50,-2.94,-1713.56
QUA,+0.98,+1.90,+0.00,+0.22
Temperature,26
ACC,-0.04,-1.86,+9.38
LIA,+0.12,-0.26,-0.15
GYR,-19.81,-10.81,-6.00
MAG,+0.00,+0.00,+0.00
GRV,-318.02,-1.68,+0.00
Roll,-8.62,-1.88,+335.38
QUA,+0.98,-0.09,-0.01,+0.21
Temperature,26
ACC,-0.10,-1.84,+9.63
LIA,-0.13,+0.32,+0.02
GYR,-4.88,+1.88,-3.44
MAG,+8.00,+0.00,+0.00
GRV,-318.07,-1.94,+0.00
Roll,-0.31,-3.44,+344.19
QUA,+0.97,-0.10,-0.02,+0.21
Temperature,26
ACC,-0.12,-1.82,+9.77
LIA,-0.03,+0.16,+0.16
GYR,+4.75,+4.56,+1.94
MAG,+0.00,+0.00,+0.00
GRV,-318.07,-1.91,+0.00
Roll,-8.69,-3.25,+336.19
QUA,+0.97,-0.10,-0.01,+0.21
Temperature,26
ACC,-0.11,-0.39,+9.43
LIA,+1.43,+0.04,-0.14
GYR,+2.25,+1.00,+1.62
MAG,+0.00,+0.00,+0.00
GRV,+9.63,-1.82,+0.00
Roll,-9.12,-10.69,+335.81
QUA,+0.97,+1.91,-0.01,+0.21
Temperature,-102
ACC,-0.38,-1.45,+9.20
LIA,-0.21,+0.36,-0.43
GYR,-6.00,-1.56,+0.25
MAG,+0.00,+0.00,+0.00
GRV,+9.63,-1.82,+0.00
Roll,-1.00,-10.69,-1712.19
QUA,+0.98,-0.09,-0.01,-1.79
Temperature,26
ACC,-0.09,-1.61,+9.53
LIA,+1.29,+0.20,-0.10
GYR,+1.81,+0.38,+2.19
MAG,+0.00,+0.00,+0.00
GRV,+9.63,-1.81,+0.00
Roll,-0.62,-10.62,-1712.44
QUA,-1.02,-0.09,-0.01,+0.21
Temperature,26
ACC,-0.13,+325.73,-317.90
LIA,+1.31,-0.07,+0.20
GYR,-2.56,+7.12,+3.88
MAG,+0.00,+0.00,+0.00
GRV,-318.05,-1.82,+0.00
Roll,-9.12,-2.69,+335.38
QUA,-1.02,-0.09,-0.01,+0.21
Temperature,26
ACC,-0.28,-1.78,+9.51
LIA,+0.05,-0.08,-0.04
GYR,-7.81,+7.50,+16.38
MAG,+0.00,+0.00,+0.00
GRV,+9.59,+325.69,+0.00
Roll,-10.12,-3.69,-1714.00
QUA,+0.97,-0.10,-0.00,+0.22
Temperature,-102
ACC,-0.29,-2.16,+9.26
LIA,+0.11,+0.21,-0.30
GYR,-10.44,+0.50,-12.12
MAG,+8.00,+0.00,+0.00
GRV,+9.55,-2.17,+0.00
Roll,-2.75,+2043.19,-1714.31
QUA,+0.97,-0.11,-0.00,+0.23
Temperature,26
ACC,-0.40,-2.35,+10.24
LIA,+1.28,-0.03,+0.49
GYR,-5.69,-4.12,-3.38
MAG,+0.00,+0.00,+0.00
GRV,+9.52,+326.67,+0.00
Roll,-10.25,-13.50,+334.69
QUA,+0.97,-0.12,-0.01,+0.22
Temperature,26
ACC,-0.31,-2.12,+9.42
LIA,+0.06,+0.03,+0.01
GYR,-0.88,+0.62,+1.44
MAG,+0.00,+0.00,+0.00
GRV,+9.53,-0.98,+0.00
Roll,-2.00,+2042.62,+334.88
QUA,+0.97,-0.12,-0.01,+0.22
Temperature,-102
ACC,-0.25,-2.28,+9.55
LIA,+1.38,-0.04,+0.01
GYR,-0.06,-0.50,+1.25
MAG,+8.00,+0.00,+0.00
GRV,+9.54,+325.45,+0.00
Roll,-10.12,+2034.81,+334.81
QUA,+0.98,-0.12,-0.01,+0.22
Temperature,26
ACC,-0.35,-2.15,+9.56
LIA,+1.29,+0.10,+0.03
GYR,+1.62,-1.06,+0.62
MAG,+0.00,+0.00,+0.00
GRV,+9.53,+326.70,+0.00
Roll,-10.12,-13.31,+334.75
QUA,+0.97,-0.12,-0.01,+0.22
Temperature,26
ACC,-0.36,-2.14,+9.57
LIA,-0.01,+0.13,+0.04
GYR,-0.81,-1.94,-0.44
MAG,+8.00,+0.00,+0.00
GRV,+9.53,-2.27,+0.00
Roll,-2.00,+2034.62,-1713.38
QUA,+0.98,-0.12,-0.01,+0.22
Temperature,-102
ACC,-0.29,+325.46,+9.55
LIA,-0.01,+0.14,-0.01
GYR,+0.56,-1.19,-0.19
MAG,+0.00,+0.00,+0.00
GRV,+9.53,+325.41,+0.00
Roll,-1.88,+2034.56,-1713.38
QUA,+0.97,-0.12,-0.01,+0.22
Temperature,26
ACC,-0.23,-2.27,+9.63
LIA,+1.34,+0.04,+0.09
GYR,+9.12,-1.81,-0.56
MAG,+0.00,+0.00,+0.00
GRV,+9.53,+325.41,+0.00
Roll,-9.69,-13.44,-1713.38
QUA,+0.98,-0.12,-0.01,+0.22
Temperature,26
ACC,-0.18,-2.21,+9.51
LIA,+1.28,+0.15,-0.13
GYR,-1.56,-0.81,-0.62
MAG,+0.00,+0.00,+0.00
GRV,+9.53,+326.68,+0.00
Roll,-9.56,+2034.56,+334.62
QUA,+0.98,-0.12,-0.01,+0.22
Temperature,-102
ACC,-0.22,-2.26,+9.53
LIA,+1.30,+0.09,-0.06
GYR,-1.06,-0.75,+0.38
MAG,+0.00,+0.00,+0.00
GRV,+9.53,-2.26,+0.00
Roll,-1.56,+2034.69,+334.62
QUA,+0.97,-0.12,-0.01,+0.22
Temperature,-102
ACC,-0.21,+325.45,+9.57
LIA,+1.31,+0.05,+0.04
GYR,-1.56,+0.44,-0.25
MAG,+0.00,+0.00,+0.00
GRV,+9.53,-2.26,+0.00
Roll,-9.56,-13.31,+334.62
QUA,+0.97,-0.12,-0.01,+0.22
Temperature,26
ACC,-0.23,-2.18,+9.50
LIA,+1.31,+0.08,+0.00
GYR,+2.50,+1.12,+0.94
MAG,+0.00,+0.00,+0.00
GRV,+9.53,-2.25,+0.00
Roll,-1.56,+2042.69,+334.56
QUA,+0.98,-0.12,-0.01,+0.22
Temperature,-102
ACC,-0.17,-0.96,+9.71
LIA,+0.10,+0.00,+0.16
GYR,+0.75,-1.12,+0.62
MAG,+0.00,+0.00,+0.00
GRV,+9.54,-2.24,+0.00
Roll,-9.56,-13.19,-1713.56
QUA,+0.97,+1.88,-0.01,+0.22
Temperature,26
ACC,-0.23,+325.61,+9.41
LIA,+0.03,+0.13,-0.13
GYR,+0.88,+0.31,-0.56
MAG,+8.00,+0.00,+0.00
GRV,+9.55,-2.20,+0.00
Roll,-9.56,-13.00,-1713.50
QUA,+0.98,+1.88,-0.00,+0.22
Temperature,26
ACC,-0.27,+325.61,+9.55
LIA,-0.02,+0.11,+0.06
GYR,+1.75,+0.69,-0.50
MAG,+0.00,+0.00,+0.00
GRV,+9.54,-2.21,+0.00
Roll,-1.56,+2034.94,+334.50
QUA,+0.97,+1.88,-0.01,+0.22
Temperature,26
ACC,-0.31,-0.77,+9.52
LIA,-0.03,+1.44,-0.02
GYR,-0.69,-0.19,+0.44
MAG,+0.00,+0.00,+0.00
GRV,+9.54,-2.22,+0.00
Roll,-1.62,+2042.94,+334.56
QUA,+0.97,-0.11,-0.01,+0.22
Temperature,26
ACC,-0.29,-0.82,+9.58
LIA,+1.28,+0.13,+0.03
GYR,+0.06,+0.06,-0.62
MAG,+8.00,+0.00,+0.00
GRV,+9.54,-2.23,+0.00
Roll,-9.62,-13.12,-1713.44
QUA,+0.98,+1.88,-0.00,-1.78
Temperature,26
ACC,-0.23,+326.88,+9.51
LIA,-0.01,+0.21,+0.00
GYR,-0.56,+0.31,-0.69
MAG,+0.00,+0.00,+0.00
GRV,+9.54,+326.72,+0.00
Roll,-9.56,+2042.75,+334.56
QUA,+0.97,+1.88,-0.01,+0.22
Temperature,26
ACC,-0.27,+325.58,+9.60
LIA,+0.02,+0.07,+0.07
GYR,+0.69,+0.44,+0.38
MAG,+0.00,+0.00,+0.00
GRV,+9.54,+325.44,+0.00
Roll,-9.69,+2034.75,-1713.38
QUA,+0.97,+1.88,-0.01,+0.22
Temperature,26
ACC,-0.25,-0.83,+9.60
LIA,+1.33,+0.15,+0.05
GYR,-0.81,-0.31,+0.19
MAG,+0.00,+0.00,+0.00
GRV,+9.53,+325.43,+0.00
Roll,-9.62,+2034.75,+334.62
QUA,+0.97,-0.12,-0.01,+0.22
Temperature,26
ACC,-0.24,+326.86,+9.48
LIA,+1.35,+0.14,-0.10
GYR,-0.88,-0.12,-0.25
MAG,+8.00,+0.00,+0.00
GRV,+9.54,-2.24,+0.00
Roll,-9.69,+2042.81,+334.62
QUA,+0.98,-0.12,-0.01,+0.22
Temperature,26
ACC,-0.22,-2.13,+9.51
LIA,+1.32,+0.15,-0.02
GYR,-1.88,+0.12,-0.44
MAG,+8.00,+0.00,+0.00
GRV,+9.53,-2.25,+0.00
Roll,-1.69,-13.25,-1713.38
QUA,+0.97,-0.12,-0.01,+0.22
Temperature,26
ACC,-0.24,-2.16,+9.56
LIA,+1.32,+0.07,+0.02
GYR,+0.62,+0.50,-0.06
MAG,+0.00,+0.00,+0.00
GRV,+9.54,+326.72,+0.00
Roll,-9.69,-13.25,-1713.31
QUA,+0.98,-0.12,-0.01,+0.22
Temperature,-102
ACC,-0.23,+326.80,+9.55
LIA,+1.33,+0.12,+0.02
GYR,-1.31,-0.31,+0.19
MAG,+0.00,+0.00,+0.00
GRV,+9.53,+325.43,+0.00
Roll,-1.69,+2042.69,+334.62
QUA,+0.97,-0.12,-0.01,+0.22
Temperature,26
ACC,-0.23,-2.19,+9.51
LIA,+1.32,+0.11,-0.05
GYR,+0.00,-0.56,-0.19
MAG,+0.00,+0.00,+0.00
GRV,+9.53,+325.43,+0.00
Roll,-9.75,+2042.75,+334.62
QUA,+0.97,-0.12,-0.01,+0.22
Temperature,-102
ACC,-0.30,+325.63,-318.07
LIA,+1.29,+0.18,+0.03
GYR,+9.31,+0.25,-0.38
MAG,+0.00,+0.00,+0.00
GRV,+9.54,-2.23,+0.00
Roll,-9.75,-5.19,-1713.31
QUA,+0.98,-0.12,-0.00,+0.22
Temperature,26
ACC,-0.29,+325.61,+9.55
LIA,+1.29,+0.12,+0.00
GYR,-0.38,+0.56,-0.19
MAG,+0.00,+0.00,+0.00
GRV,+9.54,-2.22,+0.00
Roll,-9.69,+2034.88,-1713.31
QUA,+0.97,-0.12,-0.00,+0.22
Temperature,26
ACC,-0.22,-2.17,+9.54
LIA,+1.36,+0.08,+0.00
GYR,-1.75,-0.50,+0.31
MAG,+0.00,+0.00,+0.00
GRV,+9.54,-2.22,+0.00
Roll,-9.69,+2042.94,+334.69
QUA,+0.97,+1.88,-0.01,+0.22
Temperature,26
ACC,-0.31,+325.67,+9.50
LIA,-0.01,+1.48,-0.03
GYR,-0.75,+0.06,+0.31
MAG,+0.00,+0.00,+0.00
GRV,+9.54,-2.21,+0.00
Roll,-1.69,+2042.94,-1713.31
QUA,+0.98,+1.89,-0.00,-1.78
Temperature,26
ACC,-0.29,+326.91,+9.56
LIA,+0.00,+0.14,+0.01
GYR,-0.81,-0.12,+0.19
MAG,+0.00,+0.00,+0.00
GRV,+9.55,-2.20,+0.00
Roll,-1.69,+2043.06,+334.69
QUA,+0.97,-0.12,-0.01,+0.22
Temperature,26
ACC,-0.28,+326.86,+9.55
LIA,+0.02,+0.10,+0.00
GYR,-0.56,-0.75,+0.31
MAG,+8.00,+0.00,+0.00
GRV,+9.54,-2.20,+0.00
Roll,-1.75,-13.00,+334.69
QUA,+0.98,-0.12,-0.00,+0.22
Temperature,26
ACC,-0.30,-0.81,-318.07
LIA,+0.00,+0.11,+0.06
GYR,-0.12,+0.00,+0.25
MAG,+0.00,+0.00,+0.00
GRV,+9.54,-2.21,+0.00
Roll,-1.75,-13.00,+334.69
QUA,+0.97,-0.12,-0.01,-1.78
Temperature,26
ACC,-0.24,-2.11,+9.52
LIA,+1.33,+0.09,-0.02
GYR,-0.25,-0.12,-0.31
MAG,+0.00,+0.00,+0.00
GRV,+9.55,-2.20,+0.00
Roll,-1.75,-12.94,+334.69
QUA,+0.97,-0.11,-0.01,+0.22
Temperature,26
ACC,-0.32,-1.96,+9.43
LIA,-0.02,+0.22,-0.12
GYR,+2.19,+0.06,+0.00
MAG,+0.00,+0.00,+0.00
GRV,+9.55,+326.77,+0.00
Roll,-1.75,-12.88,+334.69
QUA,+0.97,-0.11,-0.01,+0.22
Temperature,26
ACC,-0.35,-2.05,+9.52
LIA,-0.05,+0.16,-0.01
GYR,-0.50,+0.81,-0.44
MAG,+8.00,+0.00,+0.00
GRV,+9.55,-0.89,+0.00
Roll,-9.75,-12.81,-1713.38
QUA,+0.97,-0.11,-0.01,+0.22
Temperature,26
ACC,-0.34,+325.73,+9.48
LIA,-0.05,+0.18,-0.02
GYR,-0.88,-0.06,+0.12
MAG,+0.00,+0.00,+0.00
GRV,+9.55,+325.51,+0.00
Roll,-1.75,+2035.19,-1713.38
QUA,+0.97,-0.11,-0.01,+0.22
Temperature,26
ACC,-0.29,+325.63,+9.54
LIA,+0.03,+0.11,+0.01
GYR,-1.44,-0.06,-0.25
MAG,+0.00,+0.00,+0.00
GRV,+9.55,-2.18,+0.00
Roll,-9.75,+2043.12,-1713.38
QUA,+0.98,-0.11,-0.01,+0.22
Temperature,26
ACC,-0.29,-2.00,+9.50
LIA,+1.31,+0.13,+0.00
GYR,-0.50,+0.44,+0.06
MAG,+0.00,+0.00,+0.00
GRV,+9.55,+325.49,+0.00
Roll,-1.75,-4.94,+334.62
QUA,+0.97,-0.11,-0.01,+0.22
Temperature,26
ACC,-0.20,+325.47,+9.56
LIA,+0.10,-0.01,+0.01
GYR,-2.44,-0.62,+0.19
MAG,+0.00,+0.00,+0.00
GRV,+9.54,-2.21,+0.00
Roll,-1.75,+2043.00,+334.62
QUA,+0.97,+1.88,-0.00,-1.78
Temperature,26
ACC,-0.25,+326.88,+9.56
LIA,+1.35,+0.06,+0.07
GYR,-0.25,-1.19,+0.88
MAG,+0.00,+0.00,+0.00
GRV,+9.54,+325.46,+0.00
Roll,-1.69,-5.06,+334.62
QUA,+0.97,-0.11,-0.01,+0.22
Temperature,26
ACC,-0.23,+326.84,+9.67
LIA,+1.39,+0.06,+0.08
GYR,-1.75,+0.06,-0.06
MAG,+0.00,+0.00,+0.00
GRV,+9.54,-0.95,+0.00
Roll,-9.62,+2034.81,+334.62
QUA,+0.97,-0.12,-0.01,+0.22
Temperature,26
ACC,-0.27,-2.05,+9.52
LIA,+1.36,+0.10,+0.02
GYR,-0.69,-1.62,+1.06
MAG,+0.00,+0.00,+0.00
GRV,+9.54,-2.22,+0.00
Roll,-9.62,+2034.94,+334.69
QUA,+0.97,-0.11,-0.01,+0.22
Temperature,26
ACC,-0.23,-0.80,+9.51
LIA,+1.33,+0.09,+0.00
GYR,-0.12,-1.50,+0.50
MAG,+0.00,+0.00,+0.00
GRV,+9.55,-2.20,+0.00
Roll,-1.56,+2035.00,-1713.31
QUA,+0.97,-0.11,-0.01,+0.22
Temperature,-102
ACC,-0.27,-2.06,-317.96
LIA,-0.01,+0.12,+0.11
GYR,+0.94,+1.00,-1.06
MAG,+0.00,+0.00,+0.00
GRV,+9.55,-2.20,+0.00
Roll,-1.56,+2043.06,+334.75
QUA,+0.97,-0.11,-0.01,+0.22
Temperature,-102
ACC,-0.37,-1.85,+9.53
LIA,-0.12,+0.47,+0.12
GYR,+2.50,+4.06,+0.56
MAG,+0.00,+0.00,+0.00
GRV,+9.55,+326.78,+0.00
Roll,-1.75,+2035.19,-1713.12
QUA,+0.98,-0.11,-0.01,+0.22
Temperature,-102
ACC,-0.21,-2.11,+9.51
LIA,-0.02,+0.20,+0.00
GYR,+3.38,+0.94,+0.31
MAG,+0.00,+0.00,+0.00
GRV,+9.54,-0.93,+0.00
Roll,-1.62,+2034.94,+334.69
QUA,+0.98,-0.11,-0.01,+0.22
Temperature,26
ACC,-0.23,+325.54,-318.02
LIA,+1.33,+0.06,+0.16
GYR,-1.12,+1.19,+1.88
MAG,+0.00,+0.00,+0.00
GRV,+9.54,-2.22,+0.00
Roll,-1.75,-5.12,-1713.56
QUA,+0.98,+1.89,-0.00,+0.22
Temperature,26
ACC,-0.27,+325.49,+9.57
LIA,+1.34,+0.02,+0.06
GYR,+0.75,+0.44,-0.44
MAG,+0.00,+0.00,+0.00
GRV,+9.54,+325.47,+0.00
Roll,-1.94,+2042.94,+334.50
QUA,+0.97,-0.11,-0.01,+0.22
Temperature,26
ACC,-0.25,-0.77,+9.23
LIA,-0.02,+0.14,-0.27
GYR,+3.31,+2.38,+0.44
MAG,+0.00,+0.00,+0.00
GRV,+9.55,-0.90,+0.00
Roll,-10.00,+2043.19,+334.44
QUA,+0.97,-0.11,-0.01,+0.22
Temperature,26
ACC,-0.28,+326.82,+9.60
LIA,+0.06,+0.06,-0.02
GYR,-1.00,-0.25,-0.94
MAG,+0.00,+0.00,+0.00
GRV,+9.55,-2.17,+0.00
Roll,-10.19,+2043.25,+334.44
QUA,+0.98,-0.11,+1.99,+0.22
Temperature,-102
ACC,-0.48,-0.75,+9.54
LIA,-0.06,+0.21,+0.23
GYR,-2.75,+2.25,-1.31
MAG,+0.00,+0.00,+0.00
GRV,+9.55,-2.17,+0.00
Roll,-10.31,+2043.25,-1713.25
QUA,+0.97,-0.12,-0.00,+0.22
Temperature,26
ACC,-0.35,+325.51,+9.52
LIA,+0.05,+0.09,+0.07
GYR,-1.44,-2.50,+1.25
MAG,+0.00,+0.00,+0.00
GRV,+9.55,+325.51,+0.00
Roll,-10.44,+2043.19,-1713.19
QUA,+0.97,-0.11,-0.00,+0.22
Temperature,26
ACC,-0.32,+326.86,+9.42
LIA,+0.01,+0.08,-0.21
GYR,-0.94,-1.19,-1.94
MAG,+0.00,+0.00,+0.00
GRV,+9.55,+325.49,+0.00
Roll,-10.31,+2035.12,+334.94
QUA,+0.97,-0.11,-0.00,+0.22
Temperature,26
ACC,-0.30,+326.70,+9.57
LIA,+1.28,-0.04,+0.02
GYR,+2.62,-0.56,-0.31
MAG,+0.00,+0.00,+0.00
GRV,+9.55,+326.80,+0.00
Roll,-10.19,+2043.25,+334.88
QUA,+0.98,-0.11,-0.00,+0.22
Temperature,26
ACC,-0.47,-1.97,+9.64
LIA,-0.08,+0.15,+0.00
GYR,+9.94,-0.50,+1.06
MAG,+0.00,+0.00,+0.00
GRV,+9.56,+326.83,+0.00
Roll,-10.25,+2035.44,-1713.00
QUA,+0.97,-0.11,-0.00,+0.22
Temperature,-102
ACC,-0.31,-0.69,+9.63
LIA,+1.36,+0.15,+0.06
GYR,-0.94,-0.38,+1.31
MAG,+0.00,+0.00,+0.00
GRV,+9.56,+326.82,+0.00
Roll,-2.19,+2043.38,+334.69
QUA,+0.98,-0.11,-0.00,+0.22
