SWV ITM Data Console - ITM Port: 0
Temperature,-99
ACC,+0.96,-1.91,+9.43
LIA,+1.37,+0.10,-0.28
GYR,+9.25,-2.94,-1.81
MAG,+8.00,+0.00,+0.00
GRV,-317.95,+326.99,+0.00
Roll,-2042.31,-12.06,+280.06
QUA,+0.72,+0.01,-0.06,+0.69
Temperature,-99
ACC,+1.03,-0.56,+9.44
LIA,+1.31,+0.07,-0.25
GYR,+10.31,-4.75,+0.88
MAG,+0.00,+0.00,+0.00
GRV,+9.72,-1.93,+0.00
Roll,+6.12,-11.81,+272.00
QUA,+0.72,+0.01,-0.06,+0.69
Temperature,29
ACC,+1.24,-1.79,+9.46
LIA,+1.32,+0.12,-0.26
GYR,+8.06,-7.56,-1.38
MAG,+0.00,+0.00,+0.00
GRV,-317.97,-0.61,+0.00
Roll,+6.94,-3.56,-1776.06
QUA,+0.72,+0.02,-0.07,+0.69
Temperature,29
ACC,+1.37,-0.48,+9.36
LIA,+1.34,+0.15,-0.26
GYR,+1.81,-3.00,-0.12
MAG,+0.00,+0.00,+0.00
GRV,-317.99,-0.62,+0.00
Roll,-2040.19,-3.69,+280.19
QUA,+0.72,+0.02,-0.07,+0.69
Temperature,29
ACC,+1.20,-0.56,+9.48
LIA,+0.00,-0.04,-0.27
GYR,+8.19,+7.31,-4.50
MAG,+0.00,+0.00,+0.00
GRV,-317.97,-0.55,+0.00
Roll,-2041.00,-11.19,-1776.19
QUA,-1.28,-1.98,-0.07,+0.69
Temperature,29
ACC,-325.33,-1.85,+9.45
LIA,+0.03,-0.07,-0.28
GYR,+8.44,+2.62,-0.56
MAG,+0.00,+0.00,+0.00
GRV,+9.73,-0.49,+0.00
Roll,-2041.94,-2.88,+271.94
QUA,-1.28,+0.02,-0.06,+0.70
Temperature,29
ACC,-325.39,-1.76,+9.57
LIA,+1.37,-0.08,-0.38
GYR,-3.19,-4.88,+5.88
MAG,+0.00,+0.00,+0.00
GRV,+9.74,-0.49,+0.00
Roll,-2042.38,-2.88,+271.38
QUA,+0.71,+0.02,-0.05,+0.70
Temperature,29
ACC,+1.39,-0.99,+9.30
LIA,-0.02,-0.03,-0.34
GYR,-52.38,-2.31,-31.75
MAG,+0.00,+0.00,+0.00
GRV,-318.03,-0.96,+0.00
Roll,+8.31,-5.62,+272.31
QUA,+0.72,+0.01,-0.09,+0.69
Temperature,-99
ACC,+0.87,-0.96,+9.65
LIA,-0.06,+0.01,-0.05
GYR,+31.25,+31.00,-3.19
MAG,+0.00,+0.00,+0.00
GRV,+9.71,-0.98,+0.00
Roll,-2042.56,-5.75,+283.69
QUA,+0.74,-0.00,-0.07,+0.67
Temperature,-99
ACC,+1.37,-1.98,+9.44
LIA,-0.32,-0.23,-0.34
GYR,-39.69,-7.94,-3.81
MAG,+0.00,+0.00,+0.00
GRV,+9.80,-0.15,+0.00
Roll,+1.50,-0.88,+282.50
QUA,+0.73,+0.00,-0.02,+0.68
Temperature,29
ACC,-0.05,+0.12,+9.45
LIA,+1.39,-0.16,-0.48
GYR,-8.88,+7.62,-9.81
MAG,+0.00,+0.00,+0.00
GRV,+8.52,+0.03,+0.00
Roll,+0.12,+0.19,+274.62
QUA,+0.74,+0.00,+0.00,+0.68
Temperature,29
ACC,-0.08,-0.25,+9.57
LIA,-0.08,+0.10,-0.27
GYR,+12.31,+9.50,-6.81
MAG,+0.00,+0.00,+0.00
GRV,+9.80,-0.08,+0.00
Roll,-8.50,-0.50,+275.00
QUA,+0.75,+1.99,+0.00,+0.68
Temperature,-99
ACC,+0.04,-1.40,+9.49
LIA,+1.42,+0.05,-0.30
GYR,+6.81,+4.88,-1.56
MAG,+0.00,+0.00,+0.00
GRV,+9.80,-0.17,+0.00
Roll,-0.62,-1.00,+275.38
QUA,-1.26,-0.01,-0.00,+0.67
Temperature,-99
ACC,+1.28,+0.00,+8.33
LIA,+1.31,+0.17,-0.18
GYR,-4.19,-5.19,-2.31
MAG,+0.00,+0.00,+0.00
GRV,+9.80,-0.19,+0.00
Roll,-0.06,-1.06,+275.38
QUA,-1.26,-0.01,+1.99,+0.67
Temperature,29
ACC,-0.15,-0.12,+9.57
LIA,-0.20,+1.28,-0.22
GYR,+2.25,-0.06,-0.50
MAG,+0.00,+0.00,+0.00
GRV,+9.80,-0.13,+0.00
Roll,+0.19,-0.75,+275.38
QUA,+0.74,-0.01,+1.99,+0.67
Temperature,29
ACC,+0.02,-0.25,+9.55
LIA,+0.03,-0.18,-0.24
GYR,-2042.62,+2.44,-1.56
MAG,+0.00,+0.00,+0.00
GRV,+9.80,-0.05,+0.00
Roll,+0.00,-0.31,+275.56
QUA,+0.74,-0.00,-0.00,+0.67
Temperature,29
ACC,-0.16,+0.06,+9.61
LIA,-0.14,+0.05,-0.19
GYR,+9.88,-0.19,-2.25
MAG,+8.00,+0.00,+0.00
GRV,+9.80,+0.01,+0.00
Roll,-0.06,+0.06,+275.56
QUA,+0.74,+0.00,+0.00,+0.67
Temperature,29
ACC,+0.12,+0.00,+9.60
LIA,+1.40,-0.16,-0.20
GYR,-0.69,-2.69,-4.31
MAG,+0.00,+0.00,+0.00
GRV,-319.16,+0.15,+0.00
Roll,+0.00,+0.88,+284.06
QUA,+0.74,+0.01,+0.01,+0.67
Temperature,29
ACC,-0.10,+1.50,+8.18
LIA,-0.01,-0.09,-0.29
GYR,+0.44,+0.50,-3.38
MAG,+0.00,+0.00,+0.00
GRV,+9.80,+0.20,+0.00
Roll,-8.12,+9.19,+276.31
QUA,+0.75,+0.01,+0.00,+0.67
Temperature,29
ACC,-0.04,+0.17,+8.20
LIA,+1.28,-1.40,-0.31
GYR,-1.62,+2.31,-1.94
MAG,+0.00,+0.00,+0.00
GRV,+9.80,+0.29,+0.00
Roll,-8.31,+1.69,-1763.31
QUA,-1.25,+0.00,+0.00,+0.66
Temperature,-99
ACC,-0.07,+0.31,+9.51
LIA,+1.29,+0.04,-1.56
GYR,+1.44,+3.50,-0.62
MAG,+0.00,+0.00,+0.00
GRV,+9.80,+0.27,+0.00
Roll,-0.50,+1.56,+276.88
QUA,+0.75,+0.01,+0.00,+0.66
Temperature,29
ACC,+0.10,+0.25,+9.65
LIA,+1.51,-0.03,-0.14
GYR,+8.25,+1.88,-10.50
MAG,+0.00,+0.00,+0.00
GRV,+9.80,+0.29,+0.00
Roll,-0.75,+1.69,+277.19
QUA,+0.75,+0.01,-1.98,-1.34
Temperature,29
ACC,+0.15,+0.05,+9.31
LIA,+1.56,-0.19,-0.48
GYR,-3.62,+0.56,+0.81
MAG,+0.00,+0.00,+0.00
GRV,+9.80,+0.24,+0.00
Roll,-0.75,+1.38,+277.31
QUA,+0.75,+0.00,+0.01,+0.66
Temperature,29
ACC,-0.05,+0.09,+9.32
LIA,+1.34,-0.13,-0.47
GYR,+0.88,+0.50,+0.25
MAG,+0.00,+0.00,+0.00
GRV,-319.16,+1.50,+0.00
Roll,-8.69,+9.31,-1770.88
QUA,+0.75,+0.00,+0.01,+0.66
Temperature,-99
ACC,-0.09,+0.28,+9.94
LIA,+1.30,-0.03,-0.15
GYR,+2.62,+0.56,+0.31
MAG,+0.00,+0.00,+0.00
GRV,-319.16,+1.52,+0.00
Roll,-8.44,+9.44,-1770.88
QUA,+0.75,+0.01,+0.01,+0.66
Temperature,29
ACC,-0.18,+1.70,+8.21
LIA,-0.01,+0.16,-0.20
GYR,+12.12,-0.56,-2.12
MAG,+0.00,+0.00,+0.00
GRV,+8.52,+1.59,+0.00
Roll,-8.56,+1.81,+285.19
QUA,+0.75,+0.01,+0.01,+0.66
Temperature,29
ACC,+0.05,+0.18,+8.49
LIA,+1.31,-0.12,-0.05
GYR,+1.12,-3.50,-1.81
MAG,+0.00,+0.00,+0.00
GRV,-317.89,+1.69,+0.00
Roll,-0.31,+10.38,+285.62
QUA,+0.75,+0.01,+0.02,+0.66
Temperature,29
ACC,+0.04,+0.22,-318.75
LIA,-0.04,-0.01,+0.20
GYR,+0.75,+7.94,+2.25
MAG,+0.00,+0.00,+0.00
GRV,-317.89,+0.37,+0.00
Roll,-8.12,+2.19,-1770.25
QUA,+0.75,+0.01,+0.01,+0.66
Temperature,29
ACC,-0.27,+1.83,+8.03
LIA,-0.14,-0.21,+0.20
GYR,+12.12,-2.44,-2.44
MAG,+0.00,+0.00,+0.00
GRV,+9.79,+0.38,+0.00
Roll,-9.00,+10.25,+285.75
QUA,+0.75,+0.01,+0.02,+0.66
Temperature,29
ACC,-0.26,+0.45,+9.41
LIA,-0.06,-0.05,-0.62
GYR,-2.81,-2.62,+0.62
MAG,+0.00,+0.00,+0.00
GRV,+9.79,+0.48,+0.00
Roll,-8.75,+10.81,+277.69
QUA,+0.75,-1.99,-1.98,+0.66
Temperature,29
ACC,-0.22,-326.90,-318.88
LIA,-0.11,+0.00,-0.70
GYR,+25.44,-10.38,-2.69
MAG,+0.00,+0.00,+0.00
GRV,-319.18,-327.04,+0.00
Roll,+0.00,+3.75,+285.38
QUA,+0.75,+0.02,+0.02,+0.66
Temperature,29
ACC,+0.17,-326.43,+9.22
LIA,-0.06,+0.19,-0.43
GYR,+15.81,-3.38,+0.25
MAG,+0.00,+0.00,+0.00
GRV,+9.76,+0.88,+0.00
Roll,+1.25,+5.19,+285.31
QUA,+0.75,+0.04,+0.02,+0.66
Temperature,29
ACC,+0.33,+1.19,+9.30
LIA,-0.12,+0.32,-0.28
GYR,-3.56,-6.00,+0.31
MAG,+0.00,+0.00,+0.00
GRV,+8.46,-326.58,+0.00
Roll,+1.56,+6.44,+285.25
QUA,+0.75,+0.05,+0.03,+0.66
Temperature,-99
ACC,+0.37,-326.52,+8.22
LIA,-0.11,+0.27,-0.23
GYR,+6.38,-0.81,+2.19
MAG,+0.00,+0.00,+0.00
GRV,+8.44,-326.47,+0.00
Roll,+1.88,-2040.88,+285.06
QUA,+0.75,+0.06,+0.03,+0.66
Temperature,-99
ACC,+0.37,+1.57,+8.99
LIA,+1.31,+0.03,-0.91
GYR,-3.00,-7.25,-2.38
MAG,+0.00,+0.00,+0.00
GRV,+9.71,+0.01,+0.00
Roll,+2.56,-2040.44,+285.19
QUA,+0.75,+0.06,+0.03,+0.66
Temperature,-99
ACC,+1.67,+0.08,+9.16
LIA,-0.17,+0.19,-0.51
GYR,+9.44,+3.56,+1.75
MAG,+0.00,+0.00,+0.00
GRV,-319.25,+1.23,+0.00
Roll,+3.19,+7.19,+285.25
QUA,+0.75,+0.07,+0.02,+0.66
Temperature,-99
ACC,+1.72,+0.04,-318.08
LIA,-0.01,+0.04,-0.27
GYR,-0.12,+4.00,-1.00
MAG,+0.00,+0.00,+0.00
GRV,-319.25,+1.22,+0.00
Roll,+2.75,-2040.88,+277.19
QUA,-1.25,+0.06,+0.02,+0.66
Temperature,-99
ACC,+0.36,+0.10,+9.55
LIA,-0.08,+0.20,-0.13
GYR,-2.50,+1.81,-0.62
MAG,+0.00,+0.00,+0.00
GRV,+9.72,-326.51,+0.00
Roll,+2.50,-2041.19,+285.31
QUA,+0.75,+0.06,+0.02,+0.66
Temperature,29
ACC,+0.38,+1.37,+9.76
LIA,-0.01,+0.38,-0.05
GYR,-12.00,+0.56,-0.56
MAG,+0.00,+0.00,+0.00
GRV,+9.73,-326.56,+0.00
Roll,+2.12,-2041.44,+277.31
QUA,+0.75,+0.05,+0.02,+0.66
Temperature,29
ACC,+0.20,+1.20,+7.93
LIA,-0.09,+0.13,-0.51
GYR,-1.94,-2.69,-1.56
MAG,+0.00,+0.00,+0.00
GRV,+9.74,+1.09,+0.00
Roll,+1.69,+6.38,+277.31
QUA,-1.25,-1.95,+0.03,+0.66
Temperature,29
ACC,+0.27,+1.09,+8.55
LIA,+1.28,+0.10,+0.08
GYR,-23.31,+3.38,-3.62
MAG,+0.00,+0.00,+0.00
GRV,+9.75,+0.94,+0.00
Roll,+1.56,+5.50,+285.50
QUA,+0.75,+0.05,-1.98,+0.66
Temperature,29
ACC,+0.14,-326.77,+9.31
LIA,-0.01,+0.11,-0.51
GYR,-4.50,-0.25,-3.50
MAG,+0.00,+0.00,+0.00
GRV,+8.49,+0.76,+0.00
Roll,+0.94,-2043.56,-1769.94
QUA,+0.75,+0.04,+0.02,+0.65
Temperature,29
ACC,+0.13,+0.62,+9.19
LIA,-0.12,+0.05,-0.30
GYR,-2.44,+3.38,-2.62
MAG,+0.00,+0.00,+0.00
GRV,+8.49,-326.96,+0.00
Roll,+0.50,-2043.81,+286.56
QUA,+0.76,+0.03,+0.02,+0.65
Temperature,29
ACC,-0.06,+0.59,-319.35
LIA,-0.04,-0.02,-0.28
GYR,-5.19,+7.25,-6.44
MAG,+0.00,+0.00,+0.00
GRV,-319.18,+0.60,+0.00
Roll,-8.06,+3.50,+279.25
QUA,+0.76,+0.02,+0.02,+0.65
Temperature,29
ACC,-0.17,+1.92,+8.19
LIA,-0.07,+0.18,-0.36
GYR,-4.12,+2.88,-0.31
MAG,+0.00,+0.00,+0.00
GRV,+9.79,+0.53,+0.00
Roll,-0.69,+3.12,+279.56
QUA,+0.76,+0.02,-1.98,+0.65
Temperature,29
ACC,-0.10,+0.41,+8.18
LIA,+1.33,-0.06,-0.38
GYR,+3.75,+2.25,-0.56
MAG,+0.00,+0.00,+0.00
GRV,+9.79,+0.49,+0.00
Roll,-1.00,+2.88,-1768.19
QUA,-1.24,-1.99,+0.02,+0.64
Temperature,29
ACC,-0.24,+0.46,+9.24
LIA,-0.04,+0.00,-1.82
GYR,+1.75,+4.19,-3.31
MAG,+0.00,+0.00,+0.00
GRV,+9.79,+0.46,+0.00
Roll,-1.19,+2.69,+280.06
QUA,+0.77,+0.00,+0.02,+0.64
Temperature,-99
ACC,-0.08,+1.44,+8.77
LIA,+0.08,-0.35,+0.26
GYR,+10.94,-5.94,-5.62
MAG,+0.00,+0.00,+0.00
GRV,+9.79,+0.52,+0.00
Roll,-8.88,+11.06,+280.62
QUA,+0.78,-1.99,+0.02,+0.63
Temperature,29
ACC,-0.22,+0.48,+8.18
LIA,-0.09,-0.04,-0.32
GYR,-0.94,-0.25,-3.44
MAG,+0.00,+0.00,+0.00
GRV,+8.51,+0.53,+0.00
Roll,-0.75,+3.12,+280.81
QUA,-1.23,+0.02,+0.02,+0.64
Temperature,-99
ACC,+1.28,+0.38,+8.44
LIA,+1.35,-0.17,-0.06
GYR,-1.19,-4.06,-1.94
MAG,+0.00,+0.00,+0.00
GRV,+9.79,+0.55,+0.00
Roll,-0.38,+3.25,+281.12
QUA,-1.23,+0.02,-1.98,+0.63
Temperature,29
ACC,+0.04,+0.39,+9.58
LIA,+0.07,-0.19,-0.20
GYR,+1.12,-0.12,+1.25
MAG,+0.00,+0.00,+0.00
GRV,+9.78,+0.58,+0.00
Roll,-0.12,+3.38,+281.06
QUA,-1.23,+0.02,+0.02,+0.63
Temperature,29
ACC,-0.13,-325.76,+8.48
LIA,-0.12,+1.32,-1.29
GYR,+9.31,-1.62,+0.44
MAG,+0.00,+0.00,+0.00
GRV,+9.78,+0.60,+0.00
Roll,+0.00,+3.50,+281.06
QUA,+0.77,+0.02,+0.02,+0.63
Temperature,29
ACC,+0.09,+0.60,-319.26
LIA,+1.38,-0.06,-0.07
GYR,+8.88,-1.75,-1.06
MAG,+0.00,+0.00,+0.00
GRV,+9.78,+0.66,+0.00
Roll,+0.00,+3.88,+281.31
QUA,-1.22,+0.03,-1.98,+0.63
Temperature,29
ACC,+0.06,+0.56,+9.59
LIA,+1.35,-0.10,-0.19
GYR,+11.38,+1.75,+0.88
MAG,+8.00,+0.00,+0.00
GRV,+9.78,+0.67,+0.00
Roll,-0.06,+3.94,+281.19
QUA,+0.77,+0.03,+0.02,+0.63
Temperature,29
ACC,+0.03,+0.56,+9.39
LIA,+1.32,-0.12,-0.39
GYR,-0.12,+8.31,+0.88
MAG,+0.00,+0.00,+0.00
GRV,+9.78,+0.68,+0.00
Roll,+0.00,+3.94,+281.06
QUA,+0.77,+0.03,+0.02,+0.64
Temperature,-99
ACC,+0.03,+0.52,+9.51
LIA,+1.28,-0.15,-0.26
GYR,+10.81,-1.38,+2.25
MAG,+0.00,+0.00,+0.00
GRV,+9.78,+0.68,+0.00
Roll,+0.12,+3.94,+280.94
QUA,+0.77,+0.03,+0.02,+0.64
Temperature,29
ACC,+0.10,+0.66,+9.53
LIA,+1.36,-0.26,-0.23
GYR,+12.12,-0.69,+4.44
MAG,+0.00,+0.00,+0.00
GRV,-319.18,+0.70,+0.00
Roll,+0.38,-2043.88,+280.56
QUA,+0.77,+0.03,+0.02,+0.64
Temperature,29
ACC,+0.00,+0.73,+9.52
LIA,-0.05,-0.05,-0.12
GYR,-4.56,-1.38,+0.19
MAG,+0.00,+0.00,+0.00
GRV,-317.90,+0.66,+0.00
Roll,+0.56,+3.88,+280.38
QUA,+0.77,+0.03,+0.02,+0.64
Temperature,29
ACC,+0.19,+0.52,+9.46
LIA,-0.04,-0.14,-0.30
GYR,-5.94,-1.19,+0.19
MAG,+0.00,+0.00,+0.00
GRV,-317.89,+0.52,+0.00
Roll,+0.75,+3.06,+280.44
QUA,+0.77,+0.02,+0.01,+0.64
Temperature,29
ACC,+0.16,+0.14,+8.26
LIA,+1.28,-0.10,-0.28
GYR,-7.69,+1.56,-0.75
MAG,+0.00,+0.00,+0.00
GRV,+9.80,+0.25,+0.00
Roll,+0.94,+1.44,+280.62
QUA,-1.22,+0.01,+0.00,-1.36
Temperature,29
ACC,+0.31,-1.35,+9.52
LIA,+0.09,-0.16,-0.27
GYR,-7.25,-4.44,-1.06
MAG,+0.00,+0.00,+0.00
GRV,+9.80,+0.08,+0.00
Roll,+1.25,+0.44,+280.62
QUA,+0.78,+0.01,-0.01,+0.64
Temperature,-99
ACC,+0.21,-0.21,+9.55
LIA,-0.08,-0.07,-0.24
GYR,-5.75,-2.69,+1.44
MAG,+0.00,+0.00,+0.00
GRV,+9.80,-0.14,+0.00
Roll,+1.75,-8.81,+280.62
QUA,+0.77,+0.00,-0.02,-1.36
Temperature,29
ACC,+0.32,-0.17,+9.55
LIA,-0.01,-0.02,-0.24
GYR,-1.31,-1.25,+1.94
MAG,+0.00,+0.00,+0.00
GRV,+9.79,-0.15,+0.00
Roll,+1.94,-0.88,+280.38
QUA,+0.77,-1.99,-0.02,+0.64
Temperature,29
ACC,+1.62,-1.41,+9.48
LIA,-0.03,+1.31,-0.31
GYR,+1.56,-3.62,+2.81
MAG,+0.00,+0.00,+0.00
GRV,+9.79,-0.17,+0.00
Roll,+2.19,-9.00,+280.06
QUA,+0.77,+0.01,-0.02,+0.65
Temperature,-99
ACC,+0.32,-0.04,+9.50
LIA,-0.12,+0.16,-1.57
GYR,+1.00,-1.56,+0.50
MAG,+0.00,+0.00,+0.00
GRV,+9.79,-0.20,+0.00
Roll,+2.62,-9.12,+287.88
QUA,-1.23,+0.01,-0.02,+0.65
Temperature,29
ACC,+1.73,-0.20,-318.08
LIA,-0.01,+0.02,-0.19
GYR,-5.12,-1.19,-1.69
MAG,+0.00,+0.00,+0.00
GRV,+9.79,-0.23,+0.00
Roll,+2.75,-9.31,-1768.12
QUA,-1.23,+0.01,-0.03,+0.65
Temperature,29
ACC,+0.45,-0.22,+9.44
LIA,-0.04,+0.00,-0.34
GYR,-1.56,-2.19,-1.00
MAG,+0.00,+0.00,+0.00
GRV,+9.79,-0.21,+0.00
Roll,+2.94,-9.25,-1768.12
QUA,-1.23,+0.01,-0.03,+0.64
Temperature,29
ACC,+1.74,-0.05,+9.43
LIA,-0.06,+0.03,-0.35
GYR,+0.06,-0.88,+1.94
MAG,+0.00,+0.00,+0.00
GRV,+9.79,-0.08,+0.00
Roll,+3.06,-0.44,+287.62
QUA,+0.76,-1.99,-0.02,-1.35
Temperature,-99
ACC,+1.88,-1.61,+9.55
LIA,+1.35,-1.52,-0.23
GYR,-0.25,+0.81,-0.88
MAG,+0.00,+0.00,+0.00
GRV,+9.79,-0.09,+0.00
Roll,+3.06,-0.50,-1768.38
QUA,-1.24,-1.99,-0.02,-1.36
Temperature,29
ACC,+0.46,-0.09,+9.59
LIA,-0.03,-0.02,-0.19
GYR,+12.38,+1.88,+0.25
MAG,+0.00,+0.00,+0.00
GRV,+9.79,-0.06,+0.00
Roll,+2.88,-0.31,-1768.19
QUA,-1.24,+0.01,+1.98,+0.65
Temperature,29
ACC,+0.45,+0.00,+8.24
LIA,-0.01,+0.03,-0.26
GYR,+10.06,+0.62,-0.50
MAG,+0.00,+0.00,+0.00
GRV,+9.79,-1.29,+0.00
Roll,+2.75,-8.06,-1760.12
QUA,+0.77,+0.01,-0.02,+0.64
Temperature,29
ACC,+0.47,-1.29,+9.53
LIA,+1.28,-0.05,-0.25
GYR,-0.06,-0.31,-0.50
MAG,+0.00,+0.00,+0.00
GRV,+9.79,+0.03,+0.00
Roll,+2.75,+0.19,+279.94
QUA,-1.23,+0.02,-0.03,+0.65
Temperature,29
ACC,+1.73,+0.08,+9.56
LIA,+1.28,+0.00,-0.23
GYR,-0.81,+1.06,-1.56
MAG,+0.00,+0.00,+0.00
GRV,+9.79,+0.07,+0.00
Roll,+2.69,+0.38,-1760.06
QUA,+0.77,+0.02,-0.02,+0.65
Temperature,29
ACC,+0.46,+0.11,+9.51
LIA,-0.01,+0.03,-0.28
GYR,+9.25,+0.50,-0.81
MAG,+0.00,+0.00,+0.00
GRV,+9.79,+0.09,+0.00
Roll,+2.75,+0.50,+280.06
QUA,+0.77,+0.02,-0.02,+0.64
Temperature,29
ACC,+0.43,+0.01,+9.46
LIA,-0.03,-0.07,-0.32
GYR,-0.50,-0.81,-1.44
MAG,+0.00,+0.00,+0.00
GRV,+9.79,+0.09,+0.00
Roll,+2.69,+0.50,+280.25
QUA,+0.78,+0.02,-0.02,-1.36
Temperature,29
ACC,+0.46,+0.08,+9.54
LIA,-0.01,-0.01,-0.24
GYR,-0.69,-0.69,-0.88
MAG,+8.00,+0.00,+0.00
GRV,+9.79,+0.09,+0.00
Roll,+2.81,+0.50,+280.31
QUA,+0.77,+0.02,-0.02,+0.64
Temperature,-99
ACC,+0.47,+0.04,+9.47
LIA,-0.01,-0.06,-0.32
GYR,+1.88,-0.19,+1.50
MAG,+0.00,+0.00,+0.00
GRV,-317.89,+0.11,+0.00
Roll,+2.88,+0.62,+280.31
QUA,+0.77,+0.02,-0.02,+0.64
Temperature,29
ACC,+0.50,+0.10,+9.54
LIA,-0.01,-0.03,-0.33
GYR,-0.25,+0.06,-0.62
MAG,+8.00,+0.00,+0.00
GRV,+9.79,+0.11,+0.00
Roll,+2.94,+0.62,+280.31
QUA,+0.78,+0.02,-0.02,+0.64
Temperature,29
ACC,+0.53,+0.11,+9.51
LIA,+1.29,-0.02,-0.26
GYR,+0.56,+0.19,+0.12
MAG,+0.00,+0.00,+0.00
GRV,+8.51,+0.13,+0.00
Roll,+2.94,+0.75,+280.25
QUA,+0.78,+0.02,-0.02,+0.64
Temperature,29
ACC,+1.73,+0.09,+9.46
LIA,-0.02,-0.06,-0.33
GYR,-0.19,+1.88,-0.62
MAG,+0.00,+0.00,+0.00
GRV,+9.79,+0.15,+0.00
Roll,+2.75,+0.88,+280.19
QUA,+0.77,+0.02,-0.01,+0.65
Temperature,29
ACC,+1.68,+0.01,+8.22
LIA,-0.07,-0.10,-0.28
GYR,-3.38,-6.38,+0.00
MAG,+0.00,+0.00,+0.00
GRV,+9.79,+0.11,+0.00
Roll,+2.81,+0.62,+280.31
QUA,+0.77,+0.02,+1.98,+0.64
Temperature,29
ACC,+0.73,+0.32,+8.14
LIA,+1.54,+0.09,-0.36
GYR,-3.94,-5.38,-5.75
MAG,+0.00,+0.00,+0.00
GRV,+9.79,+0.22,+0.00
Roll,+2.81,+1.25,+280.62
QUA,+0.78,+0.02,-0.01,-1.36
Temperature,29
ACC,+1.53,+0.29,+8.31
LIA,-0.26,+0.07,-0.19
GYR,-5.38,-5.25,-2.50
MAG,+0.00,+0.00,+0.00
GRV,+9.78,+0.20,+0.00
Roll,+3.12,+1.19,+280.88
QUA,-1.23,+0.03,-0.01,+0.64
Temperature,29
ACC,+0.45,+0.16,+9.58
LIA,-0.01,+0.01,-0.21
GYR,+0.69,+3.00,+4.06
MAG,+0.00,+0.00,+0.00
GRV,+9.79,+0.15,+0.00
Roll,+2.69,+0.88,+280.56
QUA,+0.77,+0.02,+1.99,+0.64
Temperature,29
ACC,+0.44,+0.13,+8.21
LIA,+0.01,-0.05,-0.29
GYR,-1.62,+1.31,+0.06
MAG,+0.00,+0.00,+0.00
GRV,+9.79,+0.19,+0.00
Roll,+2.50,+1.12,+280.44
QUA,+0.77,-1.98,-0.01,-1.36
Temperature,29
ACC,+0.45,+0.13,+9.55
LIA,+0.00,-1.34,-0.24
GYR,+0.38,+0.19,+0.56
MAG,+8.00,+0.00,+0.00
GRV,+9.79,+0.20,+0.00
Roll,+2.56,+1.19,+280.31
QUA,+0.77,-1.98,-0.01,-1.36
Temperature,30
ACC,+0.32,+0.13,+8.18
LIA,-0.08,-0.05,-0.33
GYR,+10.88,+0.94,+0.06
MAG,+0.00,+0.00,+0.00
GRV,+9.79,+0.19,+0.00
Roll,+2.38,+1.12,+280.50
QUA,+0.78,+0.02,-0.01,-1.36
Temperature,30
ACC,+0.37,+0.18,+9.55
LIA,-0.01,-0.02,-0.24
GYR,-0.31,+0.62,+0.00
MAG,+0.00,+0.00,+0.00
GRV,+9.79,+0.21,+0.00
Roll,+2.25,+1.25,+280.44
QUA,+0.78,+0.02,-0.01,+0.64
Temperature,30
ACC,+0.39,+0.18,+9.53
LIA,+1.28,-0.04,-0.25
GYR,+8.50,-0.62,-1.12
MAG,+0.00,+0.00,+0.00
GRV,+8.51,+0.22,+0.00
Roll,+2.25,+1.31,+280.44
QUA,+0.77,+0.02,-0.01,+0.64
Temperature,30
ACC,+0.45,+0.14,+9.46
LIA,+1.29,-0.05,-0.32
GYR,-1.00,-0.69,+0.38
MAG,+0.00,+0.00,+0.00
GRV,-317.89,+0.19,+0.00
Roll,+2.56,+1.12,+280.44
QUA,+0.77,+0.02,-0.01,+0.64
Temperature,30
ACC,+0.36,+0.11,+9.50
LIA,-0.05,-0.03,-0.28
GYR,-2.44,-0.19,+4.19
MAG,+0.00,+0.00,+0.00
GRV,-317.89,+0.11,+0.00
Roll,+2.62,+0.69,+280.38
QUA,+0.77,+0.02,-0.01,+0.64
Temperature,-98
ACC,+0.51,+0.30,+9.50
LIA,+1.48,+0.24,-0.24
GYR,-0.44,+9.56,-4.50
MAG,+0.00,+0.00,+0.00
GRV,+9.79,+0.18,+0.00
Roll,+1.94,+1.00,+280.38
QUA,+0.78,+0.02,-0.01,+0.64
Temperature,30
ACC,+0.33,+0.06,+8.34
LIA,+1.33,-0.11,-0.17
GYR,-3.75,-4.88,-2.50
MAG,+0.00,+0.00,+0.00
GRV,-319.16,+0.16,+0.00
Roll,+1.69,+0.94,+280.62
QUA,-1.23,+0.02,-0.01,+0.64
Temperature,30
ACC,+1.52,+0.00,+9.50
LIA,-0.06,-0.12,-0.27
GYR,-1.19,+1.88,+1.88
MAG,+0.00,+0.00,+0.00
GRV,+9.79,+0.15,+0.00
Roll,+1.94,+0.88,+280.69
QUA,+0.78,+0.02,-0.01,+0.64
Temperature,30
ACC,+0.26,+0.06,+9.55
LIA,-0.03,-0.06,-0.24
GYR,-1.50,-0.19,-0.75
MAG,+0.00,+0.00,+0.00
GRV,+9.80,+0.12,+0.00
Roll,+1.75,+0.75,+280.56
QUA,+0.77,-1.99,+1.98,-1.36
Temperature,30
ACC,+1.64,+0.11,+8.20
LIA,+0.00,+0.00,-0.31
GYR,+8.00,+0.81,+0.06
MAG,+0.00,+0.00,+0.00
GRV,+9.79,+0.12,+0.00
Roll,+2.06,+0.75,+280.44
QUA,+0.77,+0.02,-0.01,-1.36
Temperature,30
ACC,+0.33,+0.02,+9.50
LIA,-0.05,-0.06,-0.29
GYR,-3.94,-1.81,-1.75
MAG,+0.00,+0.00,+0.00
GRV,+9.79,+0.07,+0.00
Roll,+2.25,+0.44,+280.44
QUA,+0.77,+0.02,-0.01,+0.64
Temperature,30
ACC,+0.41,+0.17,+9.48
LIA,+1.31,+0.11,-0.31
GYR,-0.31,+2.19,+3.12
MAG,+8.00,+0.00,+0.00
GRV,+9.79,+0.05,+0.00
Roll,+2.19,+0.31,+279.81
QUA,+0.76,+0.01,-0.01,+0.64
Temperature,30
ACC,+1.55,-0.08,+9.44
LIA,-0.10,-0.08,-0.32
GYR,-3.56,-0.19,+6.06
MAG,+0.00,+0.00,+0.00
GRV,-319.16,+0.02,+0.00
Roll,+1.94,+0.12,+280.31
QUA,+0.77,+0.01,-0.01,+0.64
Temperature,30
ACC,+0.02,+0.25,-317.99
LIA,+1.31,-0.07,-0.22
GYR,-8.56,+2.50,-2.31
MAG,+0.00,+0.00,+0.00
GRV,-317.88,+0.02,+0.00
Roll,+1.62,+0.12,-1768.56
QUA,+0.76,+0.01,-0.01,+0.65
Temperature,30
ACC,+1.49,-2.42,+9.76
LIA,-0.05,-0.55,+0.08
GYR,+11.31,+2.88,+0.38
MAG,+0.00,+0.00,+0.00
GRV,-317.88,+0.07,+0.00
Roll,+0.69,+0.44,+279.38
QUA,-1.24,+0.01,-0.00,+0.65
Temperature,-98
ACC,+1.46,+0.38,+8.23
LIA,+1.31,-0.11,-0.29
GYR,+14.75,+1.62,-0.94
MAG,+0.00,+0.00,+0.00
GRV,+9.79,+0.41,+0.00
Roll,+0.44,+2.38,+286.94
QUA,+0.76,+0.02,+0.01,+0.65
Temperature,30
ACC,+1.28,+0.48,+9.57
LIA,+1.31,-0.05,-0.21
GYR,+2.56,+3.88,-4.38
MAG,+0.00,+0.00,+0.00
GRV,+9.79,+0.54,+0.00
Roll,-8.25,+3.19,-1761.00
QUA,+0.76,+0.02,-1.98,+0.64
Temperature,30
ACC,-0.05,+0.51,-318.06
LIA,+1.34,-0.19,-0.15
GYR,+2.81,+3.81,-2.06
MAG,+0.00,+0.00,+0.00
GRV,+9.78,+0.70,+0.00
Roll,-8.69,-2035.88,+279.75
QUA,+0.76,+0.02,+0.02,+0.64
Temperature,30
ACC,-0.10,+2.08,+8.22
LIA,+1.30,+0.06,-0.26
GYR,+3.62,-0.81,+2.50
MAG,+0.00,+0.00,+0.00
GRV,-319.19,-326.90,+0.00
Roll,-0.75,-2035.44,+287.81
QUA,+0.76,+0.03,+0.03,+0.64
Temperature,-98
ACC,-0.05,-326.93,+8.19
LIA,+1.34,-0.05,-0.29
GYR,-0.12,-1.06,+3.06
MAG,+0.00,+0.00,+0.00
GRV,+9.77,+0.79,+0.00
Roll,-0.75,-2043.38,+279.69
QUA,+0.76,+0.03,+0.03,+0.64
Temperature,30
ACC,-0.15,+0.53,+9.65
LIA,-0.02,-0.13,-0.21
GYR,-9.88,-1.81,-1.94
MAG,+0.00,+0.00,+0.00
GRV,+9.77,+0.74,+0.00
Roll,-8.69,+12.31,-1768.06
QUA,-1.23,+0.02,+0.02,+0.64
Temperature,30
ACC,-0.09,+0.62,+9.44
LIA,+1.29,-0.12,-0.33
GYR,-2.62,-0.25,-2.75
MAG,+0.00,+0.00,+0.00
GRV,+9.77,+0.74,+0.00
Roll,-0.62,+12.31,-1760.25
QUA,+0.76,+0.03,+0.03,+0.64
Temperature,-98
ACC,-0.21,+0.60,+8.27
LIA,+1.29,-0.07,-0.22
GYR,-5.44,+4.75,-1.56
MAG,+0.00,+0.00,+0.00
GRV,+9.78,+0.66,+0.00
Roll,-1.31,+3.88,+279.94
QUA,-1.23,+0.02,+0.03,+0.64
