0.51000000 0.85600000 -0.88992467
0.54808885 0.80092305 -0.83499848
0.58957267 0.74928162 -0.78038387
0.63421695 0.70100555 -0.72596031
0.68178717 0.65602470 -0.67159829
0.73204880 0.61426890 -0.61716208
0.78476733 0.57566801 -0.56251252
0.83970823 0.54015186 -0.50750984
0.89663698 0.50765032 -0.45201664
0.95531907 0.47809321 -0.39590112
1.01551996 0.45141039 -0.34056316
1.07700514 0.42753171 -0.28752678
1.13954134 0.40639180 -0.23681059
1.20292865 0.38805249 -0.18838442
1.26700316 0.37271296 -0.14217865
1.33160274 0.36057923 -0.09809303
1.39656529 0.35185729 -0.05600445
1.46172869 0.34675317 -0.01577341
1.52694122 0.34541607 0.02275082
1.59215154 0.34744768 0.05715208
1.65736438 0.35214358 0.08488827
1.72258512 0.35879597 0.10597010
1.78781912 0.36669707 0.12043710
1.85307173 0.37513910 0.12832982
1.91834833 0.38341427 0.12967110
1.98365390 0.39085293 0.12445602
2.04898920 0.39722584 0.11265008
2.11435228 0.40258662 0.09419555
2.17974113 0.40699353 0.06902668
2.24515372 0.41050484 0.04216402
2.31058807 0.41317881 0.01871305
2.37604216 0.41507371 -0.00127834
2.44151398 0.41624779 -0.01778460
2.50700153 0.41675934 -0.03079548
2.57250279 0.41666660 -0.04031006
2.63801576 0.41602785 -0.04633200
2.70353844 0.41490134 -0.04886600
2.76906880 0.41334535 -0.04791568
2.83460486 0.41141814 -0.04526655
2.90014459 0.40917798 -0.04270273
2.96568599 0.40668312 -0.04022414
3.03122705 0.40399183 -0.03783072
3.09676576 0.40116238 -0.03552239
3.16230012 0.39825303 -0.03329908
3.22782812 0.39532205 -0.03116072
3.29334775 0.39242770 -0.02910724
3.35885701 0.38962825 -0.02713857
3.42435387 0.38698195 -0.02525464
3.48983655 0.38454530 -0.02345538
3.55530609 0.38234897 -0.02174072
3.62076575 0.38040422 -0.02011061
3.68621880 0.37872181 -0.01856499
3.75166853 0.37731252 -0.01710379
3.81711824 0.37618713 -0.01572696
3.88257121 0.37535641 -0.01443446
3.94803072 0.37483114 -0.01322623
4.01350007 0.37462208 -0.01210224
4.07898254 0.37474003 -0.01106246
4.14448142 0.37519574 -0.01010684
4.21000000 0.37600000 -0.00923537
4.27525572 0.37083311 -0.00844802
4.34055507 0.36674123 -0.00774477
4.40589455 0.36363797 -0.00712563
4.47127065 0.36143693 -0.00659057
4.53667986 0.36005169 -0.00613961
4.60211868 0.35939587 -0.00577275
4.66758360 0.35938305 -0.00549000
4.73307111 0.35992685 -0.00529139
4.79857770 0.36094086 -0.00517694
4.86409987 0.36233868 -0.00514669
4.92963411 0.36403391 -0.00520067
4.99517692 0.36594014 -0.00533893
5.06072479 0.36797099 -0.00556152
5.12627421 0.37004004 -0.00586850
5.19182167 0.37206089 -0.00625993
5.25736366 0.37394716 -0.00673589
5.32289669 0.37561242 -0.00601084
5.38841724 0.37697030 -0.00279963
5.45392181 0.37793437 0.00289409
5.51940689 0.37841825 0.01106215
5.58486896 0.37833553 0.02169084
5.65030454 0.37759982 0.03475949
5.71571010 0.37612470 0.05023871
5.78108634 0.37398227 0.06808828
5.84645437 0.37201676 0.08825490
5.91184152 0.37130726 0.11066981
5.97727511 0.37293292 0.14123992
6.04278249 0.37797288 0.18655057
6.10839047 0.38750609 0.24793981
6.17378234 0.40248822 0.32707777
6.23769992 0.42353707 0.42550862
6.29872517 0.45121307 0.54383519
6.35544007 0.48607663 0.68056432
6.40642659 0.52868820 0.83106441
6.45027881 0.57959565 0.98757753
6.48703772 0.63784809 1.09422147
6.51954440 0.69959414 1.11460048
6.55096028 0.76065058 1.05230249
6.58444678 0.81683421 0.88734599
6.62316532 0.86396182 0.58654229
6.67021779 0.89793228 0.26462254
6.72645403 0.91774961 0.05581128
6.78983396 0.92640245 -0.06007405
6.85812786 0.92714089 -0.10803072
6.92910604 0.92321503 -0.09908927
7.00053882 0.91787494 -0.06294588
7.07028916 0.91424266 -0.03005898
7.13771080 0.91338039 -0.00137737
7.20336063 0.91468788 0.02224854
7.26782987 0.91751744 0.04011565
7.33170975 0.92122140 0.05170426
7.39559150 0.92515204 0.05670055
7.46000807 0.92870718 0.05500667
7.52502594 0.93164860 0.04674056
7.59048771 0.93391285 0.03586680
7.65623452 0.93543757 0.02609809
7.72210756 0.93616040 0.01734411
7.78794797 0.93601899 0.00952927
7.85362769 0.93500351 0.00259088
7.91915374 0.93333479 -0.00352230
7.98457024 0.93129701 -0.00885104
8.04992130 0.92917436 -0.01342653
8.11525103 0.92725101 -0.01727080
8.18060351 0.92581082 -0.02039699
8.24600791 0.92502451 -0.02283442
8.31145640 0.92478187 -0.02461228
8.37693549 0.92492985 -0.02572380
8.44243170 0.92531537 -0.02614314
8.50793156 0.92578538 -0.02582214
8.57342197 0.92619023 -0.02468489
8.63889832 0.92645524 -0.02261912
8.70436426 0.92657868 -0.01946283
8.73662476 0.92658783 -0.01498274
8.78015914 0.92654643 -0.00956096
8.82369273 0.92644364 -0.00386219
8.86722668 0.92627983 0.00196088
8.91076218 0.92605539 0.00771467
8.95430022 0.92577406 0.01317894
8.99784055 0.92546550 0.01812961
9.04138229 0.92517141 0.02236619
9.08492458 0.92493353 0.02573749
9.12846656 0.92479361 0.02815909
9.17200737 0.92479339 0.02977695
9.21554613 0.92497462 0.03079344
9.25908199 0.92537905 0.03126047
9.30261407 0.92604843 0.03122633
9.34614191 0.92700092 0.03073586
9.38966634 0.92817582 0.02983062
9.43318844 0.92949602 0.02854910
9.47670932 0.93088436 0.02692684
9.52023009 0.93226371 0.02499670
9.55529784 0.93331612 0.02301946
9.62074044 0.93499139 0.02121805
9.68619100 0.93606931 0.01956989
9.75165157 0.93640901 0.01805610
9.81711916 0.93623570 0.01666076
9.88258981 0.93584340 0.01537037
9.94805960 0.93552614 0.01417339
10.01352457 0.93557794 0.01305989
10.07898081 0.93629042 0.01202129
10.14442711 0.93775215 0.01105015
10.20986697 0.93969817 0.01013996
10.27530436 0.94182802 0.00928500
10.34074326 0.94384128 0.00848024
10.40618764 0.94543749 0.00772122
10.47164132 0.94632743 0.00700399
10.53710445 0.94650091 0.00632500
10.60257332 0.94623915 0.00568110
10.66804405 0.94583704 0.00506943
10.73351276 0.94558949 0.00448743
10.79897557 0.94579138 0.00392919
10.86442897 0.94670839 0.00339088
10.92987375 0.94828101 0.00287324
10.99531334 0.95024663 0.00237697
11.06075125 0.95233957 0.00190273
11.12619096 0.95429411 0.00145116
11.19163595 0.95584456 0.00102288
11.25708911 0.95677175 0.00061846
11.32254973 0.95713052 0.00023842
11.38801582 0.95707574 -0.00011674
11.45348536 0.95676241 -0.00044657
11.51895636 0.95634551 -0.00075065
11.58442679 0.95598005 -0.00102863
11.64989517 0.95578000 -0.00128020
11.71536166 0.95572536 -0.00150507
11.78082673 0.95576878 -0.00170304
11.84629091 0.95586290 -0.00187393
11.91175467 0.95596038 -0.00201762
11.97721851 0.95601476 -0.00213404
12.04268275 0.95601172 -0.00222357
12.10814749 0.95597696 -0.00228671
12.17361282 0.95593868 -0.00232355
12.23907882 0.95592508 -0.00233418
12.30454558 0.95596438 -0.00231868
12.37001315 0.95608115 -0.00227711
12.43548109 0.95624813 -0.00220954
12.50094859 0.95639929 -0.00211600
12.56641482 0.95646768 -0.00199655
12.63187895 0.95638633 -0.00185119
12.69734016 0.95608830 -0.00167996
12.76279763 0.95550661 -0.00148285
12.82825053 0.95457433 -0.00125987
12.89369805 0.95322448 -0.00101100
12.95913934 0.95139012 -0.00073621
13.02457360 0.94900428 -0.00043549
13.09000000 0.94600000 -0.00010877
13.15522231 0.94582531 0.00024398
13.22044321 0.94574901 0.00062283
13.28566299 0.94575071 0.00102786
13.35088195 0.94581004 0.00145915
13.41610036 0.94590660 0.00191679
13.48131854 0.94602000 0.00240087
13.54653677 0.94612987 0.00291153
13.61175534 0.94621581 0.00344887
13.67697454 0.94625744 0.00401303
13.74219468 0.94623438 0.00460416
13.80741604 0.94612624 0.00522240
13.87263890 0.94591349 0.00586793
13.93786287 0.94562301 0.00654093
14.00308658 0.94535106 0.00724157
14.06830856 0.94519958 0.00797005
14.13352735 0.94527048 0.00872659
14.19874148 0.94566569 0.00951140
14.26394956 0.94648278 0.01032471
14.32915169 0.94772775 0.01116678
14.39434940 0.94931993 0.01203785
14.45954424 0.95117519 0.01280902
14.52473780 0.95320944 0.01335043
14.58993164 0.95533854 0.01366112
14.65512720 0.95747927 0.01374045
14.72032452 0.95955750 0.01358810
14.78552276 0.96150463 0.01320406
14.85072108 0.96325213 0.01258865
14.91591865 0.96473147 0.01174251
14.98111463 0.96587412 0.01066658
15.04630893 0.96662452 0.00936212
15.11150591 0.96700555 0.00783072
15.17671162 0.96706942 0.00607427
15.24193211 0.96686838 0.00409496
15.30717343 0.96645471 0.00189528
15.37244158 0.96588079 -0.00052197
15.43773357 0.96523147 -0.00315371
15.50302571 0.96466592 -0.00599657
15.56829146 0.96435369 -0.00904691
15.63350426 0.96446433 -0.01230082
15.69863756 0.96516737 -0.01510306
15.76366582 0.96662517 -0.01681307
15.82861300 0.96864993 -0.01744159
15.89357372 0.97055392 -0.01698982
15.95864803 0.97161103 -0.01544933
16.02393597 0.97109511 -0.01280193
16.08953759 0.96828006 -0.00901925
16.15554027 0.96251364 -0.00406215
16.22178582 0.95457612 0.00212004
16.28789347 0.94654614 0.00959056
16.35347441 0.94054931 0.03042779
16.41813980 0.93871121 0.07731012
16.48150085 0.94315746 0.15090763
16.54320040 0.95582016 0.25060084
16.60320469 0.97665605 0.37305544
16.66166915 1.00446639 0.49406828
16.71875155 1.03803792 0.59474327
16.77460969 1.07615734 0.67769903
16.82940135 1.11761139 0.74580124
16.88311397 1.16131864 0.81255067
16.93449420 1.20715818 0.89271545
16.98173958 1.25543413 0.99183101
17.02304521 1.30645252 1.11689178
17.05660618 1.36051935 1.27578630
17.08061762 1.41794065 1.43732756
17.09405704 1.47882036 1.56029796
17.09873837 1.54252993 1.64218688
17.09711818 1.60827482 1.68339517
17.09165299 1.67526051 1.68304005
17.08479935 1.74269247 1.65958728
17.07900926 1.80977767 1.63381906
17.07584361 1.87601207 1.60570805
17.07491027 1.94152516 1.57528416
17.07502895 1.96906020 1.54264754
17.07566823 2.01218491 1.51493460
17.07669310 2.05518786 1.50011349
17.07791260 2.09813165 1.49950276
17.07913575 2.14107890 1.51431417
17.08017185 2.18409213 1.53638890
17.08089461 2.22721185 1.55650631
17.08132643 2.27042782 1.57421984
17.08151060 2.31372268 1.58915162
17.08149043 2.35707903 1.60101456
17.08130921 2.40047951 1.60962693
17.08101025 2.44390672 1.61491821
17.08063685 2.48734329 1.61692646
17.08023230 2.53077185 1.61578832
17.07983959 2.57417530 1.61198330
17.07949081 2.61754695 1.60587399
17.07920455 2.66089290 1.59740785
17.07899859 2.70422007 1.58642868
17.07889068 2.74753535 1.57266899
17.07889859 2.79084567 1.55573072
17.07904009 2.83415794 1.53505174
17.07933294 2.87747905 1.50985326
17.07979491 2.92081592 1.47905943
17.08043791 2.96417469 1.45518907
17.08120148 3.00755196 1.45389230
17.08197632 3.05093790 1.47347341
17.08265220 3.09432255 1.50731124
17.08311891 3.13769598 1.54759433
17.08326785 3.17929715 1.58887939
17.08267572 3.24448493 1.63341050
17.08074475 3.30956917 1.68547807
17.07709915 3.37451592 1.74999885
17.07136317 3.43929127 1.83392059
17.06316104 3.50386128 1.93329191
17.05211698 3.56819202 2.03652514
17.03785522 3.63224957 2.14128792
17.02000000 3.69600000 2.24501669
16.97184773 3.74511231 2.34526087
16.92174615 3.78999471 2.43999044
16.86974156 3.83075621 2.52777769
16.81588030 3.86750581 2.60782809
16.76020869 3.90035250 2.67989527
16.70277305 3.92940529 2.74550129
16.64361969 3.95477317 2.80677416
16.58279495 3.97656515 2.86463907
16.52034514 3.99489023 2.91993720
16.45631659 4.00985740 2.97343633
16.39075562 4.02157567 3.02584546
16.32370854 4.03015404 3.07783051
16.25522169 4.03570150 3.13002952
16.18541386 4.03828724 3.18306657
16.11476762 4.03778050 3.23756379
16.04387943 4.03398797 3.29427608
15.97334579 4.02671629 3.35417128
15.90376320 4.01577211 3.41823968
15.83572816 4.00096209 3.48753361
15.76983716 3.98209288 3.56315319
15.70668671 3.95897113 3.64619893
15.64687330 3.93140349 3.73767371
15.59099343 3.89919661 3.83831580
15.53964359 3.86215715 3.94835731
15.49342030 3.82009175 4.05766737
15.45285916 3.77285491 4.15592114
15.41790315 3.72076667 4.24321837
15.38816131 3.66440941 4.32030485
15.36323894 3.60436848 4.38825209
15.34274136 3.54122919 4.44823771
15.32627385 3.47557688 4.50141986
15.31344171 3.40799688 4.54888048
15.30671170 3.36216166 4.59161419
15.30130504 3.31590325 4.63054803
15.29710479 3.26939511 4.66712084
15.29399399 3.22281065 4.70127732
15.29185571 3.17632331 4.73160715
15.29057298 3.13010651 4.75669586
15.29002888 3.08433369 4.77524914
15.29010751 3.03915381 4.78621643
15.29070053 2.99454422 4.78889684
15.29170281 2.95040890 4.78301487
15.29300923 2.90665154 4.76875731
15.29451468 2.86317584 4.75154341
15.29611404 2.81988547 4.73631920
15.29770218 2.77668414 4.72292888
15.29917399 2.73347554 4.71124147
15.30042522 2.69016429 4.70114830
15.30139385 2.64670050 4.69256108
15.30207793 2.60309900 4.68541026
15.30248011 2.55937956 4.67964385
15.30260306 2.51556197 4.67522663
15.30244944 2.47166599 4.67213980
15.30202189 2.42771141 4.67058283
15.30132308 2.38371801 4.67077530
15.30035566 2.33970557 4.67268256
15.29912230 2.29569386 4.67619714
15.29762564 2.25170266 4.68115064
15.29586834 2.20775175 4.68733079
15.29385307 2.16386091 4.69450053
15.29158247 2.12004992 4.70241644
15.28905921 2.07633856 4.71084435
15.28480638 2.01100157 4.71851329
15.28000000 1.94600000 4.72452050
15.27702164 1.87475072 4.72912986
15.27647505 1.80689626 4.73253483
15.27797828 1.74174069 4.73487713
15.28114939 1.67858806 4.73625927
15.28560643 1.61674243 4.73675289
15.29096743 1.55550788 4.73640449
15.29685046 1.49418847 4.73523899
15.30287356 1.43208826 4.73326197
15.30865478 1.36851132 4.74508656
15.31381217 1.30276170 4.78712929
15.31796379 1.23414348 4.86538488
15.32076556 1.16201113 4.99055078
15.32425334 1.08888704 5.17624542
15.33421482 1.02228755 5.41427424
15.35676787 0.97016851 5.68414167
15.39677978 0.93892978 5.96577107
15.45232286 0.92651689 6.23001740
15.51917267 0.92801768 6.41250215
15.59310293 0.93851777 6.49951555
15.66988741 0.95310276 6.52230020
15.74530018 0.96685862 6.49005800
15.81623352 0.97600977 6.39441318
15.88318662 0.98045292 6.26735608
15.94738457 0.98082384 6.16549442
16.01005244 0.97775829 6.10017846
16.07241530 0.97189204 6.07761462
16.13569351 0.96386362 6.09985815
16.20050959 0.95466321 6.15276080
16.26631110 0.94597205 6.22292632
16.33240866 0.93955193 6.31088236
16.39811288 0.93716465 6.41644864
16.46273438 0.94057201 6.53793727
16.52559449 0.95150245 6.65239144
16.58640574 0.97046951 6.74138638
16.64537407 0.99645425 6.80870434
16.70273694 1.02833976 6.85757613
16.75873185 1.06500915 6.90399138
16.81359625 1.10534552 6.96356460
16.86752128 1.14826332 7.03863611
16.91969249 1.19335678 7.13195670
16.96832234 1.24087799 7.24620415
17.01158342 1.29110599 7.37338222
17.04764831 1.34431981 7.50027472
17.07468962 1.40079850 7.62133351
17.09117083 1.46074890 7.73223246
17.09816582 1.52373017 7.83047231
17.09812657 1.58895951 7.90366544
17.09351747 1.65565104 7.94655950
17.08680296 1.72301888 7.96441887
17.08044744 1.79027714 7.95730297
17.07651710 1.85676630 7.91886936
17.07501693 1.92248077 7.86241332
17.07565639 2.00925001 7.81646201
17.07666729 2.05240731 7.79066127
17.07787814 2.09549423 7.79224645
17.07909334 2.13857166 7.80771169
17.08011737 2.18170046 7.82150760
17.08081426 2.22492428 7.83368088
17.08120926 2.26824026 7.84427108
17.08135462 2.31163770 7.85331008
17.08130261 2.35510594 7.86082154
17.08110547 2.39863429 7.86682049
17.08081548 2.44221207 7.87131287
17.08048487 2.48582862 7.87429499
17.08016592 2.52947324 7.87575299
17.07991021 2.57313519 7.87566223
17.07974244 2.61680064 7.87398649
17.07965165 2.66045171 7.87067713
17.07962443 2.70407021 7.86567208
17.07964735 2.74763799 7.85889470
17.07970701 2.79113687 7.85025242
17.07978999 2.83454868 7.83963535
17.07988287 2.87785524 7.82691466
17.07997224 2.92103840 7.81647484
17.08004538 2.96408454 7.81323786
17.08009804 3.00703597 7.81691834
17.08013161 3.04997240 7.82621231
17.08014763 3.09297425 7.83932533
17.08014760 3.13612193 7.85450358
17.08014204 3.15777558 7.87160097
17.08010548 3.22317640 7.89125638
17.08004305 3.28944810 7.91426275
17.07993032 3.35683836 7.94167414
17.07889666 3.42491661 7.98502723
17.07512082 3.49249033 8.05598782
17.06673106 3.55832651 8.15582117
17.05185564 3.62119215 8.28396082
17.02862282 3.67985423 8.43574570
16.99537925 3.73316802 8.58232138
16.95266260 3.78087403 8.70559227
16.90227463 3.82322360 8.81276712
16.84603241 3.86047422 8.91034720
16.78575298 3.89288337 9.00193985
16.72325338 3.92070856 9.08684398
16.66019863 3.94424180 9.16494852
16.59709231 3.96403898 9.23649151
16.53390229 3.98077768 9.30194261
16.47059358 3.99513613 9.34503902
16.40713117 4.00779256 9.34899655
16.34348007 4.01942521 9.31313010
16.27960528 4.03071230 9.23618543
16.21550230 4.04239858 9.11811888
16.15175753 4.05651732 8.98771061
16.08949104 4.07626021 8.87099075
16.02961876 4.10363417 8.76606619
15.97260778 4.13818280 8.67052861
15.91887156 4.17915513 8.58183645
15.86882355 4.22580018 8.49746232
15.82287720 4.27736696 8.41489241
15.78144595 4.33310450 8.33153836
15.74494325 4.39226183 8.24459413
15.71378256 4.45408796 8.15765116
15.68837730 4.51783191 8.07807844
15.66914095 4.58274271 8.00796221
15.65647473 4.64807432 7.94867425
15.65007064 4.71336788 7.90095197
15.64853443 4.77860429 7.86506650
15.65037995 4.84380171 7.84100505
15.65412104 4.90897828 7.82862163
15.65827154 4.97415213 7.82773837
15.66138668 5.03934085 7.83819563
15.66292448 5.10454986 7.85223387
15.66321926 5.16977277 7.86222059
15.66264146 5.23500272 7.86820832
15.66156150 5.30023281 7.87024833
15.66034979 5.36545619 7.86838794
15.65935716 5.43066685 7.86266974
15.65872104 5.49586824 7.85313256
15.65844783 5.56106963 7.83981410
15.65854198 5.62628038 7.82275505
15.65900796 5.69150984 7.80694583
15.65985024 5.75676735 7.79727541
15.66106384 5.82205766 7.79366878
15.66258577 5.88735705 7.79609903
15.66433102 5.95263104 7.80459075
15.66621453 6.01784512 7.81921788
15.66815124 6.08296477 7.84009565
15.67005610 6.14795549 7.86736546
15.67181025 6.21281395 7.90117136
15.67317131 6.27765086 7.93073905
15.67386870 6.34260293 7.94511689
15.67363183 6.40780690 7.94405742
15.67219012 6.47339951 7.92709069
15.66927585 6.53951654 7.89351200
15.66520383 6.60610658 7.84249499
15.66157507 6.67270476 7.77337646
15.66016259 6.73879094 7.68615514
15.66273939 6.80384497 7.58216639
15.67107848 6.86734670 7.48026900
15.68692422 6.92878316 7.39755873
15.71072573 6.98796544 7.33315555
15.74113608 7.04515393 7.28557301
15.77667619 7.10064213 7.25331010
15.81586697 7.15472353 7.23515866
15.85722934 7.20769159 7.23033342
15.89929650 7.25984364 7.23851052
15.94094742 7.31158446 7.25982158
15.98144618 7.36343859 7.29481693
16.02007702 7.41593684 7.33727352
16.05612418 7.46960999 7.38039876
16.08887192 7.52498886 7.42415621
16.11765000 7.58256765 7.46850328
16.14239397 7.64235397 7.51339128
16.16346986 7.70400956 7.55876545
16.18125290 7.76718880 7.60456527
16.19611828 7.83154609 7.65072487
16.20844123 7.89673578 7.69717353
16.21859697 7.96241228 7.74078602
16.22696071 8.02822995 7.77832785
16.23390767 8.09384318 7.80966132
16.23981306 8.15890634 7.83475088
16.24505210 8.22307382 7.85362704
16.25000000 8.28600000 7.86635670
16.24640785 8.35046667 7.87302101
16.24366092 8.41527648 7.87370105
16.24170575 8.48035852 7.86847072
16.24048891 8.54564189 7.85739625
16.23995693 8.61105568 7.84474368
16.24005638 8.67652897 7.83471639
16.24073382 8.74199086 7.82728286
16.24193578 8.80737044 7.82241199
16.24360883 8.87259680 7.82007451
16.24569953 8.93759904 7.82024387
16.24815441 9.00230623 7.82289654
16.25091681 9.06664985 7.82801192
16.25371838 9.13071713 7.83557181
16.25595226 9.19484439 7.84871977
16.25698119 9.25939032 7.87071394
16.25616792 9.32471361 7.90181895
16.25287521 9.39117293 7.94240693
16.24651577 9.45910222 7.99288586
16.23774034 9.52822235 8.02309718
16.22848904 9.59761565 8.00143537
16.22076226 9.66633458 7.92328187
16.21656038 9.73343166 7.78202362
16.21788377 9.79795936 7.57764138
16.22673283 9.85897017 7.37793971
16.24510792 9.91551658 7.23791159
16.27460932 9.96687704 7.14685199
16.31391703 10.01397923 7.09474542
16.36041644 10.05848194 7.07600009
16.41148715 10.10204726 7.06975240
16.46450875 10.14633727 7.05627201
16.51686082 10.19301404 7.03578246
16.56648755 10.24307154 7.00897752
16.61405019 10.29428840 6.96616814
16.66102630 10.34347725 6.89457826
16.70889361 10.38745053 6.78816406
16.75912985 10.42302068 6.63865995
16.81321267 10.44700034 6.43975889
16.87210214 10.45749692 6.25067171
16.93501250 10.45698515 6.13430818
17.00079031 10.44885963 6.08608314
17.06828211 10.43651499 6.09977675
17.13633443 10.42334584 6.14094850
17.20380456 10.41271427 6.17723759
17.27010560 10.40630254 6.20881526
17.33546426 10.40333376 6.23586179
17.40017193 10.40283556 6.25854791
17.46452001 10.40383555 6.27702111
17.52879988 10.40536135 6.29139550
17.59329449 10.40646902 6.30174420
17.65810569 10.40682284 6.30809322
17.72316149 10.40667111 6.31205085
17.78838287 10.40628571 6.31521785
17.85369083 10.40593850 6.31757258
17.91900635 10.40590135 6.31909676
17.98425539 10.40642602 6.31977571
18.04941936 10.40754014 6.31959843
18.11451431 10.40913123 6.31855780
18.17955682 10.41108465 6.31665066
18.24456350 10.41328577 6.31387794
18.30955092 10.41561996 6.31024467
18.37453567 10.41797258 6.30576006
18.43953435 10.42022899 6.30043749
18.50456353 10.42227458 6.29429446
18.56963980 10.42399469 6.28735254
18.63477977 10.42527471 6.27963723
18.70000000 10.42600000 6.27117784
18.76535882 10.42572803 6.26200726
18.83062953 10.42443153 6.25216176
18.89583037 10.42244468 6.24168066
18.96097960 10.42010164 6.23506485
19.02609546 10.41773658 6.23666349
19.09119621 10.41568365 6.24641220
19.15630011 10.41427702 6.26440147
19.22142539 10.41385085 6.29085929
19.28659031 10.41473932 6.32612078
19.35181312 10.41727657 6.37057796
19.41711208 10.42179678 6.42460066
19.48250175 10.42863554 6.48842005
19.54779185 10.43820780 6.56197290
19.61248346 10.45104810 6.63867882
19.67605212 10.46770085 6.71228400
19.73797337 10.48871048 6.78297603
19.79772275 10.51462141 6.85103830
19.85479324 10.54593219 6.91682350
19.90892309 10.58249558 6.98073266
19.96003178 10.62368727 7.04319983
20.00804301 10.66887179 7.10468179
20.05288050 10.71741366 7.16565175
20.09446795 10.76867741 7.22592972
20.13275342 10.82207779 7.28498154
20.16783357 10.87733608 7.34278762
20.19986112 10.93428920 7.39936267
20.22898890 10.99277428 7.45475109
20.25536973 11.05262846 7.50902212
20.27915643 11.11368888 7.56226520
20.30043683 11.17579287 7.61458559
20.31900781 11.23877870 7.66610052
20.33458487 11.30248490 7.71693574
20.34688349 11.36674998 7.76439250
20.35561917 11.43141246 7.80578120
20.36050816 11.49631097 7.84128776
20.36156464 11.56132076 7.87111996
20.35954977 11.62640901 7.89547356
20.35533988 11.69155704 7.91450711
20.34981132 11.75674619 7.92832313
20.34384042 11.82195780 7.93695328
20.33829580 11.88717314 7.94034552
20.33355210 11.95236963 7.94247490
20.32920034 12.01751853 7.94744118
20.32476200 12.08259058 7.95527178
20.31975858 12.14755653 7.96594107
20.31371154 12.21238710 7.97936791
20.30615444 12.27705363 7.99541515
20.29692502 12.34154226 8.01389159
20.28618109 12.40585477 8.03455659
20.27409568 12.46999365 8.05712728
20.26084183 12.53396141 8.08128824
20.24659256 12.59776056 8.10815201
20.23149851 12.66138699 8.13935663
20.21531010 12.72471836 8.17546263
20.19743246 12.78753031 8.21717829
20.17725936 12.84959516 8.26536844
20.15418460 12.91068519 8.32105617
20.12760197 12.97057272 8.38540438
20.09695055 13.02899354 8.45965654
20.06207896 13.08535342 8.54500575
20.02305333 13.13888277 8.63524843
19.97994185 13.18881041 8.72251387
19.93281267 13.23436516 8.80554538
19.88173396 13.27477581 8.88342982
19.82686307 13.30948671 8.95560953
19.76875083 13.33889305 9.02184439
19.70805655 13.36365220 9.08214629
19.64543954 13.38442153 9.13670636
19.58155914 13.40185841 9.18582852
19.51707465 13.41662021 9.22987578
19.45251416 13.42926528 9.26883478
19.38794753 13.44000620 9.30269185
19.32334462 13.44898008 9.33180636
19.25867530 13.45632407 9.35649573
19.19390941 13.46217527 9.37702564
19.12901689 13.46667088 9.39360413
19.06398391 13.46997072 9.40637763
18.99883630 13.47228962 9.41542729
18.93360583 13.47385067 9.42076463
18.86832422 13.47487693 9.42404487
18.80302323 13.47559148 9.42693579
18.73773436 13.47621498 9.42941353
18.67247473 13.47683170 9.43145645
18.60723966 13.47731876 9.43304556
18.54202264 13.47753598 9.43416487
18.47681717 13.47734318 9.43480163
18.41161674 13.47660018 9.43494666
18.34641504 13.47517768 9.43459453
18.28121005 13.47317968 9.43374366
18.21600383 13.47093454 9.43239643
18.15079863 13.46877968 9.43055913
18.08559668 13.46705251 9.42824188
18.02040024 13.46609044 9.42545850
17.95521106 13.46619644 9.42222625
17.89002585 13.46730108 9.41856558
17.82483821 13.46910747 9.41449975
17.75964167 13.47131547 9.41005450
17.69442979 13.47362493 9.40525760
17.62919613 13.47573570 9.40203860
17.56393699 13.47737448 9.40223082
17.49866553 13.47843249 9.40575788
17.43340131 13.47886334 9.41259231
17.36816393 13.47862075 9.42275252
17.30297294 13.47765843 9.43630022
17.23784793 13.47593012 9.45333814
17.17279900 13.47337659 9.47400757
17.10780187 13.46989174 9.49848513
17.04282451 13.46535883 9.52697817
16.97783488 13.45966116 9.55971759
16.91280094 13.45268201 9.59694719
16.84769118 13.44430403 9.63890780
16.78260139 13.43426007 9.68581510
16.71792041 13.42193811 9.73782981
16.65407817 13.40667781 9.79502015
16.59150457 13.38781881 9.85731845
16.53062953 13.36470076 9.92447633
16.47188177 13.33666935 9.99602660
16.41560570 13.30349369 10.06764741
16.36200769 13.26563637 10.13544760
16.31128129 13.22362421 10.19952173
16.26362008 13.17798403 10.26006333
16.21921763 13.12924266 10.31733422
16.17825410 13.07792008 10.37163938
16.14065421 13.02440598 10.42330805
16.10611338 12.96897307 10.47268038
16.07431892 12.91188991 10.52009886
16.04495812 12.85342506 10.56590349
16.01771829 12.79384711 10.61042987
15.99232316 12.73341020 10.65400929
15.96886808 12.67222164 10.69697047
15.94766571 12.61030285 10.73964237
15.92903140 12.54767418 10.78235784
15.91328052 12.48435597 10.82545787
15.90072844 12.42036856 10.86929629
15.89157341 12.35575604 10.91424474
15.88543908 12.29067897 10.95604804
15.88177313 12.22533357 10.98974423
15.88002321 12.15991608 11.01484510
15.87963697 12.09462272 11.03107117
15.88006211 12.02964965 11.03830647
15.88080831 11.96507686 11.03656343
15.88157052 11.90063717 11.02596408
15.88207815 11.83599886 11.00673923
15.88206061 11.77083019 10.97924363
15.88124730 11.70479942 10.94398185
15.87936523 11.63757926 10.90119170
15.87590575 11.56927735 10.84999217
15.86992934 11.50079667 10.78913744
15.86045048 11.43312500 10.71716066
15.84648368 11.36725016 10.63250159
15.82704345 11.30415995 10.53377119
15.80114427 11.24484217 10.42021513
15.76780065 11.19028464 10.29237177
15.72605025 11.14145808 10.15273851
15.67656768 11.09812696 10.05002433
15.62271815 11.05807307 10.02459896
15.56811724 11.01889367 10.07541768
15.51638053 10.97818605 10.21351472
15.47112359 10.93354749 10.45309692
15.43588715 10.88263236 10.70745855
15.41190297 10.82485594 10.88625936
15.39771080 10.76168660 10.99977957
15.39169836 10.69470864 11.06284581
15.39225338 10.62550636 11.08483688
15.39776360 10.55566405 11.10517640
15.40677306 10.48671011 11.16295034
15.41934732 10.41962883 11.26411148
15.43640921 10.35509789 11.41556854
15.45889122 10.29379156 11.61848418
15.48772580 10.23638410 11.79578760
15.52384542 10.18354976 11.88131942
15.56774756 10.13568874 11.88431097
15.61717446 10.09146513 11.80549991
15.66879284 10.04886538 11.68548285
15.71926694 10.00587435 11.57206346
15.76526101 9.96047694 11.46776454
15.80344019 9.91065858 11.37396281
15.83157990 9.85510781 11.29104172
15.85073547 9.79459028 11.21868855
15.86256495 9.73025327 11.15619583
15.86872642 9.66324412 11.10269661
15.87087793 9.59471013 11.05732094
15.87067752 9.52579861 11.01928862
15.86977741 9.45765186 10.98798838
15.86924909 9.39091631 10.96335046
15.86910009 9.32532976 10.94545718
15.86922410 9.26053282 10.93434842
15.86951482 9.19616611 10.93004582
15.86986598 9.13187024 10.93256806
15.87017468 9.06730221 10.94193686
15.87038941 9.00236568 10.95817343
15.87049835 8.93715483 10.98128522
15.87049071 8.87176882 11.00520518
15.87035570 8.80630681 11.02388530
15.87008252 8.74086792 11.03734403
15.86967237 8.67553986 11.04559549
15.86922325 8.61031771 11.04863856
15.86887999 8.54515174 11.04644996
15.86878775 8.47999194 11.03898134
15.86909165 8.41478831 11.02616045
15.86993684 8.34949084 11.00789661
15.87132460 8.28407140 10.98409109
15.87258051 8.21860468 10.95465329
15.87283199 8.15319551 10.91952301
15.87120643 8.08794871 10.87869944
15.86683122 8.02296913 10.83227545
15.85883407 7.95836163 10.78047480
15.84661612 7.89425667 10.72368694
15.83034804 7.83085679 10.66249207
15.81033489 7.76837709 10.59766761
15.78688176 7.70703269 10.53823949
15.76029372 7.64703870 10.49193367
15.73087688 7.58860750 10.45773633
15.69901581 7.53174057 10.43479379
15.66522790 7.47608254 10.42250974
15.63004335 7.42124357 10.42059153
15.59399237 7.36683381 10.42907250
15.55760519 7.31246343 10.44832356
15.52141512 7.25774730 10.47905551
15.48602204 7.20240165 10.52230088
15.45208983 7.14624016 10.57213077
15.42028496 7.08908041 10.62136884
15.39127390 7.03074002 10.66938863
15.36572310 6.97103658 10.71559292
15.34422787 6.90981760 10.75944196
15.32676822 6.84718909 10.80047494
15.31300911 6.78338943 10.83832259
15.30261295 6.71865808 10.87271123
15.29524216 6.65323447 10.90345935
15.29055916 6.58735806 10.93062989
15.28822637 6.52126831 10.95446091
15.28790619 6.45520465 10.97509589
15.28926105 6.38940654 10.99267093
15.29195336 6.32411343 11.00731033
15.29564554 6.25956476 11.01912354
15.30000000 6.19600000 11.02820316
15.30328101 6.13089465 11.03462386
15.30589584 6.06579456 11.03844161
15.30785788 6.00069858 11.03969351
15.30918052 5.93560554 11.03839767
15.30987715 5.87051429 11.03455337
15.30996114 5.80542367 11.02814138
15.30944589 5.74033254 11.01912440
15.30834479 5.67523973 11.00744777
15.30667121 5.61014409 10.99304048
15.30443855 5.54504446 10.97581665
15.30166019 5.47993969 10.95567769
15.29835388 5.41482896 10.93251536
15.29464856 5.34972029 10.91204248
15.29079067 5.28463103 10.90021488
15.28703233 5.21957894 10.89721962
15.28362561 5.15458182 10.90317361
15.28082260 5.08965746 10.91812770
15.27886669 5.02481960 10.94205064
15.27788736 4.96002932 10.97479329
15.27793421 4.89521076 11.01603645
15.27905521 4.83028731 11.06523101
15.28129833 4.76518232 11.12154482
15.28471153 4.69981919 11.14823536
15.28934277 4.63412128 11.11020160
15.29454889 4.56818872 11.00350066
15.29567297 4.50314805 10.82206325
15.28684594 4.44045849 10.57408567
15.26608088 4.38096456 10.34835692
15.23459758 4.32500292 10.19420501
15.19371181 4.27289501 10.08676232
15.14473937 4.22496226 10.00898756
15.08899606 4.18152612 9.93856394
15.02779767 4.14290801 9.86074007
14.96245998 4.10942939 9.77536407
14.89429881 4.08141169 9.68268806
14.82462993 4.05917634 9.58350076
14.75476915 4.04304479 9.49450747
14.68601967 4.03332467 9.43302348
14.61902083 4.02959537 9.39979693
14.55343229 4.03036157 9.39471706
14.48883490 4.03404154 9.40311172
14.42480953 4.03905355 9.41045861
14.36093706 4.04381586 9.41676643
14.29680254 4.04676461 9.42204285
14.23219862 4.04722222 9.42629439
14.16721701 4.04578787 9.42952619
14.10197267 4.04315996 9.43174197
14.03658057 4.04003689 9.43294391
13.97115564 4.03711707 9.43313257
13.90580940 4.03507577 9.43281662
13.84058190 4.03411080 9.43250516
13.77544601 4.03397084 9.43219822
13.71037199 4.03438710 9.43189582
13.64533008 4.03509082 9.43159798
13.58029054 4.03581323 9.43130472
13.51522568 4.03630420 9.43101607
13.45012982 4.03651429 9.43073205
13.38501072 4.03651635 9.43045267
13.31987630 4.03638492 9.43017795
13.25473451 4.03619458 9.42990792
13.18959329 4.03601990 9.42964260
13.12445954 4.03592467 9.42938199
13.05933374 4.03590544 9.42912613
12.99421390 4.03593278 9.42887502
12.92909801 4.03597719 9.42862869
12.86398406 4.03600920 9.42838715
12.79887004 4.03599931 9.42815042
12.73375432 4.03593082 9.42791851
12.66863665 4.03583559 9.42769143
12.60351712 4.03575702 9.42746921
12.53839582 4.03573848 9.42725186
12.47327284 4.03582336 9.42703939
12.40814826 4.03605486 9.42683181
12.34302259 4.03642534 9.42662914
12.27789737 4.03680784 9.42643139
12.21277422 4.03705832 9.42623857
12.14765483 4.03703272 9.42605069
12.08254083 4.03658699 9.42586776
12.01743386 4.03557967 9.42568980
11.95233387 4.03401153 9.42551680
11.88723833 4.03209606 9.42534879
11.82214450 4.03006418 9.42518577
11.75704963 4.02814683 9.42502774
11.69195100 4.02657493 9.42487472
11.62684594 4.02557046 9.42472672
11.56173380 4.02515788 9.42458373
11.49661587 4.02516885 9.42444577
11.43149351 4.02542702 9.42431285
11.36636810 4.02575603 9.42418499
11.30124098 4.02597951 9.42406221
11.23611354 4.02593890 9.42394454
11.17098706 4.02567723 9.42383198
11.10586277 4.02536509 9.42372455
11.04074193 4.02517511 9.42362226
10.97562578 4.02527990 9.42352512
10.91051556 4.02585208 9.42343314
10.84541215 4.02702594 9.42334633
10.78031399 4.02868513 9.42326468
10.71521854 4.03061252 9.42318821
10.65012327 4.03259070 9.42311691
10.58502564 4.03440227 9.42305079
10.51992313 4.03582984 9.42298983
10.45481362 4.03669205 9.42293405
10.38969774 4.03703680 9.42288342
10.32457718 4.03700173 9.42283795
10.25945364 4.03672475 9.42279762
10.19432882 4.03634371 9.42276144
10.12920442 4.03599651 9.42272835
10.06408176 4.03579080 9.42269825
9.99896073 4.03571773 9.42267107
9.93384088 4.03574033 9.42264676
9.86872175 4.03582168 9.42262527
9.80360290 4.03592483 9.42260657
9.73848385 4.03601287 9.42259066
9.67336432 4.03606146 9.42257754
9.60824438 4.03607614 9.42254610
9.50356502 4.03605363 9.42247168
9.46004995 4.03603575 9.42234396
9.41653487 4.03601721 9.42214250
9.37301981 4.03600097 9.42182707
9.32950482 4.03598946 9.42147859
9.28598989 4.03598267 9.42129196
9.24247500 4.03597980 9.42134360
9.19896015 4.03598006 9.42162736
9.15544533 4.03598267 9.42193885
9.11193053 4.03598682 9.42215282
9.06841574 4.03599174 9.42229710
9.02490095 4.03599663 9.42238639
8.98138615 4.03600070 9.42242730
8.93787133 4.03600345 9.42241996
8.89435650 4.03600499 9.42235745
8.85084165 4.03600554 9.42222225
8.80732680 4.03600530 9.42197620
8.76381194 4.03600448 9.42153136
8.72029707 4.03600328 9.42156880
8.76168184 4.03600442 9.42256065
8.69656169 4.03600255 9.42345090
8.63144154 4.03600056 9.42384087
8.56632139 4.03599911 9.42393881
8.50120125 4.03599838 9.42395923
8.43608113 4.03599823 9.42400093
8.37096100 4.03599852 9.42406442
8.30584088 4.03599912 9.42414747
8.24072076 4.03599987 9.42423956
8.17560065 4.03600065 9.42433300
8.11048053 4.03600131 9.42442780
8.04536040 4.03600171 9.42452396
7.98024028 4.03600172 9.42462148
7.91512014 4.03600120 9.42472035
7.85000000 4.03600000 9.42482060
7.78312304 4.03577567 9.42492221
7.71624646 4.03565572 9.42502519
7.64937024 4.03563318 9.42512954
7.58249435 4.03570108 9.42523527
7.51561876 4.03585244 9.42534238
7.44874345 4.03608029 9.42545088
7.38186839 4.03637765 9.42556076
7.31499357 4.03673754 9.42567205
7.24811894 4.03715299 9.42578473
7.18124450 4.03761703 9.42589882
7.11437020 4.03812268 9.42601433
7.04749603 4.03866296 9.42613126
6.98062197 4.03923091 9.42578518
6.91374797 4.03981953 9.42451182
6.84687403 4.04042187 9.42230413
6.78000011 4.04103094 9.41914521
6.71312619 4.04163976 9.41500805
6.64625225 4.04224137 9.40985489
6.57937825 4.04282879 9.40363643
6.51250418 4.04339504 9.39629067
6.44563000 4.04393315 9.38774147
6.37875570 4.04443614 9.37789670
6.31188124 4.04489703 9.37192191
6.24500660 4.04530886 9.37525586
6.17813176 4.04566465 9.38767031
6.11125669 4.04595741 9.40826804
6.04438136 4.04618018 9.43561782
5.97750575 4.04632599 9.46796232
5.91062984 4.04638785 9.50345329
5.84375359 4.04635878 9.54036331
5.77687699 4.04623183 9.57723591
5.71000000 4.04600000 9.61330660
5.59204092 4.02648275 9.65097451
5.48401465 4.00326579 9.69370620
5.38549354 3.97650183 9.74573034
5.29604995 3.94634358 9.81337655
5.21525623 3.91294376 9.89663717
5.14268474 3.87645509 9.98926429
5.07790782 3.83703027 10.09036262
5.02049783 3.79482202 10.19798255
4.97002713 3.74998305 10.30804030
4.92606806 3.70266608 10.41562967
4.88819298 3.65302383 10.51699588
4.85597425 3.60120900 10.60914915
4.82898420 3.54737431 10.69014164
4.80679521 3.49167247 10.75902536
4.78897962 3.43425620 10.81561068
4.77510978 3.37527822 10.86016995
4.76475805 3.31489123 10.89318029
4.75749678 3.25324794 10.91910722
4.75289832 3.19050109 10.94213692
4.75053503 3.12680337 10.96236512
4.74997925 3.06230750 10.97988689
4.75080335 2.99716619 10.99479277
4.75257968 2.93153217 11.00716580
4.75488058 2.86555814 11.01707941
4.75727842 2.79939682 11.02459606
4.75934554 2.73320092 11.02976621
4.76067668 2.66711664 11.03262780
4.76121699 2.60118822 11.03320597
4.76118952 2.53537905 11.03151296
4.76082491 2.46965028 11.02754827
4.76035385 2.40396309 11.02129893
4.76000699 2.33827863 11.01274001
4.75995745 2.27256413 11.00183531
4.76012275 2.20681369 10.98853836
4.76034956 2.14102890 10.97279374
4.76048453 2.07521133 10.95453891
4.76037432 2.00936256 10.93841791
4.75986585 1.94348420 10.92921950
4.75887007 1.87758712 10.92703741
4.75744485 1.81170347 10.93189722
4.75566860 1.74586835 10.94375896
4.75361973 1.68011686 10.96251087
4.75137664 1.61448413 10.98795543
4.74902224 1.54900308 11.01978987
4.74680181 1.48362826 11.05758507
4.74516465 1.41821565 11.10076842
4.74457307 1.35261501 11.11865912
4.74548937 1.28667607 11.08149852
4.74837583 1.22024858 10.98510901
4.75328140 1.15328618 10.82195368
4.75489755 1.08708935 10.59260484
4.74427137 1.02388733 10.36872545
4.71713409 0.96537065 10.19877731
4.67613624 0.91241903 10.06427189
4.62447296 0.86584833 9.94876315
4.56533936 0.82647445 9.83671230
4.50193059 0.79511326 9.72485596
4.43717586 0.77241403 9.61674997
4.37202650 0.75778663 9.51545530
4.30654226 0.75008229 9.42315741
4.24077857 0.74814953 9.34993082
4.17479090 0.75083686 9.30426243
4.10863468 0.75699281 9.28490061
4.04236535 0.76546588 9.29086563
3.97603836 0.77510461 9.32179724
3.90970916 0.78475750 9.36207941
3.84343318 0.79327308 9.39603286
3.77726588 0.79949986 9.42368171
3.71126269 0.80228637 9.44509222
3.64547906 0.80048112 9.46034018
3.57997045 0.79293263 9.46948658
3.51479228 0.77848942 9.47256093
3.45000000 0.75600000 9.46955133
3.38204076 0.76241615 9.46040063
3.31447289 0.76790100 9.44885756
3.24727250 0.77250435 9.43874967
3.18041568 0.77627600 9.43010212
3.11387851 0.77926574 9.42293698
3.04763710 0.78152335 9.41727371
2.98166753 0.78309865 9.41312955
2.91594590 0.78404141 9.41051984
2.85044829 0.78440143 9.40945826
2.78515082 0.78422851 9.40995698
2.72002956 0.78357244 9.41202667
2.65506060 0.78248302 9.41567646
2.59022005 0.78101003 9.42091371
2.52548400 0.77920327 9.42774375
2.46082853 0.77711254 9.43616942
2.39622974 0.77478762 9.44619056
2.33166373 0.77227832 9.45780329
2.26710659 0.76963442 9.47099933
2.20253440 0.76690572 9.48576508
2.13792326 0.76414201 9.49844853
2.07324927 0.76139309 9.50540446
2.00848852 0.75870875 9.50664675
1.94361710 0.75613878 9.50221335
1.87861110 0.75373298 9.49216447
1.81344662 0.75154114 9.47658605
1.74809975 0.74961306 9.45559781
1.68254658 0.74799852 9.42936504
1.61676321 0.74674733 9.39811292
1.55072588 0.74590975 9.36214118
1.48449457 0.74579208 9.32126179
1.41835064 0.74737759 9.27440338
1.35261160 0.75176017 9.22046522
1.28759499 0.76003367 9.15815776
1.22361832 0.77329200 9.08602773
1.16100131 0.79262163 9.00254775
1.10022425 0.81856470 8.90631888
1.04203525 0.85075553 8.79643820
0.98720782 0.88874234 8.67304278
0.93651548 0.93207335 8.54887806
0.89073173 0.98029678 8.43669399
0.85060838 1.03295560 8.33674148
0.81640270 1.08947288 8.24828168
0.78787987 1.14915244 8.17005218
0.76478389 1.21129294 8.10059932
0.74685873 1.27519305 8.03847067
0.73384840 1.34015144 7.98230360
0.72547742 1.40549205 7.93084879
0.72118387 1.47091085 7.88295580
0.72018772 1.53638707 7.84129971
0.72170349 1.60190703 7.80971049
0.72494569 1.66745705 7.78867020
0.72912882 1.73302345 7.77852024
0.73346741 1.79859255 7.77952433
0.73717596 1.86415069 7.79190034
0.73946899 1.92968418 7.81581275
0.73956099 1.99517934 7.85132026
0.73666649 2.06062251 7.89827741
0.73000000 2.12600000 7.93714575
0.72566504 2.19150558 7.94881320
0.72368912 2.25719538 7.93355582
0.72364087 2.32302999 7.89154335
0.72508892 2.38896997 7.82316610
0.72760189 2.45497592 7.76027516
0.73074840 2.52100841 7.73329834
0.73409708 2.58702802 7.74096308
0.73721656 2.65299533 7.78239679
0.73967545 2.71887093 7.85684786
0.74104238 2.78461538 7.93171455
0.74088598 2.85018927 7.97680764
0.73878082 2.91555865 7.99374445
0.73447436 2.98084852 7.98259502
0.72790971 3.04636381 7.94140471
0.71904167 3.11241876 7.86610927
0.70948778 3.17882001 7.75127137
0.70585432 3.24385124 7.59291041
0.71484482 3.30567527 7.39466987
0.73733957 3.36359621 7.19937147
0.77173771 3.41740451 7.04047875
0.81642917 3.46689239 6.91299300
0.86980389 3.51185207 6.80984314
0.93025180 3.55207581 6.72457496
0.99616285 3.58735582 6.65198710
1.06592698 3.61748433 6.58797226
1.13793411 3.64225359 6.52915047
1.21057420 3.66145581 6.47246611
1.28223716 3.67488324 6.41755787
1.35157528 3.68251159 6.36714378
1.41870428 3.68534022 6.32266454
1.48424720 3.68472331 6.28535402
1.54882757 3.68201541 6.25619203
1.61306894 3.67857106 6.23589232
1.67759460 3.67574431 6.22491413
1.74283061 3.67446070 6.22348219
1.80864555 3.67443470 6.23160238
1.87481017 3.67516834 6.24382621
1.94109542 3.67616406 6.25483424
2.00733338 3.67705703 6.26466300
2.07350563 3.67780725 6.27334542
2.13961619 3.67842345 6.28091071
2.20566907 3.67891436 6.28738426
2.27166829 3.67928871 6.29278758
2.33761788 3.67955523 6.29713828
2.40352184 3.67972263 6.30045000
2.46938420 3.67979967 6.30273245
2.53520898 3.67979506 6.30399134
2.60100019 3.67971753 6.30422836
2.66676185 3.67957581 6.30344115
2.73249799 3.67937864 6.30162328
2.79821261 3.67913473 6.29876416
2.86390974 3.67885283 6.29484900
2.92959340 3.67854165 6.28985877
2.99526760 3.67820993 6.28377009
3.06093636 3.67786640 6.27655519
3.12660370 3.67751978 6.26940038
3.19227364 3.67717881 6.26355003
3.25795020 3.67685222 6.25904915
3.32363739 3.67654872 6.25592753
3.38933924 3.67627706 6.25419934
3.45505976 3.67604596 6.25386311
3.52080297 3.67586416 6.25490207
3.58657288 3.67574037 6.25728479
3.65237353 3.67568333 6.26096616
3.71820892 3.67570177 6.26588861
3.78408307 3.67580442 6.27286467
3.85000000 3.67600000 6.28280654
3.91044722 3.66043624 6.29588119
3.97434708 3.65653962 6.31237315
4.04056683 3.66048232 6.33270043
4.10797370 3.66843652 6.33039821
4.17543492 3.67657439 6.27568882
4.24181773 3.68106809 6.16264259
4.30598936 3.67808981 5.98823225
4.36689240 3.66420604 5.79789443
4.42407308 3.63914218 5.63539477
4.47736763 3.60414118 5.49956780
4.52661413 3.56045560 5.38602014
4.57165065 3.50933802 5.28971077
4.61231525 3.45204102 5.20605050
4.64844601 3.38981716 5.13113933
4.67988100 3.32391902 5.06164474
4.70645830 3.25559917 4.99455639
4.72801596 3.18611018 4.92688854
4.74439207 3.11670463 4.86074422
4.75545991 3.04858829 4.80160209
4.76173351 2.98211566 4.75107415
4.76428562 2.91689888 4.71037748
4.76420772 2.85252519 4.68036155
4.76259129 2.78858188 4.66157764
4.76052782 2.72465618 4.65435592
4.75903241 2.66036650 4.65886338
4.75835614 2.59564253 4.67512642
4.75831022 2.53059326 4.69524457
4.75870055 2.46532978 4.71138477
4.75933307 2.39996322 4.72356998
4.76001370 2.33460469 4.73182893
4.76057568 2.26934326 4.73619048
4.76095474 2.20418529 4.73667985
4.76111063 2.13911779 4.73331675
4.76100313 2.07412771 4.72611526
4.76059197 2.00920206 4.71508539
4.75983702 1.94432777 4.70023629
4.75872139 1.87948158 4.68579915
4.75728315 1.81461609 4.67598377
4.75556827 1.74968045 4.67076994
4.75362276 1.68462380 4.67014298
4.75149260 1.61939527 4.67409696
4.74922640 1.55394564 4.68263505
4.74702626 1.48832237 4.69576708
4.74533018 1.42272148 4.71350408
4.74459620 1.35735160 4.73585006
4.74528236 1.29242137 4.76318448
4.74784672 1.22813943 4.79584411
4.75274196 1.16469311 4.83370563
4.76029469 1.10176818 4.87655740
4.77070382 1.03854250 4.92407600
4.78416259 0.97417135 4.97580798
4.80086424 0.90781004 5.03116181
4.82099451 0.83909523 5.08941442
4.84471308 0.76933527 5.14973513
4.87217400 0.70020118 5.21122587
4.90353129 0.63336399 5.27998369
4.93893899 0.57049469 5.36794577
4.97855115 0.51326432 5.48576151
5.02252179 0.46334388 5.64923150
5.07100495 0.42240440 5.87832472
5.12415466 0.39211690 6.11871423
5.18212497 0.37415238 6.28410345
5.24486966 0.36951927 6.36910151
5.31060829 0.37348769 6.38132237
5.37675502 0.37861637 6.35677044
5.44221356 0.38156394 6.32704942
5.50717773 0.38254362 6.29206196
5.57188362 0.38188500 6.25167279
5.63656731 0.37991770 6.20573994
5.70146487 0.37697129 6.17401701
5.76677974 0.37342855 6.17599319
5.83239579 0.37019245 6.21209628
5.89801616 0.36846027 6.28384992
5.96334190 0.36943261 6.39259461
6.02807410 0.37431008 6.51457579
6.09191383 0.38429329 6.62581949
6.15455708 0.40040430 6.72647624
6.21566993 0.42261312 6.81747340
6.27490754 0.45050573 6.90015202
6.33192507 0.48366756 6.97602153
6.38637765 0.52168404 7.04662744
6.43792044 0.56414058 7.11350340
6.48614404 0.61062978 7.17818032
6.53034648 0.66077675 7.24854448
6.56974292 0.71421577 7.33286578
6.60354851 0.77058116 7.43324280
6.63097843 0.82950723 7.55126143
6.65124796 0.89062826 7.68708865
6.66401531 0.95356870 7.81382844
6.67035666 1.01792139 7.90399840
6.67163139 1.08327287 7.95832576
6.66919887 1.14920968 7.97908409
6.66441849 1.21531835 7.96811032
6.65864701 1.28118655 7.94338146
6.65285996 1.34656636 7.92206622
6.64725295 1.41154624 7.90402465
6.64192626 1.47625575 7.88913511
6.63698014 1.54082446 7.87729793
6.63251488 1.60538195 7.86843785
6.62863018 1.67005630 7.86250590
6.62540094 1.73490704 7.85948088
6.62286721 1.79989773 7.85937067
6.62106645 1.86498476 7.86065042
6.62003613 1.93012451 7.86177238
6.61981372 1.99527338 7.86273292
6.62042969 2.06038914 7.86352874
6.62177311 2.12545766 7.86415691
6.62360167 2.19049087 7.86461486
6.62566809 2.25550172 7.86490042
6.62772507 2.32050313 7.86501182
6.62952533 2.38550804 7.86494771
6.63083748 2.45052848 7.86470717
6.63160310 2.51556648 7.86428971
6.63187013 2.58061796 7.86369530
6.63168804 2.64567876 7.86292434
6.63110631 2.71074471 7.86197767
6.63017441 2.77581162 7.86085660
6.62894181 2.84087534 7.85956284
6.62745799 2.90593169 7.85809855
6.62577243 2.97097651 7.85646633
6.62393459 3.03600561 7.85480705
6.62199396 3.10101483 7.85325901
6.62000000 3.16600000 7.85182125
6.61599927 3.23148576 7.85049288
6.61305588 3.29697852 7.84927305
6.61108392 3.36247692 7.84816094
6.60999745 3.42797960 7.84715579
6.60971054 3.49348523 7.84625688
6.61013727 3.55899246 7.84546354
6.61119170 3.62449992 7.84477513
6.61278791 3.69000628 7.84419108
6.61483997 3.75551018 7.84371082
6.61726195 3.82101028 7.84333387
6.61996793 3.88650522 7.84305975
6.62287197 3.95199365 7.84288806
6.62588815 4.01747423 7.84281841
6.62893053 4.08294560 7.84285047
6.63191320 4.14840642 7.84298394
6.63475022 4.21385533 7.84321856
6.63735566 4.27929099 7.84317743
6.63964360 4.34471205 7.84248370
6.64152246 4.41011993 7.84113469
6.64286245 4.47553490 7.83912435
6.64351794 4.54098503 7.83644318
6.64334324 4.60649843 7.83307816
6.64219264 4.67210319 7.82901259
6.63992046 4.73782741 7.82422596
6.63661746 4.80367172 7.81869374
6.63324465 4.86953563 7.81238709
6.63096322 4.93529537 7.79891679
6.63093434 5.00082720 7.77170049
6.63431918 5.06600736 7.73047555
6.64227635 5.13071159 7.67519982
6.65557369 5.19473935 7.60629682
6.67417287 5.25773268 7.52494428
6.69793602 5.31931416 7.43330657
6.72672526 5.37910641 7.33456351
6.76040268 5.43673202 7.23261939
6.79878771 5.49184055 7.16045690
6.84059086 5.54478159 7.14102308
6.88333850 5.59665225 7.17104780
6.92449922 5.64858612 7.25772401
6.96154163 5.70171678 7.41920134
6.99193432 5.75717783 7.61846688
7.01334408 5.81601057 7.78359572
7.02568824 5.87820866 7.89877160
7.03031105 5.94310144 7.96231724
7.02857945 6.01000772 7.97889049
7.02186037 6.07824629 7.97728820
7.01152075 6.14713597 7.98207648
6.99892753 6.21599555 7.99305850
6.98544763 6.28414383 8.01054578
6.97244799 6.35089962 8.03536771
6.96129555 6.41558170 8.07910636
6.95335724 6.47750890 8.15524771
6.95000000 6.53600000 8.26828691
6.92203818 6.60634431 8.42078034
6.88725489 6.66703582 8.58423440
6.84632461 6.71886960 8.72849953
6.79992184 6.76264073 8.85232965
6.74872107 6.79914428 8.95723657
6.69339680 6.82917533 9.04594099
6.63462351 6.85352896 9.12138411
6.57307571 6.87300024 9.18627358
6.50942788 6.88838425 9.24295357
6.44435452 6.90047606 9.29343292
6.37853012 6.91007075 9.33909185
6.31262691 6.91796048 9.37938647
6.24707785 6.92462899 9.41339766
6.18186878 6.92998364 9.44043196
6.11693650 6.93386862 9.46002546
6.05221783 6.93612813 9.47193018
5.98764959 6.93660634 9.47609258
5.92316691 6.93514918 9.47263180
5.85864500 6.93166339 9.46182237
5.79388455 6.92613147 9.43867940
5.72868155 6.91854066 9.39746868
5.66295806 6.90930597 9.33658988
5.59787063 6.90303220 9.25354103
5.53525559 6.90659924 9.14552380
5.47625211 6.92334417 9.01075318
5.42110712 6.95208704 8.85068587
5.37001023 6.99135782 8.67235149
5.32315106 7.03968648 8.48838799
5.28071922 7.09560299 8.31307164
5.24290434 7.15763732 8.18012960
5.20989603 7.22431945 8.09389739
5.18188391 7.29417933 8.03475918
5.15905760 7.36574695 7.99277962
5.14160673 7.43755228 7.96325440
5.12972089 7.50812529 7.90656046
5.12331218 7.57636943 7.86612012
5.12127975 7.64255121 7.85786292
5.12812153 7.83449625 7.85783820
5.12974547 7.87690395 7.86404630
5.13058767 7.91957458 7.87391799
5.13056426 7.96252219 7.88552059
5.12971957 8.00569603 7.89527094
5.12809863 8.04904500 7.90098371
5.12574648 8.09251800 7.93267410
5.12270814 8.13606393 10.74258136
5.11902867 8.17963168 10.60428365
5.12574648 8.09251800 14.25313015
5.12094573 8.15784827 14.23620354
5.11475308 8.22317015 14.25524027
5.10731806 8.28831196 14.27612792
5.09865346 8.35314567 14.29885223
5.08856544 8.41760919 14.32337510
5.07684298 8.48164591 14.34963199
5.06327510 8.54519924 14.37752994
5.04765079 8.60821255 14.40694648
5.02977083 8.67063106 14.43772974
5.00964684 8.73243234 14.46969999
4.98747261 8.79362195 14.50197931
4.96344792 8.85420638 14.53383911
4.93777256 8.91419209 14.56530620
4.91064629 8.97358558 14.59640936
4.88225551 9.03238765 14.62717913
4.85260132 9.09052053 14.65764745
4.82154952 9.14784913 14.68784748
4.78896282 9.20423704 14.71781327
4.75470395 9.25954782 14.74757966
4.71863561 9.31364508 14.77718205
4.68064147 9.36640559 14.80665623
4.64077679 9.41781443 14.83603829
4.59918093 9.46790969 14.86536442
4.55599379 9.51672980 14.89467085
4.51135528 9.56431323 14.92399369
4.46540531 9.61069843 14.95336883
4.41828380 9.65592385 14.98283182
4.37013066 9.70002793 15.01241775
4.32108579 9.74304914 15.04216110
4.27128912 9.78502592 15.07209563
4.22088055 9.82599672 15.10225416
4.17000000 9.86600000 15.13266846
4.11696332 9.90474659 15.16336900
4.06232641 9.94084297 15.19438474
4.00621218 9.97435703 15.22574289
3.94874356 10.00535666 15.25746864
3.89004346 10.03390975 15.28958483
3.83023478 10.06008419 15.32211170
3.76944046 10.08394788 15.35506646
3.70778339 10.10556870 15.38846300
3.64538650 10.12501455 15.42231148
3.58237270 10.14235333 15.45661799
3.51886491 10.15765291 15.49138413
3.45498501 10.17098236 15.52660671
3.39081304 10.18245862 15.56227740
3.32637329 10.19226227 15.59838245
3.26168624 10.20057833 15.63490249
3.19677234 10.20759180 15.67016987
3.13165204 10.21348771 15.70332818
3.06634772 10.21843673 15.73551880
3.00092271 10.22230216 15.76791600
2.93547975 10.22465166 15.80188177
2.87012316 10.22504097 15.83084889
2.80495726 10.22302578 15.84244437
2.74008639 10.21816183 15.83793979
2.67560484 10.21006457 15.82463393
2.61149922 10.19899015 15.80881985
2.54769078 10.18558390 15.82003267
2.32823821 10.13038170 15.92242099
2.28577194 10.11959131 16.12288297
2.24326573 10.10910711 16.05656458
2.20070223 10.09902905 16.00856782
2.15806411 10.08945709 15.97376461
2.11533407 10.08049119 15.94916456
2.07249475 10.07223130 15.93040827
2.02952885 10.06477738 15.91491517
1.98641903 10.05822938 15.89020310
1.94314982 10.05267962 15.84798184
1.89973148 10.04811459 15.79996371
1.85619302 10.04444352 15.75895231
1.81256390 10.04157390 15.73018852
1.76887356 10.03941321 15.71408447
1.72515147 10.03786894 15.67364446
1.68142706 10.03684855 18.86926089
1.63772980 10.03625954 18.92864791
1.77938538 10.03987308 21.95699316
1.71408105 10.03756474 21.95587209
1.64878821 10.03637297 21.96302676
1.58360495 10.03598937 21.97843410
1.51857466 10.03597006 22.00209499
1.45357726 10.03546652 22.03400263
1.38846229 10.03355504 22.07409432
1.32307930 10.02931188 22.12218807
1.25728887 10.02183305 22.17790933
1.19121041 10.01067570 22.24061920
1.12522459 9.99586263 22.30504065
1.05972363 9.97743722 22.36713358
0.99509978 9.95544284 22.42784185
0.93174525 9.92992287 22.48807037
0.87005227 9.90092068 22.54870418
0.81041308 9.86847966 22.61062786
0.75321989 9.83264317 22.67474279
0.69886494 9.79345460 22.74197976
0.64774045 9.75095732 22.81330281
0.60023866 9.70519470 22.88969827
0.55675179 9.65621014 22.96766782
0.51767207 9.60404699 23.04246356
0.48326723 9.54881539 23.11335782
0.45335631 9.49086602 23.17984702
0.42765731 9.43060372 23.24164004
0.40588819 9.36843336 23.29862749
0.38776695 9.30475980 23.35084182
0.37301157 9.23998790 23.39841636
0.36134002 9.17452250 23.44154850
0.35247031 9.10876848 23.47960688
0.34611653 9.04310977 23.51178439
0.34194565 8.97767520 23.53809957
0.33959312 8.91242322 23.55861904
0.33869380 8.84730914 23.57343022
0.33888257 8.78228829 23.58262114
0.33979431 8.71731599 23.58626662
0.34106389 8.65234758 23.58442044
0.34232618 8.58733836 23.57711263
0.34321607 8.52224367 23.56782814
0.34336842 8.45701883 23.56003175
0.34241810 8.39161917 23.55370925
0.34000000 8.32600000 23.54885088
0.34371056 8.25992687 23.54545162
0.34529095 8.19422822 23.54351156
0.34520374 8.12883139 23.54303615
0.34391151 8.06366372 23.54403637
0.34187683 7.99865258 23.54652897
0.33956226 7.93372530 23.55253408
0.33743039 7.86880923 23.56409018
0.33594378 7.80383173 23.58122497
0.33556501 7.73872014 23.60392845
0.33675664 7.67340182 23.63213684
0.33998125 7.60780410 23.66571263
0.34570141 7.54185435 23.70442293
0.35437251 7.47548744 23.74791904
0.36624782 7.40885033 23.79572160
0.38135562 7.34232601 23.84721607
0.39971244 7.27630981 23.90039895
0.42133480 7.21119708 23.95447732
0.44623922 7.14738316 24.01052577
0.47444222 7.08526338 24.06961545
0.50596032 7.02523310 24.13284732
0.54081003 6.96768765 24.20136874
0.57900789 6.91302237 24.27636602
0.62057041 6.86163260 24.35901967
0.66551411 6.81391369 24.45040328
0.71385551 6.77026098 24.54367976
0.76561104 6.73106968 24.63043254
0.82069339 6.69659064 24.70963159
0.87871119 6.66665154 24.78078882
0.93921761 6.64100293 24.84384185
1.00176584 6.61939535 24.89901572
1.06590907 6.60157935 24.94669672
1.13120050 6.58730547 24.98733318
1.19719330 6.57632426 25.02136473
1.26344067 6.56838626 25.04917467
1.32951392 6.56322459 25.07207768
1.39525712 6.56031006 25.09114394
1.46072500 6.55891086 25.10633864
1.52597778 6.55828993 25.11763518
1.59107568 6.55771020 25.12500828
1.65607891 6.55643460 25.12842867
1.72105566 6.55387283 25.12785948
1.78613577 6.55057034 25.12325434
1.85147788 6.54760229 25.11455734
1.91724075 6.54604684 25.08411850
1.98342000 6.54632654 25.01297615
2.04883166 6.54412474 24.89910703
2.11180599 6.53321352 24.74381666
2.17137898 6.51107625 24.55706820
2.22727077 6.47879123 24.38624466
2.27922943 6.43758356 24.25606251
2.32700303 6.38867836 24.15280070
2.37033963 6.33330073 24.06599654
2.40898731 6.27267580 23.98743681
2.44269414 6.20802867 23.91073243
2.47120819 6.14058444 23.83603590
2.49427752 6.07156825 23.76562520
2.51165021 6.00220519 23.70155374
2.52308352 5.93371101 23.64547396
2.52890864 5.86671684 23.59856153
2.53035952 5.80093420 23.56153282
2.52874935 5.73599392 23.53472135
2.52539129 5.67152684 23.51817405
2.52159853 5.60716379 23.50932905
2.51864828 5.54254614 23.50558102
2.51705284 5.47753949 23.50680026
2.51659270 5.41222397 23.51292086
2.51701897 5.34668833 23.52393690
2.51808280 5.28102129 23.53989702
2.51953529 5.21531160 23.56089695
2.52112354 5.14964361 23.58706913
2.52255385 5.08405752 23.61856828
2.52350882 5.01856785 23.64373685
2.52367078 4.95318884 23.65068806
2.52272204 4.88793470 23.63899212
2.52034494 4.82281967 23.60783436
2.51646806 4.75781071 23.55610390
2.51237210 4.69261554 23.48274228
2.50979577 4.62685438 23.38744930
2.50854112 4.56073538 23.27173587
2.50326105 4.49602963 23.13995388
2.48848763 4.43457203 23.01172586
2.46340724 4.37695873 22.89979053
2.42904504 4.32329649 22.80040606
2.38643071 4.27369087 22.71002427
2.33659390 4.22824743 22.62545209
2.28056429 4.18707173 22.54380088
2.21937156 4.15026933 22.46235261
2.15404538 4.11794580 22.37839954
2.08561541 4.09020668 22.28908197
2.01511133 4.06715754 22.19124637
1.94356280 4.04890394 22.09491593
1.87199951 4.03555144 22.01499462
1.80145112 4.02720560 21.95406121
1.73294730 4.02397197 21.91328822
1.66751773 4.02595612 21.89300618
1.60619207 4.03326361 21.89318181
1.55000000 4.04600000 21.91367245
1.48771648 4.05753343 21.95422725
1.42261826 4.05842038 22.01424710
1.35586920 4.05306313 22.05258875
1.28863318 4.04586396 22.02972260
1.22207407 4.04122516 21.94284071
1.15735574 4.04354901 21.78654103
1.09558696 4.05687428 21.56450908
1.03735382 4.08179052 21.34785358
0.98295382 4.11698280 21.18306971
0.93268139 4.16111614 21.05337755
0.88683099 4.21285559 20.94443178
0.84569705 4.27086619 20.84452466
0.80957404 4.33381298 20.74744629
0.77875640 4.40036100 20.65686099
0.75353857 4.46917528 20.57610628
0.73421500 4.53892087 20.50762600
0.72108015 4.60826280 20.45293653
0.71422855 4.67606927 20.41281284
0.71263034 4.74235107 20.38755756
0.71486282 4.80751819 20.37724564
0.71950289 4.87198104 20.38189006
0.72512747 4.93615003 20.39355582
0.73031353 5.00043552 20.40429257
0.73400782 5.06514337 20.41409631
0.73636129 5.13023890 20.42296431
0.73776967 5.19561827 20.43089486
0.73862871 5.26117760 20.43788703
0.73933412 5.32681303 20.44394046
0.74027941 5.39242099 20.44905521
0.74158669 5.45793352 20.45323154
0.74285170 5.52335174 20.45646984
0.74360976 5.58868471 20.45877045
0.74339621 5.65394146 20.46013365
0.74174637 5.71913104 20.46055954
0.73821393 5.78426272 20.46004804
0.73294132 5.84935299 20.45859884
0.72677041 5.91442691 20.45621146
0.72058378 5.97951002 20.45288526
0.71514952 6.04462449 20.44861951
0.71061709 6.10977426 20.44341347
0.70692790 6.17495709 20.43793338
0.70402324 6.24017075 20.43284637
0.70184437 6.30541302 20.42815295
0.70033257 6.37068167 20.42385353
0.69942910 6.43597447 20.41994840
0.69907525 6.50128920 20.41643778
0.69921228 6.56662363 20.41332181
0.69978147 6.63197552 20.41060058
0.70072409 6.69734266 20.40827416
0.70198141 6.76272281 20.40634259
0.70349470 6.82811375 20.40480589
0.70520525 6.89351325 20.40366408
0.70705431 6.95891909 20.40291721
0.70898317 7.02432902 20.40256530
0.71093309 7.08974084 20.40260841
0.71284534 7.15515230 20.40304660
0.71466121 7.22056118 20.40387997
0.71632196 7.28596526 20.40510860
0.71776887 7.35136231 20.40651367
0.71894321 7.41675009 20.40787626
0.71978624 7.48212639 20.40919636
0.72024693 7.54748914 20.41047393
0.72037476 7.61283856 20.41170895
0.72028977 7.67817644 20.41290139
0.72011350 7.74350461 20.41405125
0.71996746 7.80882490 20.41515849
0.71997319 7.87413914 20.41622311
0.72025221 7.93944916 20.41724509
0.72092605 8.00475679 20.41822440
0.72211622 8.07006386 20.41916104
0.72394425 8.13537220 20.42005500
0.72653167 8.20068364 20.42090626
0.73000000 8.26600000 20.42171481
0.73098377 8.33116353 20.42248065
0.73150350 8.39632377 20.42320376
0.73160370 8.46148084 20.42388414
0.73132890 8.52663486 20.42452179
0.73072360 8.59178596 20.42511668
0.72983234 8.65693424 20.42566883
0.72869962 8.72207984 20.42617823
0.72736997 8.78722287 20.42664487
0.72588790 8.85236344 20.42706875
0.72429793 8.91750169 20.42744987
0.72264459 8.98263772 20.42778823
0.72097238 9.04777167 20.42808383
0.71932544 9.11290364 20.42833666
0.71773400 9.17803395 20.42854673
0.71621083 9.24316308 20.42871404
0.71476759 9.30829155 20.42883859
0.71341594 9.37341988 20.42892039
0.71216754 9.43854859 20.42895943
0.71103406 9.50367819 20.42895572
0.71002716 9.56880920 20.42890926
0.70915851 9.63394213 20.42882007
0.70843976 9.69907750 20.42868813
0.70788258 9.76421583 20.42851347
0.70749863 9.82935763 20.42815595
0.70729958 9.89450341 20.42747533
0.70729709 9.95965370 20.42647132
0.70750281 10.02480900 20.42514342
0.70792842 10.08996984 20.42349099
0.70858558 10.15513674 20.42151316
0.70948594 10.22031019 20.41920892
0.71064118 10.28549073 20.41657707
0.71206295 10.35067887 20.41361626
0.71376292 10.41587513 20.41032497
0.71575275 10.48108001 20.40585842
0.71804410 10.54629404 20.39936872
0.72064853 10.61151765 20.39084965
0.72356299 10.67674088 20.38029573
0.72675509 10.74193285 20.36770329
0.73018894 10.80706017 20.35307176
0.73382865 10.87208946 20.33640530
0.73763832 10.93698735 20.31771455
0.74159010 11.00172159 20.29701870
0.74597268 11.06630430 20.27189249
0.75148855 11.13080566 20.24025848
0.75886807 11.19529973 20.20284826
0.76884162 11.25986059 20.16061682
0.78213958 11.32456231 20.11469400
0.79948517 11.38944054 20.05873852
0.82144836 11.45370696 19.98187654
0.84845183 11.51578148 19.87589067
0.88091231 11.57405197 19.72837605
0.91924652 11.62690630 19.55547538
0.96387120 11.67273234 19.39229143
1.01511333 11.71005966 19.24905306
1.07227284 11.73903940 19.13075082
1.13399465 11.76085693 19.03790969
1.19891307 11.77671433 18.96868437
1.26566244 11.78781365 18.92059780
1.33287708 11.79535699 18.89150739
1.39938088 11.80045135 18.88002110
1.46504331 11.80367949 18.87715027
1.53009241 11.80544439 18.87439185
1.59475652 11.80614886 18.87174643
1.65926397 11.80619573 18.86921459
1.72384309 11.80598779 18.86679690
1.78866467 11.80584275 18.86449390
1.85370674 11.80579325 18.86230608
1.91890700 11.80581237 18.86023394
1.98420319 11.80587314 18.85827796
2.04953303 11.80594864 18.85643858
2.11483438 11.80601197 18.85471622
2.18006884 11.80604648 18.85311130
2.24524703 11.80605660 18.85162421
2.31038563 11.80604938 18.85025532
2.37550133 11.80603188 18.84900498
2.44061082 11.80601114 18.84787353
2.50573058 11.80599414 18.84686128
2.57086836 11.80598442 18.84596853
2.63602048 11.80598102 18.84519558
2.70118244 11.80598267 18.84454269
2.76634976 11.80598810 18.84401011
2.83151797 11.80599606 18.84359808
2.89668275 11.80600524 18.84330682
2.96184274 11.80601399 18.84313653
3.02699911 11.80602034 18.84308741
3.09215309 11.80602230 18.84315963
3.15730591 11.80601789 18.84335334
3.22245883 11.80600512 18.84366870
3.28761295 11.80598274 18.84410582
3.35276838 11.80595626 18.84466481
3.41792466 11.80593482 18.84534578
3.48308132 11.80592764 18.84614880
3.54823790 11.80594392 18.84707392
3.61339394 11.80599286 18.84812119
3.67854910 11.80607833 18.84929064
3.74370377 11.80617529 18.85058227
3.80885856 11.80624893 18.85199607
3.87401409 11.80626443 18.85353201
3.93917100 11.80618696 18.85504884
4.00432990 11.80598171 18.85640525
4.06949085 11.80564814 18.85760108
4.13465215 11.80529817 18.85863620
4.19981168 11.80506671 18.85951051
4.26496735 11.80508871 18.86022393
4.33011706 11.80549909 18.86077639
4.39525877 11.80642967 18.86116785
4.46039271 11.80788225 18.86139830
4.52552220 11.80968421 18.86146773
4.59065074 11.81165068 18.86137618
4.65578185 11.81359681 18.86112367
4.72091904 11.81533774 18.86071028
4.78606563 11.81669381 18.86013609
4.85122106 11.81757944 18.85940119
4.91638145 11.81799081 18.85850572
4.98154280 11.81792686 18.85744982
5.04670111 11.81738652 18.85623366
5.11185238 11.81636871 18.85485743
5.17699315 11.81488426 18.85332134
5.24212506 11.81305812 18.85162564
5.30725260 11.81107874 18.84977060
5.37238030 11.80913528 18.84775650
5.43751269 11.80741688 18.84558368
5.50265429 11.80611271 18.84325247
5.56780838 11.80537229 18.84076327
5.63297125 11.80512237 18.83811649
5.69813675 11.80521189 18.83531259
5.76329875 11.80548969 18.83235204
5.82845107 11.80580463 18.82923538
5.89358759 11.80600556 18.82596316
5.95870649 11.80599302 18.82253601
6.02382075 11.80584296 18.81895457
6.08894647 11.80566845 18.81521953
6.15409974 11.80558258 18.81133165
6.21929667 11.80569842 18.80729172
6.28455320 11.80612775 18.80310058
6.34986202 11.80676927 18.79875916
6.41516703 11.80707581 18.79463170
6.48040607 11.80644419 18.79107447
6.54551693 11.80427122 18.78807859
6.61043743 11.79995371 18.78563816
6.67510696 11.79290520 18.78375022
6.73953073 11.78323492 18.78241479
6.80380205 11.77198305 18.78163491
6.86802038 11.76025476 18.78141680
6.93228516 11.74915525 18.78176993
6.99669585 11.73978972 18.78270727
7.06134879 11.73323099 18.80035187
7.12626341 11.72974992 22.02452359
7.19137893 11.72878193 22.02227431
6.93760879 11.74829922 25.10451750
7.02341463 11.73668163 25.10809420
7.10967733 11.73037537 25.11513948
7.19632511 11.72879401 25.12409116
7.28320589 11.73051442 25.13478216
7.37016758 11.73411315 25.14690580
7.45706292 11.73819265 25.15747657
7.54383652 11.74184806 25.16381057
7.63051542 11.74461634 25.16595091
7.71712957 11.74605007 25.16392424
7.80370898 11.74570674 25.15773993
7.89028915 11.74361528 25.14739126
7.97691554 11.74066234 25.13285867
8.06363471 11.73782556 25.11411504
8.15049319 11.73608255 25.09113334
8.23750675 11.73605980 25.06389658
8.32451985 11.73642964 25.03482992
8.41131771 11.73518858 25.00635668
8.49768549 11.73033248 24.97846916
8.58341427 11.71993032 24.95115634
8.66842588 11.70367548 24.92440421
8.75277045 11.68285431 24.89819613
8.83650349 11.65882004 24.87251317
8.91968052 11.63292555 24.84733439
9.00237374 11.60623527 24.82263713
9.08470250 11.57899724 24.79904828
9.16679445 11.55131609 24.77722307
9.24877721 11.52329646 24.75717289
9.33075237 11.49500206 24.73890111
9.41258776 11.46612961 24.72240491
9.49402792 11.43618222 24.70767707
9.57481625 11.40466123 24.69470750
9.65469617 11.37106802 24.68348465
9.73341109 11.33490393 24.67399669
9.81070443 11.29567033 24.66623249
9.88631959 11.25286857 24.66018243
9.96000000 11.20600000 24.65583913
10.03568128 11.16303017 24.65319788
10.11284539 11.12312999 24.65225705
10.19111278 11.08551314 24.65301827
10.27010387 11.04939331 24.65548660
10.34943910 11.01398419 24.65967042
10.42873890 10.97849947 24.66558130
10.50762370 10.94215284 24.67323368
10.58571394 10.90415799 24.68226300
10.66263546 10.86374013 24.69229537
10.73844572 10.82104588 24.70333185
10.81394161 10.77780012 24.71537161
10.88999259 10.73588275 24.72841160
10.96746814 10.69717366 24.74244616
11.04701373 10.66305740 24.75746668
11.12828773 10.63273589 24.77346116
11.21067671 10.60481002 24.79041388
11.29356723 10.57788064 24.80830501
11.37637371 10.55062752 24.82711026
11.45900071 10.52311746 24.84680056
11.54177127 10.49660167 24.86734186
11.62502188 10.47236939 24.88869493
11.70908779 10.45170475 24.91081526
11.79411347 10.43509539 24.93365311
11.87984742 10.42137612 24.95715365
11.96598888 10.40917622 24.98125717
12.05223713 10.39712497 25.00448873
12.13834498 10.38418581 25.02563453
12.22434642 10.37107570 25.04498610
12.31036731 10.35908479 25.06279329
12.39653356 10.34950356 25.07927285
12.48296647 10.34357314 25.09482983
12.56967948 10.34138136 25.10953072
12.65657718 10.34185268 25.12308312
12.74355937 10.34386015 25.13523494
12.83052589 10.34627707 25.14578945
12.91740983 10.34816298 25.15475830
13.00423720 10.34909780 25.16240282
13.09105010 10.34875167 25.16890374
13.17789064 10.34679472 25.17439195
13.26479266 10.34303931 25.17895715
13.35171696 10.33855444 25.15448864
13.43858624 10.33506420 25.15235195
13.76804781 10.35485014 25.17714208
13.83281375 10.36337428 25.20552970
13.89763813 10.37143212 25.19889066
13.96257282 10.37811007 25.19207564
14.02763771 10.38291794 25.18503803
14.09280490 10.38599773 25.17773255
14.15804261 10.38754308 25.17011382
14.22331906 10.38774763 25.16213512
14.28860244 10.38680503 25.15374722
14.35386193 10.38491544 25.14489735
14.41908700 10.38241627 25.13552807
14.48428641 10.37977559 25.12557602
14.54946969 10.37746665 25.11497067
14.61464638 10.37596271 25.10363275
14.67982601 10.37573701 25.09147248
14.74501746 10.37717220 25.07838749
14.81022266 10.37968375 25.06426032
14.87543929 10.38210180 25.04895540
14.94066500 10.38324833 25.03231541
15.00589743 10.38194533 25.01415678
15.07113423 10.37701477 24.99426434
15.13630938 10.36740600 24.95858183
15.20097252 10.35283742 24.89282536
15.26452970 10.33331478 24.79804253
15.32638671 10.30884427 24.67872259
15.38594937 10.27943211 24.54364872
15.44262348 10.24508451 24.43072908
15.49581483 10.20580770 24.36096438
15.54494308 10.16162093 24.32476567
15.59038987 10.11345055 24.31810147
15.63410876 10.06370500 24.34238711
15.67819839 10.01492957 24.40597228
15.72475744 9.96966955 24.51679777
15.77588455 9.93047022 24.67420918
15.83354562 9.89979707 24.86340874
15.89742946 9.87874732 25.05633221
15.96531059 9.86726785 25.21320040
16.03490399 9.86526978 25.33902599
16.10392465 9.87266424 25.46156932
16.17008754 9.88936233 25.60797800
16.23110765 9.91527517 25.77343741
16.28494095 9.95019766 25.90395965
16.33236161 9.99256560 25.97302380
16.37596995 10.03993407 25.97447069
16.41839711 10.08984334 25.91791679
16.46227419 10.13983365 25.85640893
16.51023233 10.18744526 25.82274946
16.56429910 10.23064539 25.81004564
16.62218806 10.27045309 25.81755344
16.67973509 10.30921577 25.86666888
16.73276834 10.34928628 25.98909000
16.77711598 10.39301747 26.20091309
16.80860615 10.44276220 26.48748909
16.82394594 10.50017017 26.78040577
16.82405555 10.56352060 26.98811496
16.81111607 10.63008398 27.12222695
16.78730881 10.69713060 27.22700991
16.75481511 10.76193079 27.32920534
16.71581621 10.82175570 27.42941055
16.67239755 10.87496187 27.49806852
16.62636101 10.92311881 27.51972850
16.57945623 10.96838766 27.48740218
16.53343288 11.01292958 27.40521081
16.49004060 11.05890572 27.31111343
16.45102370 11.10846988 27.22923791
16.41743172 11.16281514 27.15341026
16.38893740 11.22123096 27.07857779
16.36505140 11.28278267 26.99988542
16.34528439 11.34653559 26.92180366
16.32914702 11.41155508 26.85424009
16.31615016 11.47691196 26.79949036
16.30581804 11.54204035 26.75900148
16.29769630 11.60695757 26.73351306
16.29133252 11.67173352 26.72325464
16.28627428 11.73643812 26.72810749
16.28206917 11.80114126 26.74768526
16.27827189 11.86591185 26.78132576
16.27463429 11.93079082 26.81356424
16.27112624 11.99578821 26.83023893
16.26772885 12.06091245 26.83204666
16.26442324 12.12617199 26.81918586
16.26119052 12.19157524 26.79136423
16.25805950 12.25712408 26.74786724
16.25570118 12.32273198 26.68771646
16.25524671 12.38824903 26.60997929
16.25783729 12.45352398 26.51429779
16.26461411 12.51840553 26.40163335
16.27671838 12.58274243 26.28633255
16.29517654 12.64629991 26.18019149
16.32014674 12.70821143 26.08148085
16.35138987 12.76732139 25.98823572
16.38866479 12.82247271 25.89840454
16.43173032 12.87250831 25.80989720
16.48034532 12.91627109 25.72057239
16.53414358 12.95291478 25.62819548
16.59226876 12.98281144 25.53039579
16.65374439 13.00663165 25.43290721
16.71759404 13.02504598 25.34497993
16.78284125 13.03872500 25.26860359
16.84851347 13.04833900 25.20477361
16.91398678 13.05453284 25.15373044
16.97925765 13.05790621 25.11525277
17.04438652 13.05905410 25.08891042
17.10943379 13.05857152 25.07424283
17.17445989 13.05705347 25.07086521
17.23952407 13.05508737 25.07851683
17.30465215 13.05304152 25.09089514
17.36983219 13.05103685 25.10184215
17.43505022 13.04918107 25.11140665
17.50029229 13.04758189 25.11962861
17.56554444 13.04634700 25.12653919
17.63079323 13.04557498 25.13216073
17.69603266 13.04524040 25.13650652
17.76126201 13.04522853 25.13958071
17.82648069 13.04542266 25.14137788
17.89168813 13.04570610 25.14241235
17.95688374 13.04596214 25.14320254
18.02206802 13.04608874 25.14374268
18.08724963 13.04609263 25.14402805
18.15244087 13.04602943 25.14405506
18.21765407 13.04595503 25.14382127
18.28290155 13.04592529 25.14332548
18.34819564 13.04599608 25.14256771
18.41353932 13.04619835 25.14154920
18.47889490 13.04645474 25.14027246
18.54421366 13.04665846 25.13874121
18.60944691 13.04670273 25.13696035
18.67454590 13.04648077 25.13493593
18.73946206 13.04588604 25.13267509
18.80420431 13.04493092 25.13018597
18.86893117 13.04393704 25.12747766
18.93382520 13.04327565 25.12456008
18.99906891 13.04331802 25.12144390
19.06484486 13.04443540 25.11284146
19.13133081 13.04698626 25.09337370
19.19838719 13.05047991 25.06263206
19.26536409 13.05305996 25.01987134
19.33156547 13.05274658 24.96409110
19.39629530 13.04755991 24.89419138
19.45885752 13.03552013 24.80925633
19.51856888 13.01471173 24.70900969
19.57506159 12.98480821 24.59441367
19.62829589 12.94713525 24.46821816
19.67824729 12.90309549 24.34543891
19.72489132 12.85409156 24.23687176
19.76820349 12.80152610 24.14000955
19.80812564 12.74672222 24.05220035
19.84426763 12.69021931 23.97090153
19.87605044 12.63211082 23.89373664
19.90289285 12.57248504 23.81844914
19.92421364 12.51143025 23.74280455
19.93943162 12.44903477 23.66446428
19.94824989 12.38541260 23.59257153
19.95168579 12.32079674 23.53940396
19.95113609 12.25545453 23.50642956
19.94799760 12.18965329 23.49451685
19.94366714 12.12366037 23.50430450
19.93954102 12.05774300 23.52504825
19.93666850 11.99209311 23.54552107
19.93514126 11.92669490 23.56558099
19.93488720 11.86149704 23.58509099
19.93583427 11.79644819 23.60392229
19.93791037 11.73149703 23.61530401
19.94103881 11.66659217 23.61268085
19.94478270 11.60167853 23.59677798
19.94809304 11.53669470 23.56893426
19.94986132 11.47157868 23.53098914
19.94897905 11.40626844 23.48100585
19.94433773 11.34070198 23.41280306
19.93484406 11.27484145 23.32002310
19.91980380 11.20928345 23.19290509
19.89895128 11.14530602 23.04357091
19.87204196 11.08422074 22.89695640
19.83883131 11.02733922 22.75904489
19.79907478 10.97597305 22.63391087
19.75257346 10.93137258 22.52338681
19.69989271 10.89376170 22.42750153
19.64223109 10.86251398 22.34519014
19.58080622 10.83697730 22.27490772
19.51683575 10.81649959 22.21502758
19.45153734 10.80042875 22.16405166
19.38606433 10.78812259 22.12002100
19.32083569 10.77905216 22.08198684
19.25580256 10.77276061 22.05004588
19.19090856 10.76879228 22.02422170
19.12609732 10.76669148 22.00450015
19.06131245 10.76600254 21.99085828
18.99649759 10.76626978 21.98328638
18.93159635 10.76703752 21.98180323
18.86655234 10.76785009 21.98646522
18.80130920 10.76825181 21.99363141
18.73581055 10.76778701 21.99958250
18.67000000 10.76600000 22.00429156
18.60478672 10.76895212 22.00773681
18.53967222 10.77035203 22.00990158
18.47463691 10.77045974 22.01077439
18.40966118 10.76953529 22.01034890
18.34472544 10.76783869 22.00862396
18.27981008 10.76562995 22.00560368
18.21489551 10.76316911 22.00129746
18.14996214 10.76071618 21.99572005
18.08499035 10.75853118 21.98889162
18.01996055 10.75687414 21.98083785
17.95485314 10.75600506 21.97158992
17.88964916 10.75618216 21.96118459
17.82437426 10.75753576 21.94966413
17.75912734 10.75998625 21.93707625
17.69401410 10.76343454 21.92347396
17.62914025 10.76778153 21.91426138
17.56461149 10.77292814 21.91465033
17.50052503 10.77876443 21.92456740
17.43674150 10.78487902 21.94414280
17.37285950 10.79052660 21.97368762
17.30846404 10.79494451 22.00314279
17.24314011 10.79737012 22.02209629
17.17647271 10.79704078 22.03033457
17.10811213 10.79332117 22.02743896
17.03864872 10.78740962 22.01272421
16.96937825 10.78188030 21.97007565
16.90161358 10.77934080 21.88209890
16.83666759 10.78239869 21.74849969
16.77585315 10.79366154 21.57689228
16.72048313 10.81573692 21.38632346
16.67131977 10.85023753 21.23975852
16.62686080 10.89468441 21.16199280
16.58502184 10.94554690 21.13409051
16.54371854 10.99929435 21.15230775
16.50086652 11.05239609 21.21103713
16.45438217 11.10132239 21.30161602
16.40284754 11.14337515 21.42257884
16.34673558 11.17821859 21.56436824
16.28685270 11.20593352 21.71047712
16.22400528 11.22660074 21.83947588
16.15899975 11.24030106 21.95155861
16.09264301 11.24711476 22.05830561
16.02579867 11.24706463 22.16943609
15.95943734 11.24006493 22.29498659
15.89454150 11.22601787 22.42352788
15.83209364 11.20482566 22.53093051
15.77307625 11.17639051 22.61229100
15.71844214 11.14064601 22.66567156
15.66802467 11.09870927 22.69066754
15.62022256 11.05321421 22.68718756
15.57334059 11.00689402 22.65484626
15.52568352 10.96248193 22.59304391
15.47555616 10.92271114 22.50179619
15.42132487 10.89021862 22.40232330
15.36266141 10.86560196 22.31510880
15.30048371 10.84751185 22.23980345
15.23575944 10.83452125 22.17556005
15.16945629 10.82520309 22.12134272
15.10254195 10.81813034 22.07612588
15.03593529 10.81196067 22.03900643
14.96997948 10.80635128 22.00926105
14.90464225 10.80161119 21.98637572
14.83988486 10.79806059 21.97006662
14.77566860 10.79601969 21.96052213
14.71195474 10.79580868 21.95832664
14.64866139 10.79759901 21.96379138
14.58539895 10.80050268 21.97695572
14.52164439 10.80317195 21.99756697
14.45687410 10.80425722 22.02507513
14.39056448 10.80240892 22.05864877
14.32219192 10.79627743 22.09721770
14.25163800 10.78534978 22.13954353
14.18056559 10.77279101 22.14237665
14.11112695 10.76277670 22.06079148
14.04547437 10.75948243 21.87114462
13.98576013 10.76708379 21.53999371
13.93413480 10.78975335 21.11167223
13.89147144 10.82940381 18.67504724
13.85509799 10.88167664 18.14465289
14.06680504 10.75957610 21.84333148
13.98576013 10.76708379 21.20943853
13.91901221 10.80123204 21.06766499
13.86672618 10.86318552 21.03047510
13.82173246 10.94113438 21.06691404
13.77625151 11.02218978 21.17982034
13.72250379 11.09346292 21.39562546
13.65449559 11.14463515 21.65148576
13.57431658 11.17702182 21.83813425
13.48634251 11.19522838 21.94862559
13.39494923 11.20386051 21.99067501
13.30439774 11.20744014 21.99942226
13.21639534 11.20862771 22.00545846
13.13014385 11.20825725 22.00881585
13.04473988 11.20708612 22.00951531
12.95928038 11.20587139 22.00756586
12.87313583 11.20516998 22.00296466
12.78643223 11.20498596 21.99569736
12.69942497 11.20522874 21.98573904
12.61236940 11.20580773 21.97305546
12.52549603 11.20666020 21.95760502
12.43881366 11.20797194 21.93974819
12.35221463 11.21005924 21.91984761
12.26559024 11.21323955 21.89786166
12.17883563 11.21783486 21.87375163
12.09203794 11.22439438 21.84748467
12.00556226 11.23379627 21.81903715
11.91979543 11.24694447 21.78839848
11.83512429 11.26474287 21.75557533
11.75181076 11.28772785 21.72059604
11.66951624 11.31466932 21.68583081
11.58772200 11.34380723 21.65367045
11.50590929 11.37338145 21.62416801
11.42359677 11.40173544 21.59734798
11.34095492 11.42901741 21.57321249
11.25870753 11.45690739 21.55174710
11.17759589 11.48713404 21.53292611
11.09836056 11.52142420 21.51671715
11.02138305 11.56068614 21.50308511
10.94611861 11.60371625 21.49199530
10.87187513 11.64897491 21.48338941
10.79796050 11.69492250 21.47721459
10.72373516 11.74014055 21.47345076
10.64900586 11.78423913 21.47208455
10.57380451 11.82734730 21.47310988
10.49816472 11.86959808 21.47652811
10.42212066 11.91112480 21.48234789
10.34573058 11.95207531 21.49058461
10.26908705 11.99261808 21.50125952
10.19228525 12.03292317 21.51346302
10.11542035 12.07316061 21.52627105
10.03854215 12.11340502 21.53968624
9.96147596 12.15325902 21.55371029
9.88397782 12.19217959 21.56834387
9.80580375 12.22962365 21.58358643
9.72672061 12.26507045 21.59943605
9.64669797 12.29841648 21.61588926
9.56588534 12.32992864 21.63294089
9.48443846 12.35988669 21.65058386
9.40251307 12.38857031 21.66880908
9.32022338 12.41615210 21.68760525
9.23755704 12.44247815 21.70695873
9.15447765 12.46733254 21.72685344
9.07094882 12.49049933 21.74727076
8.98694145 12.51179618 21.76818943
8.90248992 12.53133267 21.78958554
8.81766131 12.54936870 21.81143252
8.73252295 12.56616542 21.83370119
8.64714118 12.58197393 21.85650170
8.56154012 12.59661768 21.88003126
8.47568674 12.60934146 21.90439121
8.38954397 12.61934899 21.92968581
8.30307471 12.62584399 21.95602280
8.21628359 12.62828490 21.98351357
8.12936080 12.62726366 22.01227335
8.04254810 12.62368734 22.04242089
7.95608730 12.61846304 22.07407794
7.87018910 12.61251397 22.08784164
7.78456223 12.60702376 22.06406785
7.69850886 12.60338696 22.00364455
7.61131948 12.60300418 21.90978243
7.52228882 12.60726594 21.78946781
7.43163956 12.61534227 21.84208302
7.34168259 12.62140638 22.36128709
7.25501414 12.61894877 22.57540208
7.17423043 12.60145993 22.64455913
6.92941478 12.38876606 23.17020128
6.88466313 12.33582307 22.86339217
6.83883102 12.28578229 22.46258796
6.79085362 12.24137426 22.54112020
6.73966608 12.20532948 22.37528987
6.68421110 12.18035908 22.13992966
6.62414891 12.16733386 21.99202981
6.56043753 12.16379568 21.90543500
6.49417159 12.16693610 21.86834790
6.42644572 12.17394666 21.88195511
6.35835453 12.18201890 21.91912513
6.29097391 12.18839076 21.95157033
6.22477487 12.19179625 21.97900805
6.15950792 12.19275165 22.00123553
6.09488144 12.19187741 22.01811373
6.03060380 12.18979397 22.02955182
5.96638339 12.18712178 22.03549394
5.90194115 12.18446095 22.03590972
5.83719391 12.18209468 22.03078925
5.77221325 12.18005573 22.02317719
5.70707501 12.17837002 22.01611478
5.64185500 12.17706346 22.00960152
5.57662905 12.17616198 22.00363670
5.51146640 12.17568125 21.99821946
5.44637802 12.17554622 21.99334884
5.38134446 12.17563445 21.98902384
5.31634601 12.17582312 21.98524344
5.25136295 12.17598937 21.98200669
5.18637557 12.17601039 21.97931267
5.12136741 12.17579850 21.97716058
5.05633955 12.17545517 21.97554973
4.99129895 12.17514519 21.97447957
4.92625256 12.17503336 21.97394970
4.86120734 12.17528451 21.97395989
4.79617024 12.17606344 21.97451007
4.73114601 12.17745575 21.97560032
4.66613207 12.17928136 21.97723092
4.60112424 12.18130455 21.97940225
4.53611838 12.18328959 21.98177709
4.47111035 12.18500075 21.98401775
4.40609600 12.18620299 21.98612409
4.34107290 12.18678164 21.98809598
4.27604233 12.18688041 21.98993328
4.21100602 12.18667644 21.99163591
4.14596572 12.18634689 21.99320375
4.08092318 12.18606890 21.99463673
4.01588012 12.18601666 21.99593478
3.95083806 12.18622625 21.99709783
3.88579814 12.18654000 21.99812583
3.82076150 12.18678576 21.99901873
3.75572928 12.18679137 21.99977650
3.69070262 12.18638466 22.00039911
3.62568255 12.18540300 22.00088653
3.56066832 12.18387636 22.00123875
3.49565752 12.18201393 22.00145576
3.43064764 12.18003167 22.00153756
3.36563619 12.17814555 22.00148415
3.30062069 12.17657155 22.00129554
3.23559875 12.17551697 22.00097174
3.17057003 12.17501481 22.00051277
3.10553612 12.17493643 21.99991867
3.04049866 12.17514710 21.99918947
2.97545932 12.17551208 21.99832520
2.91041973 12.17589666 21.99732592
2.84538145 12.17617478 21.99619169
2.78034486 12.17631477 21.99492256
2.71530965 12.17634275 21.99351862
2.65027548 12.17628566 21.99197994
2.58524202 12.17617044 21.99030663
2.52020894 12.17602405 21.98849877
2.45517591 12.17587343 21.98655650
2.39014261 12.17574553 21.98447995
2.32510869 12.17566728 21.98226925
2.26007384 12.17566565 21.97992456
2.19503772 12.17576757 21.97744607
2.13000000 12.17600000 21.97744607
2.13000000 12.17600000 21.97744607
2.13000000 12.17600000 21.97744607
2.13000000 12.17600000 21.97744607
2.13000000 12.17600000 21.97744607
2.13000000 12.17600000 21.97744607
2.13000000 12.17600000 21.97744607
2.13000000 12.17600000 21.97744607
2.13000000 12.17600000 21.97744607
2.13000000 12.17600000 21.97744607
2.13000000 12.17600000 21.97744607
2.13000000 12.17600000 21.97744607
2.13000000 12.17600000 21.97744607
2.13000000 12.17600000 21.97744607
2.13000000 12.17600000 21.97744607
2.13000000 12.17600000 21.97744607
2.13000000 12.17600000 21.97744607
2.13000000 12.17600000 21.97744607
2.13000000 12.17600000 21.97744607
2.13000000 12.17600000 21.97744607
2.13000000 12.17600000 21.97744607
2.13000000 12.17600000 21.97744607
2.13000000 12.17600000 21.97744607
2.13000000 12.17600000 21.97744607
2.13000000 12.17600000 21.97744607
2.13000000 12.17600000 21.97744607
2.13000000 12.17600000 21.97744607
2.13000000 12.17600000 21.97744607
2.13000000 12.17600000 21.97744607
2.13000000 12.17600000 21.97744607
2.13000000 12.17600000 21.97744607
2.13000000 12.17600000 21.97744607
2.13000000 12.17600000 21.97744607
2.13000000 12.17600000 21.97744607
2.13000000 12.17600000 21.97744607
2.13000000 12.17600000 21.97744607
2.13000000 12.17600000 21.97744607
2.13000000 12.17600000 21.97744607
2.13000000 12.17600000 21.97744607
2.13000000 12.17600000 21.97744607
2.13000000 12.17600000 21.97744607
2.13000000 12.17600000 21.97744607
2.13000000 12.17600000 21.97744607
2.13000000 12.17600000 21.97744607
2.13000000 12.17600000 21.97744607
