0.00000000 0.00000000 -0.83760477
0.04726331 -0.04527315 -0.82998774
0.09458453 -0.09043186 -0.82281604
0.14195523 -0.13548625 -0.81608162
0.18936696 -0.18044647 -0.80977666
0.23681127 -0.22532264 -0.80389360
0.28427972 -0.27012489 -0.79842518
0.33176388 -0.31486336 -0.79336441
0.37925528 -0.35954818 -0.78870464
0.42674550 -0.40418947 -0.78443951
0.47422608 -0.44879738 -0.78056300
0.52168859 -0.49338203 -0.77706945
0.56912457 -0.53795356 -0.77395349
0.61652559 -0.58252210 -0.77121011
0.66388320 -0.62709778 -0.76883466
0.71118895 -0.67169072 -0.76682280
0.75843441 -0.71631108 -0.76517054
0.80561113 -0.76096896 -0.76387423
0.85271066 -0.80567452 -0.76293053
0.89972456 -0.85043787 -0.76233645
0.94664439 -0.89526916 -0.76208932
0.99346171 -0.94017850 -0.76218678
1.04016806 -0.98517605 -0.76262678
1.08675501 -1.03027192 -0.76340758
1.13321411 -1.07547625 -0.76452774
1.17953692 -1.12079916 -0.76598611
1.22571499 -1.16625081 -0.76778182
1.27173988 -1.21184130 -0.76991427
1.31760315 -1.25758079 -0.77238314
1.36329635 -1.30347939 -0.77518836
1.40881104 -1.34954724 -0.77833011
1.45413877 -1.39579447 -0.78180879
1.49927110 -1.44223122 -0.78562504
1.54419959 -1.48886762 -0.78977972
1.58891579 -1.53571379 -0.79427388
1.63341126 -1.58277987 -0.79910876
1.67767756 -1.63007600 -0.80428577
1.72170623 -1.67761230 -0.80980648
1.76548884 -1.72539890 -0.81567259
1.80901695 -1.77344594 -0.82188593
1.85228211 -1.82176355 -0.82844843
1.89527587 -1.87036187 -0.83536210
1.93798979 -1.91925101 -0.84262901
1.98041543 -1.96844112 -0.85025125
2.02254434 -2.01794233 -0.85821882
2.06436809 -2.06776477 -0.86652213
2.10587821 -2.11791857 -0.87516393
2.14706628 -2.16841386 -0.88414694
2.18792385 -2.21926078 -0.89347386
2.22844248 -2.27046945 -0.90314730
2.26861371 -2.32205001 -0.91316976
2.30842911 -2.37401259 -0.92354363
2.34788023 -2.42636733 -0.93427107
2.38695863 -2.47912435 -0.94535407
2.42565587 -2.53229378 -0.95679433
2.46396349 -2.58588577 -0.96859327
2.50187306 -2.63991043 -0.98075195
2.53937614 -2.69437791 -0.99327103
2.57646198 -2.74929713 -1.00615074
2.61309737 -2.80466522 -1.01939080
2.64923635 -2.86047265 -1.03299042
2.68483280 -2.91670977 -1.04694817
2.71984062 -2.97336697 -1.06126199
2.75421369 -3.03043462 -1.07592915
2.78790590 -3.08790308 -1.09094613
2.82087115 -3.14576274 -1.10630864
2.85306332 -3.20400397 -1.12191980
2.88443631 -3.26261713 -1.13769418
2.91494400 -3.32159261 -1.15364395
2.94454028 -3.38092077 -1.16978119
2.97317904 -3.44059200 -1.18611787
3.00081418 -3.50059665 -1.20266587
3.02739958 -3.56092511 -1.21943693
3.05288913 -3.62156775 -1.23644263
3.07723673 -3.68251494 -1.25369442
3.10039625 -3.74375706 -1.27120349
3.12232160 -3.80528447 -1.28898084
3.14296666 -3.86708756 -1.30703717
3.16228533 -3.92915669 -1.32538288
3.18023148 -3.99148224 -1.34402796
3.19675901 -4.05405458 -1.36298200
3.21182182 -4.11686408 -1.38225409
3.22537379 -4.17990112 -1.40185276
3.23736880 -4.24315607 -1.42178589
3.24776076 -4.30661930 -1.44206065
3.25650355 -4.37028119 -1.46268340
3.26355358 -4.43413195 -1.48365961
3.26891695 -4.49815857 -1.50461712
3.27264519 -4.56234510 -1.52517108
3.27479151 -4.62667548 -1.54530859
3.27540911 -4.69113367 -1.56501864
3.27455121 -4.75570361 -1.58429197
3.27227100 -4.82036924 -1.60312108
3.26862169 -4.88511450 -1.62150004
3.26365649 -4.94992334 -1.63942448
3.25742861 -5.01477971 -1.65689144
3.24999125 -5.07966755 -1.67389925
3.24139762 -5.14457080 -1.69044745
3.23170092 -5.20947340 -1.70653667
3.22095437 -5.27435931 -1.72216851
3.20921116 -5.33921247 -1.73734544
3.19652450 -5.40401682 -1.75207071
3.18294761 -5.46875630 -1.76634821
3.16853369 -5.53341487 -1.78018244
3.15333593 -5.59797645 -1.79357836
3.13740756 -5.66242501 -1.80654134
3.12080177 -5.72674448 -1.81907707
3.10357178 -5.79091881 -1.83119150
3.08577078 -5.85493194 -1.84289076
3.06745197 -5.91876783 -1.85418110
3.04865758 -5.98241432 -1.86506887
3.02940069 -6.04586969 -1.87556039
3.00968955 -6.10913392 -1.88566200
2.98953242 -6.17220698 -1.89537995
2.96893758 -6.23508885 -1.90472038
2.94791327 -6.29777951 -1.91368931
2.92646775 -6.36027895 -1.92229257
2.90460930 -6.42258713 -1.93053581
2.88234618 -6.48470404 -1.93842444
2.85968663 -6.54662966 -1.94596363
2.83663894 -6.60836397 -1.95315831
2.81321135 -6.66990694 -1.96001309
2.78941213 -6.73125856 -1.96653230
2.76524954 -6.79241880 -1.97271995
2.74073184 -6.85338764 -1.97857972
2.71586729 -6.91416507 -1.98411494
2.69066416 -6.97475105 -1.98932859
2.66513071 -7.03514558 -1.99422327
2.63927520 -7.09534862 -1.99880120
2.61310588 -7.15536016 -2.00306421
2.58663103 -7.21518018 -2.00701369
2.55985889 -7.27480866 -2.01079541
2.53279775 -7.33424557 -2.01455406
2.50545584 -7.39349089 -2.01828913
2.47784145 -7.45254461 -2.02200016
2.44996282 -7.51140669 -2.02568663
2.42182823 -7.57007713 -2.02934808
2.39344593 -7.62855590 -2.03298401
2.36482418 -7.68684298 -2.03659396
2.33597124 -7.74493835 -2.04017744
2.30689538 -7.80284198 -2.04373400
2.27760486 -7.86055386 -2.04726317
2.24810794 -7.91807396 -2.05076449
2.21841288 -7.97540227 -2.05423750
2.18852794 -8.03253876 -2.05768175
2.15846139 -8.08948342 -2.06109679
2.12822148 -8.14623621 -2.06448220
2.09781648 -8.20279712 -2.06783751
2.06725465 -8.25916614 -2.07116232
2.03654425 -8.31534323 -2.07445618
2.00569354 -8.37132838 -2.07771868
1.97471079 -8.42712156 -2.08094939
1.94360425 -8.48272277 -2.08414792
1.91238218 -8.53813196 -2.08731384
1.88105258 -8.59334920 -2.09044677
1.84961948 -8.64837568 -2.09354629
1.81808386 -8.70321343 -2.09661203
1.78644667 -8.75786452 -2.09964360
1.75470881 -8.81233100 -2.10264061
1.72287122 -8.86661495 -2.10560269
1.69093483 -8.92071841 -2.10852948
1.65890055 -8.97464346 -2.11142060
1.62676932 -9.02839215 -2.11427570
1.59454205 -9.08196655 -2.11709443
1.56221969 -9.13536873 -2.11987644
1.52980314 -9.18860073 -2.12262138
1.49729334 -9.24166463 -2.12532893
1.46469121 -9.29456248 -2.12799874
1.43199768 -9.34729635 -2.13063050
1.39921367 -9.39986831 -2.13322389
1.36634011 -9.45228040 -2.13577858
1.33337792 -9.50453470 -2.13829427
1.30032803 -9.55663327 -2.14077066
1.26719136 -9.60857816 -2.14320744
1.23396885 -9.66037145 -2.14561227
1.20066141 -9.71201518 -2.14799281
1.16726997 -9.76351144 -2.15034881
1.13379546 -9.81486226 -2.15268003
1.10023880 -9.86606973 -2.15498622
1.06660092 -9.91713590 -2.15726715
1.03288274 -9.96806283 -2.15952258
0.99908519 -10.01885259 -2.16175227
0.96520919 -10.06950724 -2.16395601
0.93125567 -10.12002883 -2.16613357
0.89722556 -10.17041943 -2.16828473
0.86311978 -10.22068111 -2.17040926
0.82893925 -10.27081593 -2.17250696
0.79468490 -10.32082594 -2.17457761
0.76035767 -10.37071321 -2.17662102
0.72595846 -10.42047980 -2.17863697
0.69148821 -10.47012778 -2.18062528
0.65694784 -10.51965920 -2.18258574
0.62233829 -10.56907613 -2.18451816
0.58766047 -10.61838063 -2.18642235
0.55291530 -10.66757477 -2.18829814
0.51810372 -10.71666059 -2.19014535
0.48322666 -10.76564018 -2.19196379
0.44828503 -10.81451558 -2.19375329
0.41327976 -10.86328886 -2.19551369
0.37821178 -10.91196209 -2.19724482
0.34308201 -10.96053731 -2.19894653
0.30789137 -11.00901661 -2.20061864
0.27264081 -11.05740203 -2.20226102
0.23733123 -11.10569565 -2.20387351
0.20196356 -11.15389952 -2.20545597
0.16653874 -11.20201570 -2.20700825
0.13105768 -11.25004626 -2.20853022
0.09552131 -11.29799326 -2.21002174
0.05993056 -11.34585876 -2.21148268
0.02428635 -11.39364482 -2.21291292
-0.01141039 -11.44135351 -2.21431233
-0.04715874 -11.48898689 -2.21568079
-0.08295777 -11.53654701 -2.21701820
-0.11880656 -11.58403595 -2.21832443
-0.15470417 -11.63145576 -2.21959937
-0.19064969 -11.67880850 -2.22084294
-0.22664220 -11.72609625 -2.22205502
-0.26268075 -11.77332105 -2.22323551
-0.29876444 -11.82048498 -2.22438433
-0.33489232 -11.86759009 -2.22550139
-0.37106349 -11.91463844 -2.22658660
-0.40727701 -11.96163211 -2.22763987
-0.44353195 -12.00857314 -2.22866113
-0.47982740 -12.05546360 -2.22965031
-0.51616242 -12.10230556 -2.23060733
-0.55253609 -12.14910108 -2.23153213
-0.58894749 -12.19585222 -2.23242464
-0.62539568 -12.24256103 -2.23328480
-0.66187975 -12.28922959 -2.23411256
-0.69839877 -12.33585995 -2.23490786
-0.73495181 -12.38245418 -2.23567064
-0.77153795 -12.42901434 -2.23640088
-0.80815626 -12.47554249 -2.23709851
-0.84480581 -12.52204069 -2.23776351
-0.88148569 -12.56851101 -2.23839584
-0.91819496 -12.61495550 -2.23899545
-0.95493270 -12.66137624 -2.23956234
-0.99169799 -12.70777527 -2.24009646
-1.02848990 -12.75415467 -2.24059780
-1.06530750 -12.80051649 -2.24106634
-1.10214986 -12.84686280 -2.24150207
-1.13901607 -12.89319567 -2.24190496
-1.17590520 -12.93951714 -2.24227502
-1.21281632 -12.98582928 -2.24261223
-1.24974850 -13.03213417 -2.24291659
-1.28670083 -13.07843384 -2.24318812
-1.32367237 -13.12473038 -2.24342680
-1.36066219 -13.17102585 -2.24363265
-1.39766939 -13.21732229 -2.24380568
-1.43469302 -13.26362178 -2.24394590
-1.47173216 -13.30992638 -2.24405333
-1.50878590 -13.35623815 -2.24412799
-1.54585329 -13.40255916 -2.24416991
-1.58293342 -13.44889145 -2.24417911
-1.62002537 -13.49523711 -2.24415562
-1.65712819 -13.54159818 -2.24409948
-1.69424098 -13.58797673 -2.24401072
-1.73136281 -13.63437483 -2.24388939
-1.76849274 -13.68079453 -2.24373552
-1.80562985 -13.72723789 -2.24354916
-1.84277323 -13.77370699 -2.24333036
-1.87992194 -13.82020388 -2.24307917
-1.91707505 -13.86673062 -2.24279566
-1.95423165 -13.91328927 -2.24247987
-1.99139080 -13.95988191 -2.24213188
-2.02855158 -14.00651058 -2.24175173
-2.06571307 -14.05317735 -2.24133951
-2.10287434 -14.09988429 -2.24089529
-2.14003446 -14.14663345 -2.24041913
-2.17719252 -14.19342690 -2.23991111
-2.21434757 -14.24026670 -2.23937133
-2.25149870 -14.28715491 -2.23879985
-2.28864499 -14.33409360 -2.23819676
-2.32578550 -14.38108482 -2.23756216
-2.36291932 -14.42813064 -2.23689614
-2.40004551 -14.47523312 -2.23619879
-2.43716315 -14.52239432 -2.23547020
-2.47427131 -14.56961631 -2.23471050
-2.51136908 -14.61690114 -2.23391977
-2.54845552 -14.66425088 -2.23309812
-2.58552970 -14.71166759 -2.23224567
-2.62259072 -14.75915333 -2.23136253
-2.65963762 -14.80671017 -2.23044881
-2.69666950 -14.85434017 -2.22950464
-2.73368543 -14.90204538 -2.22853013
-2.77068448 -14.94982787 -2.22752542
-2.80766572 -14.99768971 -2.22649063
-2.84462824 -15.04563295 -2.22542589
-2.88157109 -15.09365966 -2.22433134
-2.91849337 -15.14177190 -2.22320711
-2.95539414 -15.18997173 -2.22205335
-2.99227248 -15.23826121 -2.22087020
-3.02912747 -15.28664241 -2.21965779
-3.06595817 -15.33511738 -2.21841629
-3.10276366 -15.38368820 -2.21714585
-3.13954301 -15.43235691 -2.21584661
-3.17629531 -15.48112559 -2.21451874
-3.21301963 -15.52999630 -2.21316240
-3.24971503 -15.57897109 -2.21177775
-3.28638060 -15.62805203 -2.21036495
-3.32301540 -15.67724119 -2.20892418
-3.35961852 -15.72654062 -2.20745561
-3.39618903 -15.77595238 -2.20595941
-3.43272600 -15.82547855 -2.20443576
-3.46922851 -15.87512117 -2.20288484
-3.50569563 -15.92488231 -2.20130683
-3.54212643 -15.97476404 -2.19970191
-3.57852000 -16.02476842 -2.19807029
-3.61487540 -16.07489751 -2.19641214
-3.65119171 -16.12515336 -2.19472766
-3.68746800 -16.17553805 -2.19301705
-3.72370335 -16.22605363 -2.19128051
-3.75989684 -16.27670217 -2.18951824
-3.79604753 -16.32748573 -2.18773044
-3.83215450 -16.37840637 -2.18591732
-3.86821683 -16.42946615 -2.18407909
-3.90423360 -16.48066714 -2.18221596
-3.94020386 -16.53201139 -2.18032814
-3.97612671 -16.58350098 -2.17841586
-4.01200121 -16.63513795 -2.17647933
-4.04782644 -16.68692438 -2.17451878
-4.08360148 -16.73886232 -2.17253443
-4.11932539 -16.79095384 -2.17052650
-4.15499726 -16.84320100 -2.16849523
-4.19061615 -16.89560587 -2.16644084
-4.22618115 -16.94817049 -2.16436357
-4.26169132 -17.00089695 -2.16226366
-4.29714574 -17.05378729 -2.16014135
-4.33254349 -17.10684358 -2.15799687
-4.36788363 -17.16006788 -2.15583046
-4.40316525 -17.21346225 -2.15364238
-4.43838742 -17.26702877 -2.15143287
-4.47354922 -17.32076948 -2.14920217
-4.50864971 -17.37468645 -2.14695054
-4.54368797 -17.42878174 -2.14467823
-4.57866308 -17.48305742 -2.14238550
-4.61357411 -17.53751554 -2.14007260
-4.64842014 -17.59215817 -2.13773979
-4.68320024 -17.64698738 -2.13538733
-4.71791348 -17.70200521 -2.13301548
-4.75255894 -17.75721375 -2.13062450
-4.78713570 -17.81261503 -2.12821467
-4.82164282 -17.86821114 -2.12578624
-4.85607939 -17.92400413 -2.12333949
-4.89044447 -17.97999606 -2.12087468
-4.92473715 -18.03618900 -2.11839208
-4.95895649 -18.09258500 -2.11589198
-4.99310158 -18.14918613 -2.11336915
-5.02717148 -18.20599446 -2.11081847
-5.06116527 -18.26301204 -2.10824034
-5.09508202 -18.32024093 -2.10563520
-5.12892081 -18.37768320 -2.10300344
-5.16268072 -18.43534091 -2.10034550
-5.19636082 -18.49321613 -2.09766179
-5.22996017 -18.55131090 -2.09495275
-5.26347787 -18.60962731 -2.09221879
-5.29691298 -18.66816740 -2.08946036
-5.33026457 -18.72693324 -2.08667789
-5.36353172 -18.78592689 -2.08387182
-5.39671351 -18.84515042 -2.08104258
-5.42980901 -18.90460588 -2.07819063
-5.46281729 -18.96429534 -2.07531639
-5.49573743 -19.02422087 -2.07242033
-5.52856851 -19.08438451 -2.06950288
-5.56130959 -19.14478834 -2.06656451
-5.59395975 -19.20543442 -2.06360565
-5.62651807 -19.26632480 -2.06062677
-5.65898363 -19.32746156 -2.05762831
-5.69135549 -19.38884675 -2.05461074
-5.72363272 -19.45048243 -2.05157450
-5.75581442 -19.51237067 -2.04852007
-5.78789964 -19.57451353 -2.04544789
-5.81988747 -19.63691307 -2.04235842
-5.85177697 -19.69957135 -2.03925213
-5.88356723 -19.76249044 -2.03612948
-5.91525732 -19.82567240 -2.03299091
-5.94684630 -19.88911929 -2.02983691
-5.97833327 -19.95283317 -2.02666791
-6.00971728 -20.01681610 -2.02348439
-6.04099742 -20.08107015 -2.02028679
-6.07217276 -20.14559737 -2.01707559
-6.10324238 -20.21039984 -2.01385124
-6.13420534 -20.27547960 -2.01061419
-6.16506073 -20.34083873 -2.00736490
-6.19580761 -20.40647929 -2.00410383
-6.22644507 -20.47240334 -2.00083142
-6.25697218 -20.53861293 -1.99754814
-6.28738800 -20.60511014 -1.99425443
-6.31769163 -20.67189702 -1.99095074
-6.34788212 -20.73897564 -1.98763751
-6.37795856 -20.80634806 -1.98431520
-6.40792002 -20.87401634 -1.98098424
-6.43776557 -20.94198254 -1.97764508
-6.46749429 -21.01024872 -1.97429815
-6.49710525 -21.07881695 -1.97094388
-6.52659754 -21.14768930 -1.96758272
-6.55597021 -21.21686781 -1.96421510
-6.58522235 -21.28635455 -1.96084143
-6.61435303 -21.35615159 -1.95746214
-6.64336133 -21.42626099 -1.95407766
-6.67224632 -21.49668481 -1.95068840
-6.70100707 -21.56742510 -1.94729478
-6.72964267 -21.63848394 -1.94389721
-6.75815217 -21.70986339 -1.94049609
-6.78653467 -21.78156551 -1.93709184
-6.81478922 -21.85359235 -1.93368484
-6.84291492 -21.92594599 -1.93027550
-6.87091083 -21.99862847 -1.92686421
-6.89877602 -22.07164188 -1.92345136
-6.92650957 -22.14498826 -1.92003733
-6.95411056 -22.21866969 -1.91662250
-6.98157806 -22.29268821 -1.91320725
-7.00891114 -22.36704590 -1.90979194
-7.03610889 -22.44174482 -1.90637695
-7.06317036 -22.51678702 -1.90296264
-7.09009465 -22.59217457 -1.89954936
-7.11688081 -22.66790954 -1.89613746
-7.14352794 -22.74399398 -1.89272731
-7.17003509 -22.82042996 -1.88931923
-7.19640135 -22.89721954 -1.88591357
-7.22262580 -22.97436477 -1.88251067
-7.24870749 -23.05186773 -1.87911084
-7.27464552 -23.12973048 -1.87571442
-7.30043895 -23.20795507 -1.87232172
-7.32608686 -23.28654357 -1.86893305
-7.35158832 -23.36549804 -1.86554873
-7.37694241 -23.44482055 -1.86216906
-7.40214820 -23.52451315 -1.85879434
-7.42720477 -23.60457791 -1.85542486
-7.45211119 -23.68501688 -1.85206090
-7.47686654 -23.76583214 -1.84870275
-7.50146989 -23.84702574 -1.84535070
-7.52592031 -23.92859975 -1.84200500
-7.55021688 -24.01055623 -1.83866592
-7.57435867 -24.09289723 -1.83638507
-7.59834476 -24.17562483 -1.83619467
-7.62217423 -24.25874108 -1.83808948
-7.64584614 -24.34224805 -1.84209567
-7.66937128 -24.42612018 -1.84827147
-7.69284059 -24.51014275 -1.85670883
-7.71637861 -24.59402176 -1.86753600
-7.74011000 -24.67746295 -1.88092106
-7.76415943 -24.76017203 -1.89707660
-7.78865155 -24.84185475 -1.91626536
-7.81371102 -24.92221682 -1.93880693
-7.83946249 -25.00096399 -1.96508513
-7.86603064 -25.07780197 -1.99555558
-7.89354010 -25.15243650 -2.03075231
-7.92211555 -25.22457331 -2.07129115
-7.95188164 -25.29391813 -2.11786645
-7.98296303 -25.36017668 -2.17123501
-8.01548438 -25.42305470 -2.23217854
-8.04957035 -25.48225792 -2.30143305
-8.08534559 -25.53749206 -2.37957296
-8.12293477 -25.58846286 -2.46684361
-8.16246254 -25.63487604 -2.56295399
-8.20405356 -25.67643733 -2.65920942
-8.24783249 -25.71285247 -2.74662016
-8.29392399 -25.74382718 -2.82447960
-8.34245272 -25.76906719 -2.89267284
-8.39354333 -25.78827824 -2.95146529
-8.44732048 -25.80116604 -3.00131003
-8.50390884 -25.80743634 -3.04269771
-8.56343306 -25.80679486 -3.07604788
-8.62601754 -25.79894775 -3.10162879
-8.69138243 -25.78426872 -3.11948927
-8.75802543 -25.76515001 -3.12938491
-8.82421408 -25.74436398 -3.12512054
-8.88821592 -25.72468297 -3.09873346
-8.94829849 -25.70887931 -3.04573980
-9.00272937 -25.69972526 -2.95971979
-9.05015988 -25.69936135 -2.83296393
-9.09055013 -25.70777344 -2.66713932
-9.12413902 -25.72448843 -2.47074454
-9.15116546 -25.74903321 -2.25463845
-9.17186836 -25.78093467 -2.03834523
-9.18648660 -25.81971971 -1.84133756
-9.19525909 -25.86491522 -1.68227885
-9.19842474 -25.91604810 -1.56238349
-9.19622245 -25.97264525 -1.47039668
-9.18889111 -26.03423355 -1.39801387
-9.17666964 -26.10033989 -1.33951285
-9.15979693 -26.17049119 -1.29099210
-9.13851188 -26.24421432 -1.24975898
-9.11305341 -26.32103618 -1.21391491
-9.08366040 -26.40048367 -1.18208659
-9.05057176 -26.48208369 -1.15325281
-9.01402640 -26.56536312 -1.12663123
-8.97426321 -26.64984885 -1.10160289
-8.93152110 -26.73506780 -1.07766037
-8.88603897 -26.82054684 -1.05437098
-8.83805572 -26.90581287 -1.03134941
-8.78781026 -26.99039279 -1.00823619
-8.73554148 -27.07381350 -0.98467949
-8.68148829 -27.15560188 -0.96031832
-8.62588959 -27.23528482 -0.93476560
-8.56898429 -27.31238924 -0.90758964
-8.51101127 -27.38644201 -0.87829225
-8.45219062 -27.45701676 -0.84628190
-8.39260833 -27.52401967 -0.81208052
-8.33229226 -27.58750113 -0.77668642
-8.27127005 -27.64751210 -0.74014485
-8.20956933 -27.70410356 -0.70251796
-8.14721774 -27.75732645 -0.66388560
-8.08424290 -27.80723176 -0.62434566
-8.02067246 -27.85387045 -0.58401372
-7.95653403 -27.89729348 -0.54302206
-7.89185527 -27.93755182 -0.50151785
-7.82666379 -27.97469644 -0.45966068
-7.76098723 -28.00877829 -0.41761934
-7.69485323 -28.03984836 -0.37556824
-7.62828941 -28.06795760 -0.33368336
-7.56132342 -28.09315698 -0.29213823
-7.49398288 -28.11549747 -0.25110000
-7.42629542 -28.13503003 -0.21072591
-7.35828868 -28.15180563 -0.17116025
-7.28999029 -28.16587523 -0.13253210
-7.22142789 -28.17728980 -0.09495370
-7.15262910 -28.18610032 -0.05851964
-7.08362157 -28.19235773 -0.02330673
-7.01443291 -28.19611301 0.01082406
-6.94509077 -28.19741713 0.04403846
-6.87562278 -28.19632105 0.07631966
-6.80605657 -28.19287574 0.10765928
-6.73641978 -28.18713216 0.13805652
-6.66674003 -28.17914128 0.16751725
-6.59704496 -28.16895407 0.19605312
-6.52736220 -28.15662149 0.22368071
-6.45771939 -28.14219451 0.25042067
-6.38814416 -28.12572409 0.27629702
-6.31866413 -28.10726120 0.30133644
-6.24930695 -28.08685681 0.32556767
-6.18010025 -28.06456188 0.34902098
-6.11107165 -28.04042738 0.37172769
-6.04224880 -28.01450427 0.39371984
-5.97365932 -27.98684353 0.41502977
-5.90533085 -27.95749611 0.43568994
-5.83729102 -27.92651299 0.45573265
-5.76956747 -27.89394512 0.47518990
-5.70218782 -27.85984348 0.49409323
-5.63517971 -27.82425903 0.51247366
-5.56857077 -27.78724274 0.53036158
-5.50238863 -27.74884558 0.54778674
-5.43666093 -27.70911850 0.56477820
-5.37141531 -27.66811248 0.58136436
-5.30667938 -27.62587848 0.59757294
-5.24248080 -27.58246747 0.61343103
-5.17884718 -27.53793041 0.62896511
-5.11580616 -27.49231828 0.64420112
-5.05338537 -27.44568203 0.65916448
-4.99161246 -27.39807263 0.67388020
-4.93051504 -27.34954105 0.68837289
-4.87012076 -27.30013826 0.70266689
-4.81045724 -27.24991522 0.71678633
-4.75155212 -27.19892289 0.73075520
-4.69343303 -27.14721225 0.74459748
-4.63612761 -27.09483426 0.75833722
-4.57966348 -27.04183988 0.77199863
-4.52406829 -26.98828009 0.78560622
-4.46936965 -26.93420584 0.79918493
-4.41559521 -26.87966811 0.81276023
-4.36277260 -26.82471785 0.82635829
-4.31092945 -26.76940604 0.84000613
-4.26009339 -26.71378365 0.85373180
-4.21029206 -26.65790163 0.86735493
-4.16155309 -26.60181096 0.88066191
-4.11389467 -26.54555669 0.89363227
-4.06729335 -26.48915784 0.90624617
-4.02171422 -26.43262629 0.91848445
-3.97712238 -26.37597388 0.93032865
-3.93348292 -26.31921247 0.94176106
-3.89076093 -26.26235392 0.95276471
-3.84892152 -26.20541009 0.96332341
-3.80792976 -26.14839284 0.97342171
-3.76775076 -26.09131401 0.98304495
-3.72834961 -26.03418548 0.99217918
-3.68969140 -25.97701910 1.00081120
-3.65174122 -25.91982673 1.00892851
-3.61446417 -25.86262022 1.01651928
-3.57782534 -25.80541144 1.02357233
-3.54178983 -25.74821223 1.03007710
-3.50632272 -25.69103446 1.03602363
-3.47138912 -25.63388999 1.04140247
-3.43695411 -25.57679067 1.04620473
-3.40298279 -25.51974837 1.05042199
-3.36944024 -25.46277493 1.05404629
-3.33629158 -25.40588222 1.05707011
-3.30350188 -25.34908209 1.05948632
-3.27103624 -25.29238641 1.06128821
-3.23885975 -25.23580703 1.06246944
-3.20693751 -25.17935581 1.06302403
-3.17523462 -25.12304460 1.06294641
-3.14371615 -25.06688527 1.06223133
-3.11234722 -25.01088967 1.06087399
-3.08109290 -24.95506966 1.05886995
-3.04991830 -24.89943709 1.05621524
-3.01878851 -24.84400384 1.05290634
-2.98766862 -24.78878174 1.04894026
-2.95652372 -24.73378267 1.04431457
-2.92531890 -24.67901847 1.03902748
-2.89401927 -24.62450101 1.03307786
-2.86258991 -24.57024215 1.02646541
-2.83099592 -24.51625373 1.01919065
-2.79920239 -24.46254763 1.01125504
-2.76717441 -24.40913569 1.00266112
-2.73487708 -24.35602978 0.99341254
-2.70227549 -24.30324176 0.98351423
-2.66933474 -24.25078347 0.97322464
-2.63601991 -24.19866679 0.96279762
-2.60229610 -24.14690356 0.95223230
-2.56812840 -24.09550564 0.94152788
-2.53348191 -24.04448490 0.93068367
-2.49832172 -23.99385318 0.91969909
-2.46261292 -23.94362236 0.90857370
-2.42632061 -23.89380428 0.89730718
-2.38940988 -23.84441080 0.88589932
-2.35184582 -23.79545379 0.87435008
-2.31359353 -23.74694510 0.86265957
-2.27461810 -23.69889658 0.85082804
-2.23488462 -23.65132009 0.83885591
-2.19435819 -23.60422750 0.82674379
-2.15300390 -23.55763066 0.81449243
-2.11078684 -23.51154143 0.80210281
-2.06767578 -23.46597152 0.78957607
-2.02367173 -23.42093135 0.77691357
-1.97879238 -23.37643069 0.76411685
-1.93305557 -23.33247928 0.75118767
-1.88647913 -23.28908689 0.73812803
-1.83908091 -23.24626326 0.72494011
-1.79087874 -23.20401816 0.71162633
-1.74189047 -23.16236133 0.69818934
-1.69213392 -23.12130253 0.68463201
-1.64162694 -23.08085151 0.67095746
-1.59038737 -23.04101803 0.65716901
-1.53843304 -23.00181184 0.64327024
-1.48578179 -22.96324270 0.62926493
-1.43245146 -22.92532035 0.61515712
-1.37845989 -22.88805456 0.60095105
-1.32382491 -22.85145507 0.58665119
-1.26856437 -22.81553165 0.57226223
-1.21269610 -22.78029404 0.55778906
-1.15623794 -22.74575200 0.54323678
-1.09920772 -22.71191529 0.52861066
-1.04162330 -22.67879365 0.51391619
-0.98350249 -22.64639684 0.49915900
-0.92486315 -22.61473462 0.48434490
-0.86572311 -22.58381674 0.46947984
-0.80610021 -22.55365295 0.45456991
-0.74601228 -22.52425301 0.43962131
-0.68547717 -22.49562668 0.42464036
-0.62451271 -22.46778369 0.40974778
-0.56313674 -22.44073382 0.39504682
-0.50136710 -22.41448681 0.38051798
-0.43922162 -22.38905242 0.36614230
-0.37671815 -22.36444040 0.35190122
-0.31387452 -22.34066051 0.33777659
-0.25070858 -22.31772250 0.32375061
-0.18723815 -22.29563612 0.30980576
-0.12348108 -22.27441113 0.29592478
-0.05945520 -22.25405728 0.28209062
0.00482164 -22.23458433 0.26828638
0.06933162 -22.21600203 0.25449527
0.13405688 -22.19832013 0.24070057
0.19897960 -22.18154840 0.22688557
0.26408193 -22.16569657 0.21303356
0.32934604 -22.15077441 0.19912775
0.39475409 -22.13679167 0.18515121
0.46028824 -22.12375811 0.17108690
0.52593065 -22.11168347 0.15691756
0.59166348 -22.10057752 0.14262566
0.65746891 -22.09045000 0.12819343
0.72332908 -22.08131068 0.11360274
0.78922616 -22.07316930 0.09883509
0.85514231 -22.06603562 0.08387157
0.92105970 -22.05991939 0.06869282
0.98696048 -22.05483037 0.05327898
1.05282683 -22.05077831 0.03760967
1.11864089 -22.04777296 0.02166393
1.18438484 -22.04582409 0.00542022
1.25004083 -22.04494143 -0.01114365
1.31559102 -22.04513476 -0.02805049
1.38101758 -22.04641381 -0.04532381
1.44630268 -22.04878836 -0.06298776
1.51142846 -22.05226814 -0.08106719
1.57637710 -22.05686291 -0.09958763
1.64113076 -22.06258243 -0.11857524
1.70567159 -22.06943645 -0.13805680
1.76998176 -22.07743473 -0.15805963
1.83404344 -22.08658702 -0.17861155
1.89783877 -22.09690307 -0.19974075
1.96134994 -22.10839264 -0.22147564
2.02455909 -22.12106549 -0.24384475
2.08744839 -22.13493135 -0.26687645
2.15000000 -22.15000000 -0.26687645
2.15000000 -22.15000000 -0.26687645
2.15000000 -22.15000000 -0.26687645
2.15000000 -22.15000000 -0.26687645
2.15000000 -22.15000000 -0.26687645
2.15000000 -22.15000000 -0.26687645
2.15000000 -22.15000000 -0.26687645
2.15000000 -22.15000000 -0.26687645
2.15000000 -22.15000000 -0.26687645
2.15000000 -22.15000000 -0.26687645
2.15000000 -22.15000000 -0.26687645
2.15000000 -22.15000000 -0.26687645
2.15000000 -22.15000000 -0.26687645
2.15000000 -22.15000000 -0.26687645
2.15000000 -22.15000000 -0.26687645
2.15000000 -22.15000000 -0.26687645
2.15000000 -22.15000000 -0.26687645
2.15000000 -22.15000000 -0.26687645
2.15000000 -22.15000000 -0.26687645
2.15000000 -22.15000000 -0.26687645
2.15000000 -22.15000000 -0.26687645
2.15000000 -22.15000000 -0.26687645
2.15000000 -22.15000000 -0.26687645
2.15000000 -22.15000000 -0.26687645
2.15000000 -22.15000000 -0.26687645
2.15000000 -22.15000000 -0.26687645
2.15000000 -22.15000000 -0.26687645
2.15000000 -22.15000000 -0.26687645
2.15000000 -22.15000000 -0.26687645
2.15000000 -22.15000000 -0.26687645
2.15000000 -22.15000000 -0.26687645
2.15000000 -22.15000000 -0.26687645
2.15000000 -22.15000000 -0.26687645
2.15000000 -22.15000000 -0.26687645
2.15000000 -22.15000000 -0.26687645
2.15000000 -22.15000000 -0.26687645
2.15000000 -22.15000000 -0.26687645
2.15000000 -22.15000000 -0.26687645
2.15000000 -22.15000000 -0.26687645
2.15000000 -22.15000000 -0.26687645
2.15000000 -22.15000000 -0.26687645
2.15000000 -22.15000000 -0.26687645
2.15000000 -22.15000000 -0.26687645
2.15000000 -22.15000000 -0.26687645
2.15000000 -22.15000000 -0.26687645
