0.81065575 0.58552306
0.77702433 0.62947056
0.74129549 0.67117881
0.70355227 0.71064352
0.66385393 0.74786226
0.62223797 0.78282815
0.57872310 0.81552411
0.53331326 0.84591782
0.48600246 0.87395744
0.43678052 0.89956810
0.38563977 0.92264943
0.33401796 0.94256671
0.28358140 0.95894817
0.23460343 0.97209116
0.18727214 0.98230807
0.14170011 0.98990963
0.09793580 0.99519274
0.05597518 0.99843216
0.01577275 0.99987560
-0.02274886 0.99974121
-0.05712097 0.99836726
-0.08478636 0.99639915
-0.10577187 0.99439042
-0.12014615 0.99275622
-0.12797787 0.99177702
-0.12930801 0.99160448
-0.12413498 0.99226534
-0.11241197 0.99366169
-0.09405632 0.99556688
-0.06897188 0.99761860
-0.04215153 0.99911123
-0.01871196 0.99982492
0.00127834 0.99999918
0.01778366 0.99984186
0.03079061 0.99952586
0.04029915 0.99918766
0.04631542 0.99892687
0.04884656 0.99880629
0.04789734 0.99885226
0.04525109 0.99897564
0.04268975 0.99908838
0.04021330 0.99919112
0.03782169 0.99928450
0.03551492 0.99936915
0.03329293 0.99944564
0.03115568 0.99951454
0.02910313 0.99957641
0.02713524 0.99963177
0.02525195 0.99968112
0.02345323 0.99972494
0.02173901 0.99976368
0.02010926 0.99979779
0.01856392 0.99982768
0.01710295 0.99985373
0.01572631 0.99987633
0.01443395 0.99989583
0.01322585 0.99991253
0.01210195 0.99992677
0.01106223 0.99993881
0.01010667 0.99994893
0.00923524 0.99995735
0.00844792 0.99996432
0.00774470 0.99997001
0.00712557 0.99997461
0.00659052 0.99997828
0.00613957 0.99998115
0.00577271 0.99998334
0.00548997 0.99998493
0.00529137 0.99998600
0.00517692 0.99998660
0.00514667 0.99998676
0.00520065 0.99998648
0.00533890 0.99998575
0.00556149 0.99998453
0.00586846 0.99998278
0.00625989 0.99998041
0.00673584 0.99997731
0.00601080 0.99998193
0.00279963 0.99999608
-0.00289409 0.99999581
-0.01106192 0.99993882
-0.02168914 0.99976476
-0.03475249 0.99939595
-0.05021757 0.99873830
-0.06803568 0.99768289
-0.08814038 0.99610806
-0.11044404 0.99388234
-0.14077079 0.99004221
-0.18547042 0.98264985
-0.24540730 0.96942006
-0.32127710 0.94698523
-0.41278410 0.91082890
-0.51742168 0.85573057
-0.62923173 0.77721775
-0.73864930 0.67408991
-0.83469434 0.55071350
-0.88857138 0.45873839
-0.89773486 0.44053618
-0.86856658 0.49557250
-0.77539855 0.63147216
-0.55348455 0.83285944
-0.26154496 0.96519129
-0.05578231 0.99844295
0.06003792 0.99819610
0.10782072 0.99417035
0.09892719 0.99509467
0.06290432 0.99801956
0.03005445 0.99954826
0.00137737 0.99999905
-0.02224671 0.99975251
-0.04010489 0.99919548
-0.05168123 0.99866363
-0.05667018 0.99839295
-0.05497894 0.99848751
-0.04672354 0.99890786
-0.03585912 0.99935686
-0.02609513 0.99965946
-0.01734324 0.99984959
-0.00952913 0.99995460
-0.00259087 0.99999664
0.00352229 0.99999380
0.00885093 0.99996083
0.01342613 0.99990987
0.01726994 0.99985086
0.02039558 0.99979199
0.02283243 0.99973931
0.02460979 0.99969713
0.02572096 0.99966916
0.02614016 0.99965829
0.02581927 0.99966663
0.02468238 0.99969534
0.02261719 0.99974420
0.01946160 0.99981061
0.01498218 0.99988776
0.00956082 0.99995429
0.00386218 0.99999254
-0.00196088 0.99999808
-0.00771459 0.99997024
-0.01317855 0.99991316
-0.01812862 0.99983566
-0.02236433 0.99974989
-0.02573464 0.99966881
-0.02815537 0.99960356
-0.02977255 0.99955670
-0.03078858 0.99952592
-0.03125538 0.99951143
-0.03122125 0.99951250
-0.03073102 0.99952769
-0.02982620 0.99955510
-0.02854522 0.99959250
-0.02692359 0.99963749
-0.02499410 0.99968760
-0.02301742 0.99973506
-0.02121645 0.99977491
-0.01956864 0.99980852
-0.01805512 0.99983699
-0.01665999 0.99986121
-0.01536977 0.99988188
-0.01417291 0.99989956
-0.01305952 0.99991472
-0.01202100 0.99992775
-0.01104993 0.99993895
-0.01013979 0.99994859
-0.00928487 0.99995689
-0.00848014 0.99996404
-0.00772114 0.99997019
-0.00700393 0.99997547
-0.00632496 0.99998000
-0.00568107 0.99998386
-0.00506941 0.99998715
-0.00448741 0.99998993
-0.00392918 0.99999228
-0.00339088 0.99999425
-0.00287324 0.99999587
-0.00237697 0.99999718
-0.00190273 0.99999819
-0.00145116 0.99999895
-0.00102288 0.99999948
-0.00061846 0.99999981
-0.00023842 0.99999997
0.00011674 0.99999999
0.00044657 0.99999990
0.00075065 0.99999972
0.00102863 0.99999947
0.00128020 0.99999918
0.00150507 0.99999887
0.00170304 0.99999855
0.00187393 0.99999824
0.00201762 0.99999796
0.00213403 0.99999772
0.00222357 0.99999753
0.00228671 0.99999739
0.00232355 0.99999730
0.00233418 0.99999728
0.00231868 0.99999731
0.00227711 0.99999741
0.00220954 0.99999756
0.00211600 0.99999776
0.00199654 0.99999801
0.00185119 0.99999829
0.00167996 0.99999859
0.00148285 0.99999890
0.00125987 0.99999921
0.00101100 0.99999949
0.00073621 0.99999973
0.00043549 0.99999991
0.00010877 0.99999999
-0.00024398 0.99999997
-0.00062283 0.99999981
-0.00102786 0.99999947
-0.00145915 0.99999894
-0.00191678 0.99999816
-0.00240087 0.99999712
-0.00291152 0.99999576
-0.00344886 0.99999405
-0.00401302 0.99999195
-0.00460414 0.99998940
-0.00522238 0.99998636
-0.00586790 0.99998278
-0.00654088 0.99997861
-0.00724150 0.99997378
-0.00796997 0.99996824
-0.00872648 0.99996192
-0.00951125 0.99995477
-0.01032453 0.99994670
-0.01116655 0.99993765
-0.01203756 0.99992755
-0.01280867 0.99991797
-0.01335004 0.99991088
-0.01366069 0.99990669
-0.01374002 0.99990560
-0.01358768 0.99990768
-0.01320368 0.99991283
-0.01258832 0.99992076
-0.01174224 0.99993106
-0.01066637 0.99994311
-0.00936198 0.99995618
-0.00783064 0.99996934
-0.00607423 0.99998155
-0.00409494 0.99999162
-0.00189528 0.99999820
0.00052197 0.99999986
0.00315370 0.99999503
0.00599653 0.99998202
0.00904678 0.99995908
0.01230051 0.99992435
0.01510248 0.99988595
0.01681227 0.99985866
0.01744071 0.99984790
0.01698900 0.99985568
0.01544871 0.99988066
0.01280158 0.99991806
0.00901913 0.99995933
0.00406214 0.99999175
-0.00212004 0.99999775
-0.00959042 0.99995401
-0.03042309 0.99953711
-0.07723313 0.99701306
-0.15033551 0.98863504
-0.24798607 0.96876360
-0.36446241 0.93121810
-0.47421156 0.88041092
-0.56029612 0.82829237
-0.62700219 0.77901749
-0.67856057 0.73454445
-0.72604350 0.68764878
-0.77877802 0.62729961
-0.83702923 0.54715817
-0.89874190 0.43847805
-0.95679923 0.29074945
-0.99110626 0.13307285
-0.99994489 0.01049818
-0.99745278 -0.07132993
-0.99366745 -0.11236106
-0.99370728 -0.11200818
-0.99606067 -0.08867433
-0.99801472 -0.06298102
-0.99939065 -0.03490463
-0.99998993 -0.00448782
-0.99960385 0.02814507
-0.99844014 0.05583268
-0.99750301 0.07062399
-0.99745969 0.07123319
-0.99840531 0.05645213
-0.99940812 0.03440064
-0.99989790 0.01428953
-0.99999414 -0.00342350
-0.99983155 -0.01835426
-0.99954346 -0.03021363
-0.99924619 -0.03882085
-0.99902679 -0.04410757
-0.99893619 -0.04611378
-0.99898803 -0.04497681
-0.99915194 -0.04117533
-0.99938484 -0.03507047
-0.99964593 -0.02660839
-0.99987782 -0.01563172
-0.99999825 -0.00187267
-0.99988652 0.01506504
-0.99936123 0.03573697
-0.99814355 0.06090535
-0.99579512 0.09160828
-0.99332492 0.11534991
-0.99317450 0.11663793
-0.99526786 0.09716936
-0.99798550 0.06344245
-0.99973085 0.02319992
-0.99983651 -0.01808208
-0.99804037 -0.06257326
-0.99343125 -0.11443052
-0.98398615 -0.17824493
-0.96558208 -0.26009854
-0.93501478 -0.35460875
-0.89349451 -0.44907411
-0.84163559 -0.54004586
-0.78119390 -0.62428846
-0.71479560 -0.69933344
-0.64544230 -0.76380903
-0.57599021 -0.81745659
-0.50877785 -0.86089785
-0.44546841 -0.89529766
-0.38581528 -0.92257605
-0.32859775 -0.94446997
-0.27342659 -0.96189287
-0.21984488 -0.97553484
-0.16736497 -0.98589501
-0.11548891 -0.99330877
-0.06371894 -0.99796788
-0.01156288 -0.99993315
0.04146203 -0.99914008
0.09582388 -0.99539830
0.15209089 -0.98836651
0.21098118 -0.97749012
0.27313171 -0.96197665
0.33908204 -0.94075681
0.40918486 -0.91245151
0.48346283 -0.87536489
0.56140370 -0.82754207
0.64170795 -0.76694909
0.72205262 -0.69183814
0.79321748 -0.60893844
0.84912605 -0.52819025
0.89194360 -0.45214667
0.92411469 -0.38211522
0.94792597 -0.31849074
0.96531444 -0.26109007
0.97782843 -0.20940763
0.98666224 -0.16278091
0.99271559 -0.12048139
0.99665290 -0.08174962
0.99897557 -0.04525268
0.99993827 -0.01111144
0.99981534 0.01921698
0.99901861 0.04429238
0.99802495 0.06281877
0.99727599 0.07376040
0.99707470 0.07643324
0.99750703 0.07056719
0.99841173 0.05633849
0.99923356 0.03914443
0.99971369 0.02392793
0.99994446 0.01053971
0.99999934 -0.00114751
0.99993682 -0.01124044
0.99980343 -0.01982660
0.99963610 -0.02697545
0.99946393 -0.03273928
0.99930956 -0.03715380
0.99919011 -0.04023831
0.99912625 -0.04179398
0.99913428 -0.04160167
0.99921180 -0.03969598
0.99934515 -0.03618394
0.99951212 -0.03123326
0.99968606 -0.02505557
0.99984001 -0.01788750
0.99995027 -0.00997237
0.99999881 -0.00154463
0.99998125 0.00612427
0.99992641 0.01213122
0.99985987 0.01674009
0.99979708 0.02014448
0.99974715 0.02248626
0.99971512 0.02386802
0.99970321 0.02436150
0.99971164 0.02401320
0.99973895 0.02284802
0.99978217 0.02087148
0.99946548 0.03269176
0.99720824 0.07467075
0.98831894 0.15239972
0.96156181 0.27458857
0.89433378 0.44740037
0.76362631 0.64565846
0.56385289 0.82587524
0.31211102 0.95004564
0.05314286 0.99858692
-0.12895672 0.99165022
-0.21464685 0.97669173
-0.23684280 0.97154799
-0.20540028 0.97867805
-0.11099867 0.99382055
0.01582857 0.99987472
0.11741938 0.99308242
0.18198703 0.98330093
0.20412586 0.97894465
0.18230198 0.98324259
0.13005506 0.99150677
0.06022252 0.99818498
-0.02769351 0.99961646
-0.13286924 0.99113358
-0.25200539 0.96772583
-0.36087517 0.93261413
-0.44233546 0.89684968
-0.50166206 0.86506368
-0.54332347 0.83952344
-0.58169102 0.81340984
-0.62908791 0.77733417
-0.68561691 0.72796254
-0.75046898 0.66090567
-0.82091920 0.57104436
-0.88671797 0.46231077
-0.93809517 0.34637762
-0.97305927 0.23055511
-0.99259772 0.12144862
-0.99972367 0.02350715
-0.99876601 -0.04966337
-0.99571773 -0.09244568
-0.99390800 -0.11021289
-0.99466710 -0.10313761
-0.99789553 -0.06484220
-0.99996445 -0.00843158
-0.99929622 0.03751082
-0.99799594 0.06327806
-0.99809499 0.06169598
-0.99892974 0.04625344
-0.99947276 0.03246833
-0.99979395 0.02029936
-0.99995285 0.00971040
-0.99999977 0.00067156
-0.99997661 -0.00683985
-0.99991758 -0.01283851
-0.99984982 -0.01733037
-0.99979369 -0.02031196
-0.99976301 -0.02176964
-0.99976499 -0.02167890
-0.99979991 -0.02000352
-0.99986063 -0.01669472
-0.99993167 -0.01169018
-0.99998793 -0.00491304
-0.99999305 0.00372920
-0.99989709 0.01434579
-0.99963371 0.02706367
-0.99929670 0.03749800
-0.99917009 0.04073250
-0.99931323 0.03705481
-0.99961446 0.02776576
-0.99989260 0.01465578
-0.99999986 -0.00052195
-0.99984478 -0.01761842
-0.99930538 -0.03726612
-0.99818364 -0.06024461
-0.99615748 -0.08758015
-0.99142581 -0.13067084
-0.97966604 -0.20063512
-0.95479125 -0.29727708
-0.90897443 -0.41685188
-0.83549460 -0.54949866
-0.74628055 -0.66563154
-0.65877225 -0.75234243
-0.57451448 -0.81849442
-0.49203936 -0.87057295
-0.41035026 -0.91192799
-0.33153863 -0.94344164
-0.25691572 -0.96643381
-0.18717591 -0.98232641
-0.12252668 -0.99246522
-0.07965447 -0.99682253
-0.07570890 -0.99712996
-0.11141605 -0.99377385
-0.18747657 -0.98226908
-0.30187527 -0.95334743
-0.42328431 -0.90599690
-0.52591216 -0.85053889
-0.61209865 -0.79078141
-0.68474180 -0.72878575
-0.74660324 -0.66526957
-0.80001225 -0.59998366
-0.84677097 -0.53195764
-0.88812053 -0.45961062
-0.92467602 -0.38075485
-0.95424564 -0.29902384
-0.97499522 -0.22222584
-0.98816840 -0.15337282
-0.99552000 -0.09455117
-0.99889710 -0.04695306
-0.99993856 -0.01108464
-0.99991581 0.01297622
-0.99967845 0.02535729
-0.99965567 0.02624025
-0.99987540 0.01578534
-0.99999847 0.00174777
-0.99996606 -0.00823887
-0.99989880 -0.01422621
-0.99986770 -0.01626598
-0.99989623 -0.01440580
-0.99996226 -0.00868800
-0.99999964 0.00084907
-0.99989964 0.01416706
-0.99951249 0.03122151
-0.99889402 0.04701846
-0.99839263 0.05667584
-0.99818173 0.06027629
-0.99832527 0.05785028
-0.99878052 0.04937081
-0.99939580 0.03475675
-0.99990359 0.01388553
-0.99991044 -0.01338343
-0.99888677 -0.04717221
-0.99705560 -0.07668206
-0.99585006 -0.09100915
-0.99594592 -0.08995403
-0.99732872 -0.07304395
-0.99921878 -0.03952007
-0.99993403 0.01148640
-0.99675316 0.08051791
-0.98595016 0.16703977
-0.96328513 0.26848048
-0.93097838 0.36507432
-0.89763480 0.44074001
-0.86740842 0.49759686
-0.84275867 0.53829158
-0.82495625 0.56519659
-0.81456178 0.58007680
-0.81175330 0.58400049
-0.81650154 0.57734325
-0.82861901 0.55981295
-0.84769851 0.53047830
-0.86945015 0.49402069
-0.88993994 0.45607775
-0.90903851 0.41671212
-0.92661868 0.37600243
-0.94255762 0.33404360
-0.95673927 0.29094669
-0.96905665 0.24683842
-0.97941436 0.20186012
-0.98773078 0.15616628
-0.99360021 0.11295404
-0.99713962 0.07558164
-0.99901802 0.04430580
-0.99981509 0.01922957
-0.99999994 0.00035459
-0.99992343 -0.01237475
-0.99981876 -0.01903823
-0.99980558 -0.01971814
-0.99989504 -0.01448858
-0.99999417 -0.00341461
-0.99995733 0.00923782
-0.99981443 0.01926405
-0.99964361 0.02669561
-0.99950172 0.03156440
-0.99942521 0.03390062
-0.99943094 0.03373136
-0.99951690 0.03108009
-0.99966281 0.02596679
-0.99983054 0.01840878
-0.99998616 0.00526184
-0.99986002 -0.01673152
-0.99885601 -0.04781907
-0.99609303 -0.08831011
-0.99036831 -0.13845798
-0.98573402 -0.16831057
-0.98914838 -0.14691997
-0.99759970 -0.06924478
-0.99741214 0.07189593
-0.96206039 0.27283659
-0.88881573 0.45826478
-0.81615561 0.57783218
-0.76022975 0.64965432
-0.72536199 0.68836763
-0.71233162 0.70184304
-0.70793286 0.70627974
-0.69834789 0.71575849
-0.68353676 0.72991609
-0.66372821 0.74797384
-0.63110959 0.77569368
-0.57400863 0.81884925
-0.48378884 0.87518475
-0.34803538 0.93748140
-0.15593463 0.98776738
0.03250787 0.99947148
0.14832778 0.98893825
0.19582843 0.98063817
0.18238202 0.98322775
0.14175769 0.98990139
0.10574962 0.99439279
0.07430151 0.99723582
0.04730586 0.99888045
0.02463491 0.99969651
0.00616416 0.99998100
-0.00821010 0.99996630
-0.01855783 0.99982779
-0.02490533 0.99968981
-0.02886154 0.99958342
-0.03202707 0.99948700
-0.03438049 0.99940882
-0.03590374 0.99935525
-0.03658224 0.99933065
-0.03640508 0.99933712
-0.03536512 0.99937446
-0.03345911 0.99944009
-0.03068781 0.99952902
-0.02705606 0.99963392
-0.02257283 0.99974520
-0.01725132 0.99985118
-0.01110892 0.99993829
-0.00416722 0.99999132
0.00354807 0.99999371
0.01200718 0.99992791
0.02117646 0.99977575
0.03101857 0.99951881
0.04149274 0.99913881
0.04810189 0.99884243
0.04650504 0.99891806
0.03676482 0.99932395
0.01878273 0.99982359
-0.00767391 0.99997056
-0.04292228 0.99907841
-0.08728145 0.99618369
-0.14094448 0.99001750
-0.20379698 0.97901317
-0.27519025 0.96138979
-0.34805306 0.93747483
-0.41605137 0.90934111
-0.47924187 0.87768288
-0.53782324 0.84305763
-0.59208061 0.80587874
-0.64233987 0.76641992
-0.68893197 0.72482600
-0.73216594 0.68112630
-0.77230803 0.63524823
-0.80917368 0.58756953
-0.84244014 0.53878995
-0.87216100 0.48921897
-0.89842841 0.43912001
-0.92136036 0.38870951
-0.94108914 0.33815857
-0.95775165 0.28759657
-0.97148136 0.23711594
-0.98240220 0.18677772
-0.99062390 0.13661731
-0.99598958 0.08946934
-0.99883858 0.04818178
-0.99991943 0.01269354
-0.99985314 -0.01713749
-0.99913933 -0.04148002
-0.99816889 -0.06048853
-0.99723794 -0.07427304
-0.99655983 -0.08287648
-0.99627296 -0.08625657
-0.99608703 -0.08837781
-0.99563583 -0.09332355
-0.99487454 -0.10111703
-0.99373909 -0.11172568
-0.99214943 -0.12505798
-0.99001494 -0.14096246
-0.98724162 -0.15922932
-0.98374060 -0.17959521
-0.97943679 -0.20175128
-0.97427690 -0.22535423
-0.96787223 -0.25144252
-0.95955615 -0.28151730
-0.94876850 -0.31597203
-0.93476594 -0.35526417
-0.91656715 -0.39988082
-0.89288938 -0.45027610
-0.86208695 -0.50676038
-0.82211805 -0.56931706
-0.77059372 -0.63732669
-0.71002206 -0.70417944
-0.64594771 -0.76338166
-0.58041041 -0.81432411
-0.51529183 -0.85701478
-0.45214472 -0.89194459
-0.39211866 -0.91991464
-0.33596696 -0.94187377
-0.28410381 -0.95879352
-0.23668204 -0.97158716
-0.19367057 -0.98106662
-0.15531190 -0.98786548
-0.12178305 -0.99255674
-0.09283772 -0.99568125
-0.06822919 -0.99766967
-0.04773418 -0.99886007
-0.03116878 -0.99951414
-0.01839929 -0.99983072
-0.00935054 -0.99995628
-0.00401332 -0.99999195
-0.00073309 -0.99999973
0.00215783 -0.99999767
0.00463555 -0.99998926
0.00667844 -0.99997770
0.00826751 -0.99996582
0.00938677 -0.99995594
0.01002350 -0.99994976
0.01016853 -0.99994830
0.00981641 -0.99995182
0.00896558 -0.99995981
0.00761840 -0.99997098
0.00578113 -0.99998329
0.00346391 -0.99999400
0.00068054 -0.99999977
-0.00255171 -0.99999674
-0.00621234 -0.99998070
-0.01027803 -0.99994718
-0.01472293 -0.99989161
-0.01951912 -0.99980948
-0.02273740 -0.99974147
-0.02254523 -0.99974582
-0.01901894 -0.99981912
-0.01218535 -0.99992576
-0.00202544 -0.99999795
0.01152200 -0.99993362
0.02855630 -0.99959219
0.04920972 -0.99878847
0.07364045 -0.99728486
0.10202239 -0.99478210
0.13453049 -0.99090945
0.17131990 -0.98521545
0.21249722 -0.97716167
0.25808269 -0.96612283
0.30796359 -0.95139814
0.36184122 -0.93223974
0.41917867 -0.90790376
0.47916081 -0.87772713
0.54068286 -0.84122651
0.59949456 -0.80037883
0.65234146 -0.75792521
0.69953300 -0.71460030
0.74148802 -0.67096611
0.77867815 -0.62742358
0.81158584 -0.58423319
0.84067588 -0.54153861
0.86637762 -0.49938944
0.88907519 -0.45776119
0.90910294 -0.41657154
0.92674419 -0.37569298
0.94223160 -0.33496209
0.95574816 -0.29418609
0.96742780 -0.25314708
0.97735536 -0.21160460
0.98556506 -0.16929709
0.99203752 -0.12594266
0.99669457 -0.08123992
0.99921894 -0.03951595
0.99998301 -0.00583002
0.99981432 0.01926962
0.99937005 0.03548943
0.99908712 0.04271918
0.99916006 0.04097767
0.99953827 0.03038511
0.99993767 0.01116471
0.99986666 -0.01632993
0.99866941 -0.05156955
0.99554927 -0.09424252
0.98942163 -0.14506841
0.97876748 -0.20497371
0.96149263 -0.27483071
0.93480997 -0.35514830
0.89525056 -0.44556306
0.83899692 -0.54413616
0.76277515 -0.64666380
0.66534850 -0.74653290
0.58529705 -0.81081895
0.56449473 -0.82543667
0.60569555 -0.79569649
0.70946358 -0.70474210
0.85643234 -0.51625927
0.95878098 -0.28414613
0.99403107 -0.10909734
0.99999116 0.00420527
0.99773812 0.06722080
0.99601874 0.08914410
0.99399970 0.10938281
0.98602530 0.16659565
0.96416004 0.26532134
0.91309128 0.40775521
0.81218426 0.58340099
0.69655367 0.71750469
0.63271265 0.77438666
0.63039321 0.77627598
0.68955230 0.72423589
0.77130422 0.63646666
0.83838151 0.54508389
0.89057421 0.45483796
0.92926116 0.36942347
0.95666614 0.29118706
0.97521309 0.22126776
0.98712807 0.15993177
0.99426789 0.10691756
0.99809428 0.06170743
0.99971883 0.02371211
0.99997123 -0.00758583
0.99948086 -0.03221825
0.99874440 -0.05009613
0.99812628 -0.06118763
0.99785378 -0.06548158
0.99801576 -0.06296455
0.99856186 -0.05361171
0.99930067 -0.03739214
0.99989791 -0.01428858
0.99995362 0.00963074
0.99959927 0.02830724
0.99912777 0.04175759
0.99874920 0.05000034
0.99859242 0.05303937
0.99870611 0.05085373
0.99905806 0.04339342
0.99953228 0.03058140
0.99992408 0.01232201
0.99993407 -0.01148294
0.99916285 -0.04090958
0.99710950 -0.07597799
0.99317791 -0.11660895
0.98669635 -0.16257404
0.97695516 -0.21344463
0.96326577 -0.26854993
0.94503908 -0.32695739
0.92187415 -0.38748941
0.89723253 -0.44155837
0.87583134 -0.48261730
0.85881826 -0.51228039
0.84684026 -0.53184732
0.84024330 -0.54220956
0.83920168 -0.54382032
0.84378357 -0.53668361
0.85395831 -0.52034143
0.86954367 -0.49385606
0.89008103 -0.45580232
0.91167940 -0.41090227
0.93079835 -0.36553308
0.94727147 -0.32043215
0.96106059 -0.27633775
0.97225006 -0.23394404
0.98102841 -0.19386400
0.98766141 -0.15660441
0.99246182 -0.12255418
0.99576042 -0.09198472
0.99789185 -0.06489875
0.99915496 -0.04110179
0.99979032 -0.02047697
0.99999579 -0.00290335
0.99993113 0.01173578
0.99972273 0.02354707
0.99946773 0.03262309
0.99923766 0.03903965
0.99908134 0.04285420
0.99902690 0.04410491
0.99908322 0.04281029
0.99924041 0.03896921
0.99946974 0.03256134
0.99972271 0.02354794
0.99992951 0.01187321
0.99999679 -0.00253381
0.99980482 -0.01975636
0.99920424 -0.03988601
0.99801244 -0.06301715
0.99651325 -0.08343470
0.99545674 -0.09521495
0.99516708 -0.09819617
0.99573409 -0.09226925
0.99700251 -0.07736919
0.99856795 -0.05349809
0.99978408 -0.02077951
0.99979066 0.02046073
0.99757495 0.06960040
0.99207620 0.12563764
0.98836991 0.15206879
0.99343748 0.11437646
0.99996859 0.00792629
0.98498469 -0.17264173
0.91248093 -0.40911924
0.79776473 -0.60296886
0.69572380 -0.71830940
0.61468327 -0.78877403
0.55154025 -0.83414828
0.49147793 -0.87089003
0.42228271 -0.90646418
0.34344832 -0.93917158
0.25506033 -0.96692514
0.15805719 -0.98742996
0.06967301 -0.99756988
0.00824542 -0.99996601
-0.02497844 -0.99968799
-0.03005638 -0.99954821
-0.02166455 -0.99976530
-0.01431886 -0.99989748
-0.00801145 -0.99996791
-0.00273510 -0.99999626
0.00151642 -0.99999885
0.00474821 -0.99998873
0.00696395 -0.99997575
0.00816586 -0.99996666
0.00835451 -0.99996510
0.00803857 -0.99996769
0.00772712 -0.99997015
0.00742019 -0.99997247
0.00711780 -0.99997467
0.00681997 -0.99997674
0.00652672 -0.99997870
0.00623807 -0.99998054
0.00595405 -0.99998227
0.00567468 -0.99998390
0.00539996 -0.99998542
0.00512994 -0.99998684
0.00486462 -0.99998817
0.00460401 -0.99998940
0.00434815 -0.99999055
0.00409705 -0.99999161
0.00385072 -0.99999259
0.00360918 -0.99999349
0.00337245 -0.99999431
0.00314054 -0.99999507
0.00291347 -0.99999576
0.00269125 -0.99999638
0.00247390 -0.99999694
0.00226143 -0.99999744
0.00205385 -0.99999789
0.00185118 -0.99999829
0.00165343 -0.99999863
0.00146061 -0.99999893
0.00127273 -0.99999919
0.00108980 -0.99999941
0.00091183 -0.99999958
0.00073884 -0.99999973
0.00057083 -0.99999984
0.00040781 -0.99999992
0.00024978 -0.99999997
0.00009676 -1.00000000
-0.00005124 -1.00000000
-0.00019423 -0.99999998
-0.00033219 -0.99999994
-0.00046511 -0.99999989
-0.00059297 -0.99999982
-0.00071575 -0.99999974
-0.00083342 -0.99999965
-0.00094598 -0.99999955
-0.00105341 -0.99999945
-0.00115570 -0.99999933
-0.00125284 -0.99999922
-0.00134482 -0.99999910
-0.00143163 -0.99999898
-0.00151328 -0.99999885
-0.00158975 -0.99999874
-0.00166105 -0.99999862
-0.00172717 -0.99999851
-0.00178813 -0.99999840
-0.00184391 -0.99999830
-0.00189454 -0.99999821
-0.00194001 -0.99999812
-0.00198034 -0.99999804
-0.00201652 -0.99999797
-0.00204961 -0.99999790
-0.00207971 -0.99999784
-0.00210689 -0.99999778
-0.00213120 -0.99999773
-0.00215269 -0.99999768
-0.00217139 -0.99999764
-0.00218730 -0.99999761
-0.00220042 -0.99999758
-0.00223185 -0.99999751
-0.00230628 -0.99999734
-0.00243400 -0.99999704
-0.00263546 -0.99999653
-0.00295089 -0.99999565
-0.00329937 -0.99999456
-0.00348599 -0.99999392
-0.00343435 -0.99999410
-0.00315059 -0.99999504
-0.00283911 -0.99999597
-0.00262514 -0.99999655
-0.00248086 -0.99999692
-0.00239156 -0.99999714
-0.00235066 -0.99999724
-0.00235800 -0.99999722
-0.00242051 -0.99999707
-0.00255571 -0.99999673
-0.00280176 -0.99999608
-0.00324660 -0.99999473
-0.00320916 -0.99999485
-0.00221731 -0.99999754
-0.00132706 -0.99999912
-0.00093709 -0.99999956
-0.00083915 -0.99999965
-0.00081873 -0.99999966
-0.00077703 -0.99999970
-0.00071354 -0.99999975
-0.00063049 -0.99999980
-0.00053840 -0.99999986
-0.00044496 -0.99999990
-0.00035016 -0.99999994
-0.00025400 -0.99999997
-0.00015649 -0.99999999
-0.00005761 -1.00000000
0.00004264 -1.00000000
0.00014425 -0.99999999
0.00024723 -0.99999997
0.00035158 -0.99999994
0.00045731 -0.99999990
0.00056442 -0.99999984
0.00067291 -0.99999977
0.00078280 -0.99999969
0.00089408 -0.99999960
0.00100677 -0.99999949
0.00112086 -0.99999937
0.00123637 -0.99999924
0.00135330 -0.99999908
0.00100722 -0.99999949
-0.00026614 -0.99999996
-0.00247383 -0.99999694
-0.00563272 -0.99998414
-0.00976975 -0.99995227
-0.01492251 -0.99988865
-0.02113995 -0.99977653
-0.02848344 -0.99959426
-0.03702803 -0.99931423
-0.04686409 -0.99890127
-0.05283144 -0.99860344
-0.04950186 -0.99877403
-0.03709914 -0.99931159
-0.01650917 -0.99986371
0.01083965 -0.99994125
0.04317094 -0.99906770
0.07859419 -0.99690669
0.11532815 -0.99332745
0.15186803 -0.98840078
0.18741381 -0.98228105
0.22427259 -0.97452645
0.26569835 -0.96405622
0.31547045 -0.94893540
0.37889186 -0.92544095
0.45454312 -0.89072474
0.53498191 -0.84486352
0.61751910 -0.78655588
0.69843227 -0.71567616
0.77281338 -0.63463335
0.83649300 -0.54797761
0.88765049 -0.46051777
0.92626227 -0.37687957
0.95371694 -0.30070583
0.97215252 -0.23434906
0.98385021 -0.17899377
0.99084683 -0.13499096
0.99476231 -0.10221517
0.99707782 -0.07639257
0.99857256 -0.05341193
0.99944863 -0.03320307
0.99987696 -0.01568675
0.99999969 -0.00078152
0.99993282 0.01159125
0.99976877 0.02150347
0.99957890 0.02901770
0.99941551 0.03418526
0.99931360 0.03704504
0.99929201 0.03762280
0.99935428 0.03593094
0.99948888 0.03196853
0.99966914 0.02572180
0.99985267 0.01716488
0.99998040 0.00626098
0.99997525 -0.00703587
0.99974053 -0.02277858
0.99915817 -0.04102386
0.99836702 -0.05712526
0.99779933 -0.06630610
0.99765227 -0.06848324
0.99797330 -0.06363404
0.99865789 -0.05179214
0.99945345 -0.03305739
0.99997098 -0.00761878
0.99970682 0.02421322
0.99807795 0.06197105
0.99447220 0.10500023
0.99243462 0.12277428
0.99631078 0.08581854
0.99994524 -0.01046508
0.98496577 -0.17274965
0.91990058 -0.39215166
0.80987998 -0.58659561
0.69900084 -0.71512085
0.59678945 -0.80239788
0.50033460 -0.86583213
0.40038260 -0.91634806
0.29559472 -0.95531344
0.19079504 -0.98162990
0.09055313 -0.99589163
-0.00162055 -0.99999869
-0.07477728 -0.99720026
-0.12022402 -0.99274679
-0.13942167 -0.99023310
-0.13351246 -0.99104713
-0.10279880 -0.99470217
-0.06265748 -0.99803509
-0.02874114 -0.99958689
-0.00109625 -0.99999940
0.02031286 -0.99979367
0.03555473 -0.99936773
0.04469373 -0.99900074
0.04776479 -0.99885861
0.04475842 -0.99899784
0.03561513 -0.99936558
0.02407727 -0.99971010
0.01397126 -0.99990240
0.00532414 -0.99998583
-0.00184098 -0.99999831
-0.00750418 -0.99997184
-0.01164815 -0.99993216
-0.01425764 -0.99989835
-0.01531910 -0.99988266
-0.01482044 -0.99989017
-0.01275094 -0.99991870
-0.00910138 -0.99995858
-0.00386424 -0.99999253
0.00296579 -0.99999560
0.01139122 -0.99993512
0.02141096 -0.99977076
0.03301933 -0.99945471
0.04620491 -0.99893198
0.06094932 -0.99814086
0.07360395 -0.99728755
0.08053917 -0.99675144
0.08177737 -0.99665062
0.07735802 -0.99700338
0.06733552 -0.99773039
0.05178492 -0.99865826
0.03081497 -0.99952511
0.00458706 -0.99998948
-0.02666188 -0.99964451
-0.06259583 -0.99803896
-0.10333139 -0.99464698
-0.14980850 -0.98871503
-0.20289424 -0.97920066
-0.26347256 -0.96466689
-0.33230861 -0.94317071
-0.40979582 -0.91217728
-0.49554231 -0.86858380
-0.58780242 -0.80900452
-0.68290734 -0.73050500
-0.76812002 -0.64030589
-0.83497314 -0.55029070
-0.88571711 -0.46422538
-0.92326568 -0.38416204
-0.95046416 -0.31083416
-0.96974368 -0.24412539
-0.98303011 -0.18344426
-0.99177803 -0.12797009
-0.99704717 -0.07679148
-0.99958028 -0.02897011
-0.99991959 0.01268158
-0.99902019 0.04425668
-0.99786797 0.06526501
-0.99715414 0.07538979
-0.99722934 0.07438852
-0.99807358 0.06204142
-0.99927166 0.03815962
-0.99999646 0.00266137
-0.99901910 -0.04428130
-0.99654386 -0.08306829
-0.99550686 -0.09468949
-0.99683565 -0.07949023
-0.99929464 -0.03755288
-0.99952524 0.03081066
-0.99561276 0.09356940
-0.99272661 0.12039056
-0.99362020 0.11277811
-0.99743890 0.07152372
-0.99999589 -0.00286623
-0.99698032 -0.07765466
-0.99246636 -0.12251741
-0.99024907 -0.13930825
-0.99174069 -0.12825911
-0.99618104 -0.08731175
-0.99992646 -0.01212734
-0.99472994 0.10252977
-0.96611403 0.25811562
-0.89635783 0.44333130
-0.79328534 0.60885004
-0.68695711 0.72669796
-0.58898936 0.80814079
-0.50264688 0.86449183
-0.42719635 0.90415888
-0.36049805 0.93275997
-0.30008996 0.95391091
-0.24349255 0.96990277
-0.18815259 0.98213981
-0.13396856 0.99098558
-0.08385987 0.99647756
-0.03946898 0.99922080
-0.00216871 0.99999765
0.02699000 0.99963570
0.04727536 0.99888190
0.05823820 0.99830272
0.05966766 0.99821830
0.05156005 0.99866990
0.03934893 0.99922553
0.02834727 0.99959814
0.01852125 0.99982847
0.00983973 0.99995159
0.00227459 0.99999741
-0.00419894 0.99999118
-0.00960213 0.99995390
-0.01395252 0.99990266
-0.01726383 0.99985097
-0.01954590 0.99980896
-0.02080453 0.99978356
-0.02104150 0.99977860
-0.02025446 0.99979486
-0.01843693 0.99983003
-0.01557822 0.99987865
-0.01166343 0.99993198
-0.00667341 0.99997773
-0.00058478 0.99999983
0.00663007 0.99997802
0.01378449 0.99990499
0.01963401 0.99980723
0.02413381 0.99970874
0.02725440 0.99962853
0.02898191 0.99957994
0.02931799 0.99957014
0.02827947 0.99960006
0.02589762 0.99966460
0.02221732 0.99975316
0.01729583 0.99985042
0.01032045 0.99994674
0.00037876 0.99999993
-0.01269554 0.99991941
-0.02918370 0.99957407
-0.04949489 0.99877438
-0.04719536 0.99888568
0.00749642 0.99997190
0.12025100 0.99274352
0.29069494 0.95681579
0.46646567 0.88453930
0.60342602 0.79741899
0.70584654 0.70836478
0.78156161 0.62382806
0.83792737 0.54578175
0.88060374 0.47385340
0.91359778 0.40661910
0.93962765 0.34219859
0.96045421 0.27843799
0.97708304 0.21285849
0.98901553 0.14781164
0.99602315 0.08909482
0.99925182 0.03867553
0.99999798 -0.00201150
0.99948717 -0.03202196
0.99870938 -0.05078948
0.99831655 -0.05800049
0.99856785 -0.05350004
0.99930583 -0.03725394
0.99985304 -0.01714357
0.99999950 -0.00100421
0.99993749 0.01118076
0.99981105 0.01943873
0.99971676 0.02379926
0.99970499 0.02428848
0.99978102 0.02092624
0.99990580 0.01372585
0.99999636 0.00269641
0.99992616 -0.01215239
0.99964651 -0.02658669
0.99933740 -0.03639717
0.99913405 -0.04160702
0.99910777 -0.04223343
0.99926695 -0.03828266
0.99955738 -0.02974954
0.99986186 -0.01662114
0.99999938 0.00111510
0.99972480 0.02345893
0.99871019 0.05077366
0.99651964 0.08335829
0.99265016 0.12101929
0.98655460 0.16343199
0.97767785 0.21010956
0.96550537 0.26038313
0.94962073 0.31340145
0.92976385 0.36815647
0.90587886 0.42353689
0.87813959 0.47840449
0.84319651 0.53760547
0.79270863 0.60960071
0.71555886 0.69855245
0.59233493 0.80569184
0.39389062 0.91915732
0.16373057 0.98650509
-0.00091814 0.99999958
-0.08581055 0.99631147
-0.09797961 0.99518842
-0.07351875 0.99729384
-0.04385005 0.99903812
-0.00887653 0.99996060
0.03150730 0.99950352
0.07736798 0.99700261
0.10895158 0.99404706
0.10698696 0.99426042
0.07102917 0.99747424
-0.00066461 0.99999978
-0.10919115 0.99402077
-0.22933117 0.97334846
-0.33596932 0.94187293
-0.42891463 0.90334503
-0.50922848 0.86063137
-0.57856376 0.81563716
-0.63872204 0.76943756
-0.69141234 0.72246036
-0.73814601 0.67464099
-0.78020596 0.62552271
-0.82225338 0.56912159
-0.86726419 0.49784819
-0.91278742 0.40843496
-0.95452908 0.29811782
-0.98610566 0.16611931
-0.99919397 0.04014240
-0.99874942 -0.04999591
-0.99456109 -0.10415488
-0.99218489 -0.12477639
-0.99349439 -0.11388109
-0.99600650 -0.08928078
-0.99768314 -0.06803200
-0.99874811 -0.05002213
-0.99938218 -0.03514624
-0.99972819 -0.02331418
-0.99989551 -0.01445571
-0.99996367 -0.00852416
-0.99998488 -0.00549922
-0.99998548 -0.00538901
-0.99997776 -0.00666874
-0.99996965 -0.00779067
-0.99996171 -0.00875118
-0.99995443 -0.00954697
-0.99994823 -0.01017510
-0.99994347 -0.01063303
-0.99994039 -0.01091857
-0.99993917 -0.01102996
-0.99993987 -0.01096586
-0.99994248 -0.01072533
-0.99994687 -0.01030790
-0.99995282 -0.00971352
-0.99996001 -0.00894259
-0.99996803 -0.00799595
-0.99997637 -0.00687491
-0.99998443 -0.00558117
-0.99999153 -0.00411691
-0.99999691 -0.00248470
-0.99999966 -0.00082542
-0.99999974 0.00072263
-0.99999767 0.00216038
-0.99999391 0.00348874
-0.99998891 0.00470857
-0.99998306 0.00582066
-0.99997670 0.00682579
-0.99997016 0.00772467
-0.99996372 0.00851799
-0.99995762 0.00920637
-0.99995207 0.00979040
-0.99994726 0.01027063
-0.99994331 0.01064757
-0.99994036 0.01092166
-0.99993847 0.01109335
-0.99993769 0.01116299
-0.99993805 0.01113094
-0.99993953 0.01099748
-0.99994208 0.01076287
-0.99994164 0.01080400
-0.99993390 0.01149768
-0.99991748 0.01284659
-0.99988963 0.01485674
-0.99984621 0.01753755
-0.99978153 0.02090196
-0.99968829 0.02496645
-0.99955733 0.02975128
-0.99937745 0.03528057
-0.99913507 0.04158255
-0.99848431 0.05503702
-0.99661682 0.08218833
-0.99238281 0.12319233
-0.98406105 0.17783094
-0.96948261 0.24516008
-0.94635384 0.32313217
-0.91281347 0.40837676
-0.86810815 0.49637509
-0.81308619 0.58214332
-0.76899761 0.63925166
-0.75643008 0.65407457
-0.77572460 0.63107158
-0.82744293 0.56154981
-0.90696261 0.42121115
-0.97239436 0.23334356
-0.99752393 0.07032781
-0.99899710 -0.04477499
-0.99413743 -0.10812382
-0.99220903 -0.12458430
-0.99240737 -0.12299433
-0.99180707 -0.12774483
-0.99034439 -0.13862896
-0.98776885 -0.15592530
-0.98359460 -0.18039308
-0.97476627 -0.22322794
-0.95496157 -0.29672949
-0.91539621 -0.40255408
-0.84362418 -0.53693411
-0.74500582 -0.66705797
-0.64136682 -0.76723439
-0.54169167 -0.84057726
-0.45069290 -0.89267906
-0.36984015 -0.92909540
-0.29876077 -0.95432804
-0.23624961 -0.97169240
-0.18082419 -0.98351544
-0.13096771 -0.99138663
-0.08558130 -0.99633119
-0.04537590 -0.99896998
-0.01138005 -0.99993525
0.01565336 -0.99987748
0.03524020 -0.99937887
0.04713475 -0.99888854
0.05129210 -0.99868369
0.04783558 -0.99885522
0.03703594 -0.99931393
0.01390099 -0.99990338
-0.02730588 -0.99962712
-0.08807382 -0.99611395
-0.17040132 -0.98537475
-0.27563877 -0.96126129
-0.40229730 -0.91550908
-0.54307266 -0.83968571
-0.68341217 -0.73003274
-0.80542369 -0.59269948
-0.89645612 -0.44313252
-0.94728354 -0.32039645
-0.97135800 -0.23762080
-0.98370419 -0.17979450
-0.99038301 -0.13835276
-0.99403567 -0.10905543
-0.99861805 -0.05255460
-0.99992633 -0.01213819
-0.99999247 -0.00388128
-0.99999256 -0.00385656
-0.99994935 -0.01006449
-0.99980128 -0.01993504
-0.99950269 -0.03153373
-0.99914772 -0.04127757
-0.99889561 -0.04698477
-0.99690535 -0.07861127
0.96816762 -0.25030273
0.92441760 -0.38138182
-0.99328380 -0.11570349
-0.99509988 -0.09887478
-0.99303744 -0.11779917
-0.99036045 -0.13851418
-0.98695738 -0.16098174
-0.98271330 -0.18513394
-0.97751408 -0.21087016
-0.97125162 -0.23805521
-0.96382968 -0.26651895
-0.95517002 -0.29605782
-0.94521849 -0.32643836
-0.93419072 -0.35677401
-0.92235181 -0.38635106
-0.90973987 -0.41517873
-0.89638857 -0.44326915
-0.88232712 -0.47063664
-0.86758032 -0.49729708
-0.85216862 -0.52326728
-0.83610827 -0.54856445
-0.81941151 -0.57320570
-0.80208674 -0.59720756
-0.78413871 -0.62058560
-0.76556880 -0.64335404
-0.74637523 -0.66552536
-0.72655336 -0.68711005
-0.70609589 -0.70811622
-0.68499325 -0.72854941
-0.66323382 -0.74841225
-0.64080433 -0.76770425
-0.61769017 -0.78642155
-0.59387580 -0.80455673
-0.56934517 -0.82209858
-0.54408216 -0.83903194
-0.51807109 -0.85533756
-0.49129725 -0.87099197
-0.46374750 -0.88596741
-0.43541087 -0.90023184
-0.40627929 -0.91374895
-0.37634823 -0.92647828
-0.34561755 -0.93837546
-0.31409216 -0.94939250
-0.28178288 -0.95947819
-0.24870719 -0.96857872
-0.21488994 -0.97663827
-0.18036405 -0.98359992
-0.14517107 -0.98940657
-0.10936164 -0.99400203
-0.07299579 -0.99733225
-0.03778440 -0.99928591
-0.00463508 -0.99998926
0.02755204 -0.99962037
0.05991683 -0.99820337
0.09378050 -0.99559290
0.12257658 -0.99245906
0.13407612 -0.99097104
0.12961086 -0.99156494
0.11640616 -0.99320169
0.10068568 -0.99491828
0.11183496 -0.99372679
0.21281761 -0.97709194
0.40311645 -0.91514869
0.34158359 -0.93985140
0.29609770 -0.95515766
0.26268256 -0.96488231
0.23886932 -0.97105172
0.22061504 -0.97536096
0.20547780 -0.97866178
0.18123277 -0.98344023
0.13956150 -0.99021341
0.09187072 -0.99577094
0.05096695 -0.99870034
0.02222343 -0.99975303
0.00612116 -0.99998127
-0.03431207 -0.99941117
-0.01970369 0.99980586
-0.07900956 0.99687386
-0.03414877 -0.99941676
-0.03526917 -0.99937785
-0.02811811 -0.99960461
-0.01271414 -0.99991917
0.01094619 -0.99994009
0.04284094 -0.99908191
0.08285067 -0.99656197
0.13066479 -0.99142660
0.18567696 -0.98261084
0.24689101 -0.96904326
0.30876287 -0.95113905
0.36718890 -0.93014639
0.42294538 -0.90615518
0.47672189 -0.87905417
0.52911359 -0.84855101
0.58061128 -0.81418090
0.63158372 -0.77530769
0.68224669 -0.73112205
0.73261380 -0.68064456
0.78242456 -0.62274538
0.82855348 -0.55990993
0.86807677 -0.49642997
0.90106077 -0.43369284
0.92788444 -0.37286788
0.94913947 -0.31485593
0.96553182 -0.26028504
0.97780037 -0.20953862
0.98665898 -0.16280068
0.99276110 -0.12010575
0.99661214 -0.08224502
0.99874223 -0.05013948
0.99971571 -0.02384307
0.99999447 -0.00332586
0.99993404 0.01148507
0.99978625 0.02067476
0.99970424 0.02431932
0.99974744 0.02247365
0.99988497 0.01516714
0.99998269 0.00588320
0.99999817 -0.00191315
0.99996609 -0.00823555
0.99991427 -0.01309365
0.99986399 -0.01649254
0.99983011 -0.01843230
0.99982123 -0.01890763
0.99983965 -0.01790757
0.99988118 -0.01541532
0.99995572 -0.00941069
0.99999770 0.00214528
0.99981415 0.01927888
0.99911882 0.04197122
0.99753756 0.07013431
0.99462096 0.10358160
0.98986716 0.14199647
0.98275659 0.18490396
0.97279845 0.23165314
0.95958538 0.28141767
0.94326909 0.33202924
0.92394330 0.38252945
0.90106347 0.43368724
0.87387933 0.48614291
0.84141366 0.54039158
0.80243971 0.59673320
0.75547264 0.65518019
0.69880216 0.71531500
0.63060923 0.77610051
0.55558092 0.83146247
0.48145032 0.87647338
0.41059785 0.91181654
0.34473119 0.93870145
0.28489739 0.95855802
0.23160333 0.97281031
0.18497312 0.98274358
0.14489618 0.98944686
0.11114637 0.99380405
0.08346933 0.99651035
0.06062634 0.99816053
0.04158530 0.99913496
0.02639953 0.99965147
0.01510547 0.99988591
0.00773287 0.99997010
0.00431255 0.99999070
0.00488173 0.99998808
0.00948675 0.99995500
0.01818289 0.99983468
0.04860357 0.99881815
0.11947897 0.99283673
0.23151451 0.97283145
0.37919352 0.92531739
0.54439947 0.83882609
0.67907116 0.73407244
0.76861848 0.63970746
0.83046424 0.55707193
0.87563291 0.48297724
0.91083580 0.41276887
0.93978778 0.34175859
0.96267164 0.27067197
0.97932878 0.20227492
0.99027050 0.13915577
0.99651348 0.08343196
0.99932969 0.03660845
0.99999992 -0.00041208
0.99962946 -0.02722019
0.99904221 -0.04375688
0.99861611 -0.05259157
0.99841198 -0.05633404
0.99847992 -0.05511670
0.99879856 -0.04900441
0.99927778 -0.03799885
0.99975696 -0.02204610
0.99999945 -0.00104795
0.99968440 0.02512159
0.99839733 0.05659312
0.99665690 0.08170078
0.99606491 0.08862672
0.99703333 0.07697101
0.99894726 0.04587335
0.99998294 -0.00584097
0.99686511 -0.07911984
0.98481423 -0.17361142
0.95818408 -0.28615252
0.91227527 -0.40957762
0.85241001 -0.52287395
0.78866952 -0.61481736
0.72377501 -0.69003604
0.65853899 -0.75254660
0.59261665 -0.80548464
0.52494654 -0.85113520
0.45395943 -0.89102235
0.37764437 -0.92595072
0.29354527 -0.95594517
0.19876517 -0.98004714
0.10358124 -0.99462100
0.02384379 -0.99971570
-0.03707886 -0.99931234
-0.07778171 -0.99697041
-0.09798492 -0.99518790
-0.09781013 -0.99520509
-0.07739864 -0.99700023
-0.03691294 -0.99931849
0.02309647 -0.99973324
0.06140152 -0.99811315
0.03856446 -0.99925611
-0.04828908 -0.99883340
-0.20318291 -0.97914080
-0.41381387 -0.91036151
-0.59983510 -0.80012365
-0.72296122 -0.69088862
-0.80624147 -0.59158659
-0.86578493 -0.50041629
-0.91137965 -0.41156667
-0.94698000 -0.32129251
-0.97216193 -0.23430999
-0.98789484 -0.15512505
-0.99619406 -0.08716300
-0.99946918 -0.03257851
-0.99997158 0.00753934
-0.99946230 0.03278881
-0.99907105 0.04309326
-0.99926042 0.03845271
-0.99964100 0.02679323
-0.99987105 0.01605899
-0.99998043 0.00625590
-0.99999659 -0.00261206
-0.99994443 -0.01054242
-0.99984627 -0.01753388
-0.99972181 -0.02358603
-0.99958810 -0.02869902
-0.99945952 -0.03287337
-0.99934783 -0.03610974
-0.99926211 -0.03840875
-0.99920882 -0.03977091
-0.99919180 -0.04019646
-0.99921223 -0.03968536
-0.99926869 -0.03823727
-0.99935713 -0.03585153
-0.99947085 -0.03252727
-0.99960051 -0.02826350
-0.99973410 -0.02305918
-0.99984546 -0.01758023
-0.99992195 -0.01249380
-0.99996957 -0.00780062
-0.99999387 -0.00350127
-0.99999992 0.00040385
-0.99999234 0.00391446
-0.99997529 0.00703038
-0.99995245 0.00975151
-0.99992706 0.01207779
-0.99990187 0.01400920
-0.99987916 0.01554573
-0.99986076 0.01668739
-0.99984801 0.01743416
-0.99984182 0.01778601
-0.99984258 0.01774291
-0.99985026 0.01730478
-0.99986434 0.01647154
-0.99988382 0.01524306
-0.99990425 0.01383814
-0.99992218 0.01247566
-0.99993777 0.01115566
-0.99995121 0.00987816
-0.99996265 0.00864319
-0.99997224 0.00745079
-0.99998015 0.00630096
-0.99998651 0.00519373
-0.99999148 0.00412912
-0.99999517 0.00310716
-0.99999774 0.00212785
-0.99999929 0.00119121
-0.99999996 0.00029725
-0.99999985 -0.00055401
-0.99999907 -0.00136256
-0.99999773 -0.00212840
-0.99999593 -0.00285151
-0.99999376 -0.00353189
-0.99999131 -0.00416953
-0.99998865 -0.00476442
-0.99998587 -0.00531656
-0.99998303 -0.00582595
-0.99998020 -0.00629258
-0.99997744 -0.00671645
-0.99997481 -0.00709757
-0.99997235 -0.00743591
-0.99997011 -0.00773150
-0.99996812 -0.00798433
-0.99996643 -0.00819439
-0.99996504 -0.00836169
-0.99996399 -0.00848624
-0.99996329 -0.00856803
-0.99996296 -0.00860707
-0.99996299 -0.00860336
-0.99996339 -0.00855691
-0.99996415 -0.00846772
-0.99996526 -0.00833579
-0.99996670 -0.00816113
-0.99996955 -0.00780362
-0.99997463 -0.00712302
-0.99998128 -0.00611903
-0.99998852 -0.00479116
-0.99999507 -0.00313873
-0.99999933 -0.00116091
-0.99999935 0.00114333
-0.99999287 0.00377517
-0.99997731 0.00673594
-0.99994973 0.01002711
-0.99989497 0.01449332
-0.99977985 0.02098199
-0.99956483 0.02949832
-0.99919785 0.04004580
-0.99861436 0.05262464
-0.99773752 0.06722974
-0.99647852 0.08384839
-0.99473737 0.10245758
-0.99240405 0.12302111
-0.98900008 0.14791501
-0.98382690 0.17912182
-0.97643911 0.21579309
-0.96645796 0.25682486
-0.95364908 0.30092098
-0.93532713 0.35378405
-0.90539987 0.42455987
-0.85540630 0.51795759
-0.76998659 0.63806007
-0.64873382 0.76101539
-0.51648034 0.85629905
-0.38895513 0.92125670
-0.27750381 0.96072454
-0.18724204 0.98231381
-0.11884688 0.99291259
-0.07098214 0.99747759
-0.04193916 0.99912017
-0.03046046 0.99953597
-0.02759085 0.99961930
-0.02483337 0.99969160
-0.02218869 0.99975380
-0.01965741 0.99980677
-0.01724013 0.99985138
-0.01493742 0.99988843
-0.01274981 0.99991872
-0.01067782 0.99994299
-0.00872193 0.99996196
-0.00688260 0.99997631
-0.00516028 0.99998669
-0.00355538 0.99999368
-0.00206829 0.99999786
-0.00069940 0.99999976
0.00055094 0.99999985
0.00168240 0.99999858
0.00269464 0.99999637
0.00358738 0.99999357
0.00436033 0.99999049
0.00501321 0.99998743
0.00554578 0.99998462
0.00595781 0.99998225
0.00624906 0.99998047
0.00641935 0.99997940
0.00646847 0.99997908
0.00639625 0.99997954
0.00620254 0.99998076
0.00588719 0.99998267
0.00545008 0.99998515
0.00489109 0.99998804
0.00421013 0.99999114
0.00340712 0.99999420
0.00248200 0.99999692
0.00143473 0.99999897
0.00026528 0.99999996
-0.00102635 0.99999947
-0.00244015 0.99999702
-0.00397608 0.99999210
-0.00549290 0.99998491
-0.00684928 0.99997654
-0.00804507 0.99996764
-0.00908016 0.99995877
-0.00995443 0.99995045
-0.01066780 0.99994310
-0.01122023 0.99993705
-0.01161167 0.99993258
-0.01184210 0.99992988
-0.01191153 0.99992906
-0.01181998 0.99993014
-0.01156749 0.99993309
-0.01115413 0.99993779
-0.01057997 0.99994403
-0.00984511 0.99995154
-0.00894968 0.99995995
-0.00789382 0.99996884
-0.00667769 0.99997770
-0.00530148 0.99998595
-0.00376541 0.99999291
-0.00206972 0.99999786
-0.00021468 0.99999998
0.00179942 0.99999838
0.00397223 0.99999211
0.00630341 0.99998013
0.00879254 0.99996134
0.01143918 0.99993457
0.01424285 0.99989857
0.01720304 0.99985202
0.02031915 0.99979354
0.02359057 0.99972170
0.02701662 0.99963498
0.03059658 0.99953182
0.03432965 0.99941056
0.03821497 0.99926954
0.04225162 0.99910700
0.04643863 0.99892114
0.05077492 0.99871012
0.05489661 0.99849204
0.05844813 0.99829045
0.06143861 0.99811086
0.06387425 0.99795796
0.06575822 0.99783559
0.06709070 0.99774688
0.06786880 0.99769425
0.06808641 0.99767943
0.06773409 0.99770341
0.06679887 0.99776646
0.04918420 0.99878972
0.03336882 -0.99944311
0.03112071 -0.99951563
0.02821998 0.99960174
0.02464453 0.99969628
0.01760084 0.99984509
0.00864996 0.99996259
-0.00204093 0.99999792
-0.01416409 0.99989968
-0.02473282 0.99969410
-0.03106434 0.99951739
-0.03320358 0.99944861
-0.03117796 0.99951385
-0.02499610 0.99968755
-0.01464951 0.99989269
-0.00011744 0.99999999
0.01862511 0.99982654
0.04159589 0.99913452
0.06879028 0.99763114
0.09775494 0.99521052
0.12604836 0.99202410
0.15366085 0.98812365
0.18058863 0.98355872
0.20683316 0.97837623
0.23240056 0.97262016
0.25730094 0.96633132
0.28154785 0.95954719
0.30515777 0.95230181
0.32753450 0.94483922
0.34807617 0.93746625
0.36680131 0.93029931
0.38373736 0.92344228
0.39891775 0.91698671
0.41237923 0.91101228
0.42415966 0.90558743
0.43429600 0.90077022
0.44282279 0.89660915
0.44977084 0.89314399
0.45516614 0.89040653
0.45902914 0.88842121
0.46137408 0.88720570
0.46220859 0.88677123
0.46153342 0.88712282
0.45934231 0.88825933
0.45562198 0.89017336
0.45035234 0.89285092
0.44350679 0.89627101
0.43539610 0.90023899
0.42634281 0.90456167
0.41633387 0.90921180
0.40535727 0.91415835
0.39340253 0.91936633
0.38046131 0.92479684
0.36652799 0.93040703
0.35160036 0.93615019
0.33568030 0.94197597
0.31877446 0.94783060
0.30089496 0.95365729
0.28206005 0.95939675
0.26229467 0.96498783
0.24163100 0.97036821
0.22010877 0.97547534
0.19777554 0.98024733
0.17468671 0.98462407
0.15090536 0.98854821
0.12790119 0.99178692
0.10690203 0.99426956
0.08764254 0.99615199
0.06989091 0.99755464
0.05344291 0.99857091
0.03790232 0.99928145
0.02320843 0.99973065
0.00965796 0.99995336
-0.00249370 0.99999689
-0.01304786 0.99991487
-0.02201529 0.99975763
-0.02965724 0.99956013
-0.03615463 0.99934621
-0.04163868 0.99913273
-0.04619947 0.99893223
-0.02174569 0.99976353
-0.01960946 0.99980772
-0.04438626 0.99901444
-0.07272421 0.99735209
-0.06610120 0.99781292
-0.05929960 0.99824023
-0.05227296 0.99863283
-0.04497614 0.99898806
-0.03736389 0.99930173
-0.02938965 0.99956803
-0.02100444 0.99977938
-0.01215582 0.99992612
-0.00278683 0.99999612
0.00716515 0.99997433
0.01776962 0.99984211
0.02910437 0.99957638
0.04125704 0.99914857
0.05432698 0.99852320
0.06842740 0.99765610
0.08368783 0.99649202
0.10025710 0.99496156
0.11830671 0.99297710
0.13803474 0.99042739
0.17328032 0.98487255
0.23762091 0.97135797
0.32848460 0.94450933
0.43858059 0.89869187
0.55560672 0.83144523
0.64575536 0.76354438
0.69740975 0.71667261
0.72288984 0.69096330
0.72747848 0.68613050
0.71060247 0.70359372
0.66445846 0.74732520
0.57772886 0.81622874
0.44263226 0.89670323
0.26608805 0.96394873
0.07633469 0.99708225
-0.08037239 0.99676491
-0.20482485 0.97879864
-0.32293413 0.94642144
-0.45754899 0.88918441
-0.59775370 0.80167981
-0.69700944 0.71706195
-0.74483169 0.66725239
-0.74579636 0.66617400
-0.70694936 0.70726417
-0.66213763 0.74938225
-0.63654353 0.77124078
-0.62669473 0.77926486
-0.63252757 0.77453784
-0.66979127 0.74254943
-0.75545532 0.65520017
-0.87632131 0.48172707
-0.97675217 0.21437163
-0.99704709 -0.07679254
-0.95978038 -0.28075188
-0.91362257 -0.40656340
-0.86608861 -0.49989051
-0.81057222 -0.58563869
-0.74792022 -0.66378863
-0.70061952 -0.71353507
-0.68500123 -0.72854191
-0.70819033 -0.70602157
-0.76376318 -0.64549656
-0.82103431 -0.57087885
-0.86497270 -0.50181891
-0.90050246 -0.43485091
-0.93049288 -0.36630997
-0.95640939 -0.29202923
-0.97627437 -0.21653719
-0.98866585 -0.15013274
-0.99540006 -0.09580563
-0.99846227 -0.05543549
-0.99955077 -0.02997102
-0.99980562 -0.01971581
-0.99969817 -0.02456746
-0.99902565 -0.04413337
-0.99697602 -0.07770978
-0.99395317 -0.10980482
-0.99198411 -0.12636265
-0.99175406 -0.12815569
-0.99332018 -0.11539069
-0.99614572 -0.08771381
-0.99901760 -0.04431517
-0.99987485 0.01582043
-0.99562662 0.09342183
-0.98214753 0.18811229
-0.95477202 0.29733883
-0.91422506 0.40520679
-0.86615173 0.49978113
-0.81268172 0.58270784
-0.75489532 0.65584530
-0.69301534 0.72092283
-0.62657905 0.77935787
-0.55455754 0.83214538
-0.47543133 0.87975283
-0.38725699 0.92197181
-0.29567877 0.95528742
-0.21064889 0.97756179
-0.13544478 0.99078490
-0.07197010 0.99740679
-0.02098768 0.99977973
0.01748756 0.99984708
0.04381678 0.99903958
0.05846504 0.99828946
0.06183654 0.99808629
0.05419783 0.99853022
0.04183388 0.99912458
0.03089416 0.99952266
0.02133296 0.99977243
0.01311225 0.99991403
0.00620199 0.99998077
0.00058050 0.99999983
-0.00376529 0.99999291
-0.00683943 0.99997661
-0.00863655 0.99996270
-0.00967097 0.99995324
-0.01046112 0.99994528
-0.01100123 0.99993948
-0.01128658 0.99993630
-0.01131359 0.99993600
-0.01107982 0.99993862
-0.01058406 0.99994399
-0.00982632 0.99995172
-0.00880785 0.99996121
-0.00753116 0.99997164
-0.00599994 0.99998200
-0.00421911 0.99999110
-0.00219470 0.99999759
0.00006614 1.00000000
0.00255525 0.99999674
0.00526354 0.99998615
0.00818106 0.99996653
0.01129709 0.99993619
0.01989845 0.99980201
0.03935736 0.99922520
0.07005175 0.99754336
0.11263038 0.99363695
0.16785178 0.98581224
0.23629379 0.97168166
0.31787264 0.94813342
0.41116484 0.91156101
0.51270081 0.85856734
0.61668376 0.78721099
0.70845194 0.70575906
0.78075265 0.62484022
0.83752170 0.54640406
0.88221261 0.47085126
0.91753622 0.39765221
0.94546022 0.32573757
0.96728276 0.25370072
0.98368943 0.17987526
0.99474949 0.10233989
0.99953104 0.03062184
0.99974596 -0.02253903
0.99845942 -0.05548683
0.99772759 -0.06737697
0.99833925 -0.05760849
0.99931940 -0.03688828
0.99986513 -0.01642309
0.99999339 0.00363608
0.99973214 0.02314402
0.99911908 0.04196506
0.99857674 0.05333379
0.99871321 0.05071419
0.99939339 0.03482604
0.99997557 0.00698930
0.99952091 -0.03095082
0.99672622 -0.08085071
0.98889896 -0.14858955
0.97087936 -0.23956890
0.93267414 -0.36072005
0.86862596 -0.49546840
0.78692388 -0.61705009
0.69462344 -0.71937353
0.59940878 -0.80044307
0.50746324 -0.86167341
0.42263697 -0.90629907
0.34669153 -0.93797920
0.27996644 -0.96000979
0.22201348 -0.97504360
0.17204287 -0.98508946
0.12851600 -0.99170744
0.09071339 -0.99587704
0.05886325 -0.99826606
0.03306710 -0.99945313
0.01335118 -0.99991087
-0.00029029 -0.99999996
-0.00786212 -0.99996909
-0.00934521 -0.99995633
-0.00468334 -0.99998903
0.00248284 -0.99999692
0.00843383 -0.99996443
0.01314261 -0.99991363
0.01658747 -0.99986242
0.01875191 -0.99982417
0.01962456 -0.99980742
0.01919914 -0.99981568
0.01747449 -0.99984731
0.01445460 -0.99989553
0.01014871 -0.99994850
0.00457145 -0.99998955
-0.00225695 -0.99999745
-0.01031054 -0.99994684
-0.01955740 -0.99980874
-0.02995950 -0.99955111
-0.04147255 -0.99913964
-0.05404598 -0.99853845
-0.06762297 -0.99771095
-0.07681146 -0.99704564
-0.07642365 -0.99707544
-0.06653199 -0.99778429
-0.04698846 -0.99889543
-0.01746007 -0.99984756
0.01199393 -0.99992807
0.03094278 -0.99952116
0.03917596 -0.99923233
0.03628242 -0.99934158
0.02157396 -0.99976726
-0.02107137 -0.99977797
-0.10883367 -0.99405997
-0.24027475 -0.97070492
-0.40250924 -0.91541592
-0.56861823 -0.82260155
-0.68265519 -0.73074065
-0.73736136 -0.67549850
-0.75591986 -0.65466417
-0.74386892 -0.66832555
-0.70335864 -0.71083516
-0.63617660 -0.77154348
-0.53842735 -0.84267193
-0.41394208 -0.91030322
-0.27700089 -0.96086966
-0.15109184 -0.98851973
-0.03957962 -0.99921642
0.06710656 -0.99774581
0.17734449 -0.98414884
0.29918461 -0.95419525
0.41903233 -0.90797132
0.51394894 -0.85782078
0.58196457 -0.81321414
0.62452484 -0.78100495
0.64384969 -0.76515199
0.64118309 -0.76738793
0.61603380 -0.78771972
0.56620575 -0.82426395
0.48874235 -0.87242817
0.39968642 -0.91665193
0.31832327 -0.94798222
0.24610043 -0.96924433
0.18336802 -0.98304434
0.12982664 -0.99153671
0.08487507 -0.99639160
0.04783958 -0.99885503
0.01811149 -0.99983597
-0.00477284 -0.99998861
-0.02108039 -0.99977778
-0.03062166 -0.99953105
-0.03281605 -0.99946141
-0.02735378 -0.99962582
-0.01419237 -0.99989928
0.00641835 -0.99997940
0.03392005 -0.99942455
0.06744895 -0.99772273
0.10587035 -0.99437994
0.14785092 -0.98900966
0.15065231 -0.98858681
0.06958662 -0.99757591
-0.11971614 -0.99280816
-0.43600514 -0.89994418
-0.77040513 -0.63755466
0.17362430 0.98481196
0.64795998 0.76167439
-0.14727938 -0.98909493
-0.70449408 -0.70970986
-0.79770721 -0.60304494
-0.81957763 -0.57296815
-0.79815985 -0.60244573
-0.72520235 -0.68853580
-0.56094189 -0.82785518
-0.33316919 -0.94286706
-0.15241793 -0.98831613
-0.04251017 -0.99909603
-0.00047357 -0.99999989
0.00827359 -0.99996577
0.01430939 -0.99989762
0.01766636 -0.99984394
0.01836570 -0.99983134
0.01641655 -0.99986524
0.01181581 -0.99993019
0.00454877 -0.99998965
-0.00540951 -0.99998537
-0.01809213 -0.99983632
-0.03353726 -0.99943747
-0.05137776 -0.99867929
-0.07124056 -0.99745916
-0.09315167 -0.99565193
-0.11712747 -0.99311689
-0.14317023 -0.98969808
-0.17126296 -0.98522535
-0.20136385 -0.97951651
-0.23340043 -0.97238071
-0.26726392 -0.96362337
-0.30059626 -0.95375148
-0.33110852 -0.94359268
-0.35879869 -0.93341497
-0.38370087 -0.92345744
-0.40587505 -0.91392858
-0.42539787 -0.90500644
-0.44235464 -0.89684021
-0.45683274 -0.88955261
-0.46891634 -0.88324259
-0.47868230 -0.87798819
-0.48622034 -0.87383624
-0.49160682 -0.87081728
-0.49488094 -0.86896079
-0.49606766 -0.86828387
-0.49517712 -0.86879204
-0.49220451 -0.87047959
-0.48713020 -0.87332936
-0.47992039 -0.87731204
-0.47052799 -0.88238507
-0.45972504 -0.88806131
-0.44831332 -0.89387648
-0.43628183 -0.89981007
-0.42362036 -0.90583983
-0.41031980 -0.91194170
-0.39637234 -0.91808985
-0.38177179 -0.92425662
-0.36651381 -0.93041261
-0.35059625 -0.93652671
-0.33401942 -0.94256619
-0.31678643 -0.94849689
-0.29890342 -0.95428337
-0.28037989 -0.95988912
-0.26122894 -0.96527687
-0.24146750 -0.97040891
-0.22111649 -0.97524740
-0.20020097 -0.97975485
-0.17875021 -0.98389449
-0.15679767 -0.98763075
-0.13424039 -0.99094880
-0.11088879 -0.99383282
-0.08664858 -0.99623894
-0.06142407 -0.99811176
-0.03511856 -0.99938315
-0.00763493 -0.99997085
0.02112320 -0.99977688
0.05124986 -0.99868586
0.08283434 -0.99656333
0.09654247 -0.99532887
0.07285467 -0.99734257
0.01249565 -0.99992193
-0.08127640 -0.99669160
-0.20031631 -0.97973128
-0.14851412 -0.98891029
0.36174457 -0.93227725
0.55157687 -0.83412407
0.60789797 -0.79401515
0.92424475 -0.38180053
0.76577374 -0.64311008
0.45416913 -0.89091549
0.52266304 -0.85253935
0.37476315 -0.92712059
0.14823279 -0.98895250
0.00088123 -0.99999961
-0.08560866 -0.99632884
-0.12249227 -0.99246947
-0.10897660 -0.99404431
-0.07196119 -0.99740743
-0.03956792 -0.99921688
-0.01214022 -0.99992630
0.01008678 -0.99994913
0.02696189 -0.99963646
0.03839381 -0.99926269
0.04433083 -0.99901691
0.04474620 -0.99899839
0.03963029 -0.99921441
0.03202313 -0.99948713
0.02496361 -0.99968836
0.01845190 -0.99982975
0.01248780 -0.99992202
0.00707083 -0.99997500
0.00220026 -0.99999758
-0.00212474 -0.99999774
-0.00590510 -0.99998256
-0.00914176 -0.99995821
-0.01183563 -0.99992996
-0.01398754 -0.99990217
-0.01559822 -0.99987834
-0.01666824 -0.99986108
-0.01719803 -0.99985210
-0.01718784 -0.99985228
-0.01663774 -0.99986158
-0.01554762 -0.99987913
-0.01391721 -0.99990315
-0.01174606 -0.99993101
-0.00937135 -0.99995609
-0.00713076 -0.99997458
-0.00502446 -0.99998738
-0.00305259 -0.99999534
-0.00121529 -0.99999926
0.00048733 -0.99999988
0.00205517 -0.99999789
0.00348815 -0.99999392
0.00478618 -0.99998855
0.00594922 -0.99998230
0.00697719 -0.99997566
0.00787007 -0.99996903
0.00862782 -0.99996278
0.00925040 -0.99995721
0.00973780 -0.99995259
0.01009000 -0.99994909
0.01030700 -0.99994688
0.01038880 -0.99994603
0.01033539 -0.99994659
0.01014679 -0.99994852
0.00982300 -0.99995175
0.00936406 -0.99995616
0.00876998 -0.99996154
0.00804080 -0.99996767
0.00717656 -0.99997425
0.00617731 -0.99998092
0.00504309 -0.99998728
0.00377398 -0.99999288
0.00237004 -0.99999719
0.00083137 -0.99999965
-0.00084195 -0.99999965
-0.00264980 -0.99999649
-0.00459206 -0.99998946
-0.00666858 -0.99997776
-0.00887921 -0.99996058
-0.01122378 -0.99993701
-0.01370208 -0.99990612
-0.01370208 -0.99990612
-0.01370208 -0.99990612
-0.01370208 -0.99990612
-0.01370208 -0.99990612
-0.01370208 -0.99990612
-0.01370208 -0.99990612
-0.01370208 -0.99990612
-0.01370208 -0.99990612
-0.01370208 -0.99990612
-0.01370208 -0.99990612
-0.01370208 -0.99990612
-0.01370208 -0.99990612
-0.01370208 -0.99990612
-0.01370208 -0.99990612
-0.01370208 -0.99990612
-0.01370208 -0.99990612
-0.01370208 -0.99990612
-0.01370208 -0.99990612
-0.01370208 -0.99990612
-0.01370208 -0.99990612
-0.01370208 -0.99990612
-0.01370208 -0.99990612
-0.01370208 -0.99990612
-0.01370208 -0.99990612
-0.01370208 -0.99990612
-0.01370208 -0.99990612
-0.01370208 -0.99990612
-0.01370208 -0.99990612
-0.01370208 -0.99990612
-0.01370208 -0.99990612
-0.01370208 -0.99990612
-0.01370208 -0.99990612
-0.01370208 -0.99990612
-0.01370208 -0.99990612
-0.01370208 -0.99990612
-0.01370208 -0.99990612
-0.01370208 -0.99990612
-0.01370208 -0.99990612
-0.01370208 -0.99990612
-0.01370208 -0.99990612
-0.01370208 -0.99990612
-0.01370208 -0.99990612
-0.01370208 -0.99990612
-0.01370208 -0.99990612
-0.01370208 -0.99990612
