0.74841922 0.66322596
0.74304226 0.66924450
0.73792310 0.67488481
0.73306409 0.68015957
0.72846702 0.68508087
0.72413316 0.68966018
0.72006335 0.69390834
0.71625801 0.69783555
0.71271727 0.70145142
0.70944094 0.70476489
0.70642858 0.70778433
0.70367956 0.71051748
0.70119303 0.71297148
0.69896804 0.71515291
0.69700348 0.71706774
0.69529816 0.71872141
0.69385079 0.72011880
0.69266001 0.72126424
0.69172445 0.72216154
0.69104264 0.72281400
0.69061311 0.72322440
0.69043436 0.72339505
0.69050485 0.72332776
0.69082305 0.72302387
0.69138738 0.72248425
0.69219624 0.72170933
0.69324803 0.72069909
0.69454107 0.71945306
0.69607369 0.71797034
0.69784414 0.71624964
0.69985063 0.71428922
0.70209129 0.71208695
0.70456416 0.70964029
0.70726719 0.70694634
0.71019821 0.70400177
0.71335493 0.70080293
0.71673488 0.69734577
0.72033542 0.69362589
0.72415373 0.68963858
0.72818674 0.68537878
0.73243115 0.68084110
0.73688337 0.67601990
0.74153950 0.67090921
0.74639531 0.66550285
0.75144620 0.65979436
0.75667926 0.65378628
0.76208170 0.64748088
0.76764857 0.64087103
0.77337447 0.63394947
0.77925354 0.62670880
0.78527942 0.61914153
0.79144520 0.61124013
0.79774342 0.60299704
0.80416601 0.59440476
0.81070428 0.58545587
0.81734885 0.57614309
0.82408968 0.56645936
0.83091599 0.55639790
0.83781628 0.54595226
0.84477830 0.53511645
0.85178903 0.52388495
0.85883468 0.51225287
0.86590068 0.50021596
0.87297174 0.48777078
0.88003180 0.47491477
0.88706409 0.46164629
0.89405118 0.44796483
0.90093521 0.43395363
0.90766819 0.41968853
0.91424639 0.40515867
0.92066521 0.39035314
0.92691914 0.37526111
0.93300177 0.35987177
0.93890571 0.34417447
0.94462260 0.32815872
0.95014307 0.31181427
0.95545673 0.29513120
0.96055213 0.27809998
0.96541675 0.26071153
0.97003696 0.24295741
0.97439805 0.22482981
0.97848420 0.20632175
0.98227850 0.18742716
0.98576295 0.16814105
0.98891847 0.14845961
0.99172500 0.12838039
0.99416149 0.10790244
0.99620600 0.08702649
0.99781096 0.06613091
0.99895935 0.04560942
0.99967521 0.02548497
0.99998331 0.00577766
0.99990894 -0.01349524
0.99947760 -0.03231912
0.99871484 -0.05068199
0.99764601 -0.06857430
0.99629610 -0.08598879
0.99468960 -0.10292035
0.99285034 -0.11936583
0.99080142 -0.13532388
0.98856509 -0.15079476
0.98616273 -0.16578021
0.98361474 -0.18028322
0.98094058 -0.19430793
0.97815870 -0.20785946
0.97528655 -0.22094376
0.97234060 -0.23356746
0.96933634 -0.24573779
0.96628831 -0.25746242
0.96321013 -0.26874940
0.96011453 -0.27960702
0.95701339 -0.29004374
0.95391778 -0.30006812
0.95083799 -0.30968875
0.94778360 -0.31891418
0.94476350 -0.32775285
0.94178595 -0.33621307
0.93885860 -0.34430296
0.93598857 -0.35203040
0.93318243 -0.35940304
0.93044633 -0.36642820
0.92778594 -0.37311292
0.92520656 -0.37946387
0.92271311 -0.38548738
0.92031020 -0.39118939
0.91800213 -0.39657545
0.91579295 -0.40165070
0.91368644 -0.40641984
0.91168621 -0.41088716
0.90979565 -0.41505647
0.90801800 -0.41893115
0.90635636 -0.42251408
0.90475205 -0.42593863
0.90314471 -0.42933626
0.90153481 -0.43270658
0.89992283 -0.43604920
0.89830923 -0.43936378
0.89669451 -0.44264993
0.89507914 -0.44590732
0.89346361 -0.44913560
0.89184840 -0.45233442
0.89023401 -0.45550347
0.88862092 -0.45864241
0.88700962 -0.46175093
0.88540061 -0.46482874
0.88379438 -0.46787551
0.88219141 -0.47089098
0.88059220 -0.47387485
0.87899725 -0.47682684
0.87740704 -0.47974669
0.87582206 -0.48263414
0.87424281 -0.48548894
0.87266977 -0.48831083
0.87110344 -0.49109958
0.86954429 -0.49385496
0.86799282 -0.49657675
0.86644950 -0.49926473
0.86491481 -0.50191869
0.86338924 -0.50453842
0.86187326 -0.50712374
0.86036734 -0.50967445
0.85887195 -0.51219037
0.85738755 -0.51467133
0.85591462 -0.51711716
0.85445361 -0.51952770
0.85300498 -0.52190278
0.85156917 -0.52424226
0.85014664 -0.52654600
0.84873783 -0.52881386
0.84734318 -0.53104570
0.84596313 -0.53324139
0.84459810 -0.53540082
0.84324853 -0.53752388
0.84191483 -0.53961044
0.84059741 -0.54166040
0.83929238 -0.54368032
0.83799576 -0.54567675
0.83670782 -0.54764955
0.83542885 -0.54959861
0.83415915 -0.55152380
0.83289900 -0.55342502
0.83164867 -0.55530216
0.83040845 -0.55715510
0.82917861 -0.55898375
0.82795942 -0.56078801
0.82675117 -0.56256778
0.82555411 -0.56432297
0.82436851 -0.56605349
0.82319464 -0.56775926
0.82203276 -0.56944020
0.82088313 -0.57109622
0.81974599 -0.57272725
0.81862161 -0.57433323
0.81751023 -0.57591408
0.81641210 -0.57746973
0.81532745 -0.57900013
0.81425653 -0.58050522
0.81319957 -0.58198493
0.81215680 -0.58343923
0.81112846 -0.58486804
0.81011476 -0.58627134
0.80911593 -0.58764906
0.80813218 -0.58900118
0.80716372 -0.59032764
0.80621078 -0.59162842
0.80527354 -0.59290347
0.80435222 -0.59415276
0.80344701 -0.59537627
0.80255810 -0.59657397
0.80168568 -0.59774582
0.80082994 -0.59889181
0.79999106 -0.60001191
0.79916922 -0.60110611
0.79836458 -0.60217439
0.79757733 -0.60321672
0.79680761 -0.60423310
0.79605559 -0.60522351
0.79532143 -0.60618795
0.79460527 -0.60712640
0.79390727 -0.60803886
0.79322756 -0.60892532
0.79256628 -0.60978577
0.79192357 -0.61062023
0.79129955 -0.61142867
0.79069435 -0.61221111
0.79010809 -0.61296754
0.78954088 -0.61369797
0.78899284 -0.61440240
0.78846406 -0.61508083
0.78795465 -0.61573327
0.78746471 -0.61635974
0.78699433 -0.61696023
0.78654360 -0.61753475
0.78611259 -0.61808332
0.78570139 -0.61860595
0.78531008 -0.61910264
0.78493871 -0.61957342
0.78458736 -0.62001829
0.78425608 -0.62043727
0.78394493 -0.62083037
0.78365396 -0.62119761
0.78338322 -0.62153901
0.78313274 -0.62185458
0.78290256 -0.62214434
0.78269273 -0.62240830
0.78250325 -0.62264650
0.78233416 -0.62285895
0.78218547 -0.62304566
0.78205720 -0.62320666
0.78194936 -0.62334196
0.78186194 -0.62345160
0.78179496 -0.62353560
0.78174840 -0.62359397
0.78172226 -0.62362674
0.78171652 -0.62363393
0.78173117 -0.62361557
0.78176618 -0.62357168
0.78182153 -0.62350229
0.78189717 -0.62340742
0.78199309 -0.62328710
0.78210923 -0.62314136
0.78224555 -0.62297022
0.78240201 -0.62277371
0.78257854 -0.62255187
0.78277510 -0.62230471
0.78299161 -0.62203227
0.78322801 -0.62173457
0.78348424 -0.62141166
0.78376021 -0.62106355
0.78405585 -0.62069029
0.78437106 -0.62029189
0.78470578 -0.61986841
0.78505989 -0.61941987
0.78543331 -0.61894629
0.78582594 -0.61844773
0.78623766 -0.61792422
0.78666838 -0.61737578
0.78711798 -0.61680247
0.78758634 -0.61620431
0.78807335 -0.61558135
0.78857887 -0.61493362
0.78910279 -0.61426118
0.78964496 -0.61356405
0.79020525 -0.61284228
0.79078353 -0.61209592
0.79137964 -0.61132500
0.79199345 -0.61052959
0.79262480 -0.60970971
0.79327353 -0.60886543
0.79393949 -0.60799679
0.79462251 -0.60710383
0.79532244 -0.60618662
0.79603909 -0.60524521
0.79677231 -0.60427965
0.79752191 -0.60328999
0.79828771 -0.60227629
0.79906953 -0.60123862
0.79986720 -0.60017703
0.80068051 -0.59909159
0.80150927 -0.59798235
0.80235330 -0.59684938
0.80321239 -0.59569276
0.80408634 -0.59451254
0.80497495 -0.59330880
0.80587801 -0.59208161
0.80679531 -0.59083104
0.80772665 -0.58955718
0.80867179 -0.58826009
0.80963054 -0.58693986
0.81060266 -0.58559656
0.81158793 -0.58423029
0.81258613 -0.58284113
0.81359703 -0.58142916
0.81462041 -0.57999448
0.81565602 -0.57853717
0.81670363 -0.57705734
0.81776302 -0.57555508
0.81883393 -0.57403048
0.81991614 -0.57248365
0.82100939 -0.57091470
0.82211344 -0.56932372
0.82322805 -0.56771083
0.82435296 -0.56607614
0.82548794 -0.56441976
0.82663273 -0.56274180
0.82778707 -0.56104239
0.82895072 -0.55932165
0.83012342 -0.55757969
0.83130491 -0.55581666
0.83249493 -0.55403266
0.83369324 -0.55222784
0.83489956 -0.55040233
0.83611364 -0.54855627
0.83733522 -0.54668979
0.83856404 -0.54480304
0.83979984 -0.54289616
0.84104234 -0.54096929
0.84229130 -0.53902260
0.84354645 -0.53705623
0.84480751 -0.53507034
0.84607424 -0.53306508
0.84734637 -0.53104061
0.84862363 -0.52899711
0.84990576 -0.52693473
0.85119249 -0.52485364
0.85248357 -0.52275402
0.85377872 -0.52063604
0.85507770 -0.51849988
0.85638306 -0.51634102
0.85769730 -0.51415498
0.85902000 -0.51194203
0.86035077 -0.50970242
0.86168920 -0.50743642
0.86303489 -0.50514431
0.86438744 -0.50282636
0.86574645 -0.50048286
0.86711151 -0.49811408
0.86848222 -0.49572032
0.86985818 -0.49330188
0.87123900 -0.49085905
0.87262426 -0.48839215
0.87401359 -0.48590148
0.87540657 -0.48338736
0.87680282 -0.48085010
0.87820194 -0.47829003
0.87960354 -0.47570748
0.88100724 -0.47310279
0.88241265 -0.47047627
0.88381938 -0.46782829
0.88522706 -0.46515917
0.88663531 -0.46246927
0.88804375 -0.45975895
0.88945202 -0.45702856
0.89085975 -0.45427845
0.89226657 -0.45150899
0.89367212 -0.44872055
0.89507606 -0.44591350
0.89647802 -0.44308821
0.89787766 -0.44024506
0.89927464 -0.43738441
0.90066861 -0.43450667
0.90205926 -0.43161221
0.90344624 -0.42870141
0.90482923 -0.42577467
0.90620791 -0.42283238
0.90758198 -0.41987492
0.90895112 -0.41690270
0.91031503 -0.41391612
0.91167341 -0.41091556
0.91302597 -0.40790144
0.91437242 -0.40487414
0.91571249 -0.40183408
0.91704590 -0.39878166
0.91837238 -0.39571728
0.91969168 -0.39264134
0.92100352 -0.38955425
0.92230767 -0.38645641
0.92360388 -0.38334824
0.92489191 -0.38023013
0.92617154 -0.37710249
0.92744252 -0.37396573
0.92870466 -0.37082024
0.92995773 -0.36766644
0.93120154 -0.36450473
0.93243587 -0.36133550
0.93366055 -0.35815916
0.93487537 -0.35497611
0.93608017 -0.35178675
0.93727477 -0.34859147
0.93845900 -0.34539066
0.93963270 -0.34218473
0.94079572 -0.33897405
0.94194792 -0.33575903
0.94308914 -0.33254003
0.94421926 -0.32931746
0.94533815 -0.32609169
0.94644568 -0.32286309
0.94754174 -0.31963205
0.94862623 -0.31639893
0.94969903 -0.31316411
0.95076005 -0.30992795
0.95180920 -0.30669081
0.95284639 -0.30345306
0.95387155 -0.30021504
0.95488459 -0.29697712
0.95588547 -0.29373964
0.95687410 -0.29050294
0.95785044 -0.28726737
0.95881443 -0.28403326
0.95976603 -0.28080095
0.96070520 -0.27757075
0.96163190 -0.27434300
0.96254611 -0.27111802
0.96344780 -0.26789612
0.96433695 -0.26467761
0.96493814 -0.26247742
0.96498810 -0.26229368
0.96448937 -0.26412168
0.96342351 -0.26798348
0.96175013 -0.27392824
0.95940469 -0.28203303
0.95629490 -0.29240393
0.95229551 -0.30517742
0.94724115 -0.32052177
0.94091672 -0.33863804
0.93304490 -0.35975995
0.92327001 -0.38415166
0.91113797 -0.41210144
0.89607204 -0.44390866
0.87734522 -0.47985973
0.85405227 -0.52018720
0.82508784 -0.56500448
0.78914402 -0.61420820
0.74474964 -0.66734397
0.69038398 -0.72344313
0.62470138 -0.78086375
0.54688472 -0.83720792
0.46389178 -0.88589188
0.38478280 -0.92300715
0.31182486 -0.95013960
0.24635721 -0.96917910
0.18898396 -0.98198017
0.13982297 -0.99017652
0.09873382 -0.99511388
0.06549785 -0.99785271
0.03995323 -0.99920155
0.02210158 -0.99975573
0.01220744 -0.99992549
0.01647137 -0.99986434
0.04284607 -0.99908169
0.09570614 -0.99540963
0.18087187 -0.98350667
0.30375244 -0.95275099
0.45685223 -0.88954260
0.62165053 -0.78329472
0.77515109 -0.63177590
0.89267567 -0.45069961
0.96362639 -0.26725302
0.99379226 -0.11125174
0.99996461 0.00841274
0.99496419 0.10023106
0.98511021 0.17192404
0.97337299 0.22922701
0.96110952 0.27616749
0.94890859 0.31555107
0.93699087 0.34935386
0.92539883 0.37899472
0.91408784 0.40551623
0.90296974 0.42970413
0.89193328 0.45216703
0.88085266 0.47339053
0.86958981 0.49377482
0.85799291 0.51366153
0.84589243 0.53335354
0.83309485 0.55313016
0.81937409 0.57325920
0.80445987 0.59400701
0.78802210 0.61564696
0.76964966 0.63846645
0.74882134 0.66277191
0.72572012 0.68799004
0.70091989 0.71324000
0.67439487 0.73837088
0.64614149 0.76321765
0.61618181 0.78760395
0.58456650 0.81134580
0.55137684 0.83425630
0.51672569 0.85615102
0.48075703 0.87685385
0.44364403 0.89620309
0.40558555 0.91405709
0.36680122 0.93029934
0.32752544 0.94484236
0.28800052 0.95763025
0.24846962 0.96863969
0.20916981 0.97787933
0.17032576 0.98538781
0.13214446 0.99123047
0.09481107 0.99549528
0.05848624 0.99828821
0.02330462 0.99972841
-0.01082385 0.99994142
-0.04402423 0.99903046
-0.07624559 0.99708907
-0.10745143 0.99421034
-0.13761838 0.99048533
-0.16673487 0.98600177
-0.19479959 0.98084307
-0.22182013 0.97508760
-0.24781153 0.96880826
-0.27279499 0.96207219
-0.29679669 0.95494069
-0.31984669 0.94746931
-0.34197797 0.93970797
-0.36322567 0.93170119
-0.38362629 0.92348842
-0.40321718 0.91510432
-0.42203599 0.90657908
-0.44012031 0.89793881
-0.45750732 0.88920586
-0.47423353 0.88039909
-0.49033462 0.87153425
-0.50584528 0.86262422
-0.52079909 0.85367928
-0.53522847 0.84470733
-0.54916466 0.83571417
-0.56263767 0.82670360
-0.57567632 0.81767767
-0.58830822 0.80863677
-0.60055986 0.79957980
-0.61245659 0.79050422
-0.62402269 0.78140622
-0.63528144 0.77228071
-0.64625514 0.76312141
-0.65696521 0.75392089
-0.66743220 0.74467057
-0.67767587 0.73536074
-0.68771525 0.72598053
-0.69756868 0.71651792
-0.70725389 0.70695965
-0.71678799 0.69729117
-0.72618759 0.68749661
-0.73546878 0.67755861
-0.74464721 0.66745826
-0.75373810 0.65717493
-0.76262065 0.64684599
-0.77116045 0.63664085
-0.77935281 0.62658535
-0.78719429 0.61670508
-0.79468255 0.60702524
-0.80181637 0.59757050
-0.80859550 0.58836496
-0.81502058 0.57943201
-0.82109308 0.57079432
-0.82681517 0.56247371
-0.83218962 0.55449115
-0.83721969 0.54686671
-0.84190900 0.53961952
-0.84626147 0.53276779
-0.85028117 0.52632873
-0.85397222 0.52031861
-0.85733868 0.51475274
-0.86038449 0.50964549
-0.86311334 0.50501026
-0.86552857 0.50085956
-0.86763312 0.49720496
-0.86942944 0.49405713
-0.87091940 0.49142589
-0.87210424 0.48932013
-0.87298453 0.48774790
-0.87356006 0.48671637
-0.87382986 0.48623182
-0.87379211 0.48629965
-0.87344415 0.48692435
-0.87278242 0.48810947
-0.87180248 0.48985757
-0.87049898 0.49217023
-0.86886567 0.49504792
-0.86689544 0.49849001
-0.86458032 0.50249465
-0.86191151 0.50705873
-0.85887947 0.51217776
-0.85547397 0.51784582
-0.85168415 0.52405544
-0.84749869 0.53079749
-0.84290581 0.53806114
-0.83789353 0.54583370
-0.83244974 0.55410055
-0.82670431 0.56263664
-0.82079285 0.57122596
-0.81471197 0.57986585
-0.80845828 0.58855349
-0.80202847 0.59728580
-0.79541929 0.60605953
-0.78862755 0.61487119
-0.78165019 0.62371707
-0.77448420 0.63259325
-0.76712674 0.64149556
-0.75957508 0.65041963
-0.75182664 0.65936083
-0.74387900 0.66831433
-0.73572992 0.67727504
-0.72737738 0.68623767
-0.71881955 0.69519670
-0.71005483 0.70414639
-0.70108189 0.71308077
-0.69189964 0.72199369
-0.68250729 0.73087879
-0.67290434 0.73972951
-0.66309061 0.74853914
-0.65306625 0.75730078
-0.64283176 0.76600739
-0.63238799 0.77465181
-0.62173618 0.78322674
-0.61087794 0.79172479
-0.59981529 0.80013850
-0.58855064 0.80846035
-0.57708685 0.81668279
-0.56542715 0.82479824
-0.55357525 0.83279916
-0.54153524 0.84067805
-0.52931167 0.84842746
-0.51690950 0.85604005
-0.50433412 0.86350859
-0.49159133 0.87082603
-0.47868732 0.87798545
-0.46562871 0.88498017
-0.45242247 0.89180374
-0.43907594 0.89844995
-0.42559681 0.90491290
-0.41199311 0.91118696
-0.39837800 0.91722133
-0.38485140 0.92297855
-0.37140145 0.92847238
-0.35801611 0.93371541
-0.34468314 0.93871909
-0.33139014 0.94349381
-0.31812455 0.94804893
-0.30487365 0.95239281
-0.29162456 0.95653286
-0.27836425 0.96047558
-0.26507951 0.96422656
-0.25175697 0.96779049
-0.23838306 0.97117121
-0.22494401 0.97437169
-0.21142586 0.97739404
-0.19781439 0.98023950
-0.18409516 0.98290842
-0.17025348 0.98540030
-0.15627438 0.98771368
-0.14214260 0.98984619
-0.12784261 0.99179447
-0.11335854 0.99355415
-0.09867426 0.99511979
-0.08377327 0.99648484
-0.06863881 0.99764158
-0.05325378 0.99858101
-0.03760080 0.99929284
-0.02166224 0.99976535
-0.00542019 0.99998531
0.01114342 0.99993791
0.02804682 0.99960661
0.04530829 0.99897305
0.06294612 0.99801693
0.08097843 0.99671585
0.09942310 0.99504525
0.11829758 0.99297819
0.13761866 0.99048529
0.15740233 0.98753456
0.17766339 0.98409132
0.19841524 0.98011805
0.21966946 0.97557436
0.24143541 0.97041689
0.26371976 0.96459934
0.26371976 0.96459934
0.26371976 0.96459934
0.26371976 0.96459934
0.26371976 0.96459934
0.26371976 0.96459934
0.26371976 0.96459934
0.26371976 0.96459934
0.26371976 0.96459934
0.26371976 0.96459934
0.26371976 0.96459934
0.26371976 0.96459934
0.26371976 0.96459934
0.26371976 0.96459934
0.26371976 0.96459934
0.26371976 0.96459934
0.26371976 0.96459934
0.26371976 0.96459934
0.26371976 0.96459934
0.26371976 0.96459934
0.26371976 0.96459934
0.26371976 0.96459934
0.26371976 0.96459934
0.26371976 0.96459934
0.26371976 0.96459934
0.26371976 0.96459934
0.26371976 0.96459934
0.26371976 0.96459934
0.26371976 0.96459934
0.26371976 0.96459934
0.26371976 0.96459934
0.26371976 0.96459934
0.26371976 0.96459934
0.26371976 0.96459934
0.26371976 0.96459934
0.26371976 0.96459934
0.26371976 0.96459934
0.26371976 0.96459934
0.26371976 0.96459934
0.26371976 0.96459934
0.26371976 0.96459934
0.26371976 0.96459934
0.26371976 0.96459934
0.26371976 0.96459934
0.26371976 0.96459934
0.26371976 0.96459934
